,que,ent,con,est,los,ado,aba,ndo,era,por,las,par,sta,res,and,des,tra,ero,per,ant,com,men,una,ara,ada,end,ido,pre,dos,ida,lla,hab,rec,ier,esp,aci,cia,dad,enc,ten,ció,bre,ran,tan,uer,ell,ste,qui,"os,",sus,uel,nos,tod,man,ron,ont,bía,ora,más,eci,ros,omo,ras,tro,tar,pro,ese,mos,cua,esa,pue,str,cio,cer,ist,ter,ene,aqu,lle,les,tes,tos,nes,ven,ver,cas,car,rad,ban,one,ita,"es,",sin,cho,sto,ici,tab,ser,cha,esc,odo,ría,cie,tre,"as,",ame,llo,emp,osa,ura,ble,hac,all,tad,das,cor,mis,ust,sen,ces,ace,ina,gra,ren,ari,omb,der,spe,rar,asa,ere,tie,bra,bie,fue,ano,ond,ner,nad,sti,lan,rio,cab,uie,"do,",ece,ast,ech,ama,obr,amo,ami,lar,pas,int,mar,día,ale,abl,tas,sal,eri,otr,are,mie,egu,eso,art,qué,eño,err,dor,ill,rab,os.,ena,oso,gun,anc,arr,sol,abe,cos,edi,ala,señ,aro,uch,emo,dec,erd,cía,dic,noc,alg,mor,ali,ino,ira,sab,ens,nas,ona,sos,pen,"te,",ome,ana,tor,leg,dij,"to,",erm,abr,pri,can,lab,has,rim,rra,reg,die,ria,gar,unt,dar,lic,tal,cue,raz,pos,min,ima,sar,ade,mer,eno,eda,ata,imp,rac,son,esi,ore,sob,vid,eja,onc,ñor,adr,ted,inc,dis,den,tam,gen,len,cid,ico,oda,lam,vie,rep,cen,ono,ism,cad,iem,seg,ons,"ra,",cam,hor,pon,nía,uno,cre,bla,lad,ort,ori,rre,lor,sie,dio,cal,ela,eva,sas,mad,olo,orq,mas,ost,es.,rid,ber,lev,jos,hom
nh0001,1.0,0.3459086078639745,0.39744952178533477,0.30765143464399575,0.3873538788522848,0.29596174282678,0.3283740701381509,0.29968119022316686,0.22051009564293306,0.32624867162592985,0.2412327311370882,0.2252922422954304,0.22741764080765142,0.16950053134962806,0.23538788522848034,0.1716259298618491,0.20882040382571732,0.24335812964930925,0.1758767268862912,0.20722635494155153,0.15727948990435706,0.12221041445270989,0.1339001062699256,0.191817215727949,0.14452709883103082,0.14452709883103082,0.1461211477151966,0.10892667375132838,0.16153028692879914,0.1030818278427205,0.16312433581296493,0.14558979808714134,0.14452709883103082,0.1716259298618491,0.11636556854410202,0.10626992561105207,0.08076514346439957,0.09192348565356004,0.089798087141339,0.10201912858660998,0.09032943676939426,0.1434643995749203,0.09298618490967056,0.13336875664187034,0.13761955366631243,0.07545164718384698,0.12167906482465463,0.1206163655685441,0.153028692879915,0.08235919234856535,0.09139213602550478,0.0844845908607864,0.09989373007438895,0.11317747077577045,0.1339001062699256,0.14558979808714134,0.11370882040382571,0.07917109458023379,0.11902231668437832,0.10626992561105207,0.14399574920297556,0.08767268862911796,0.08820403825717323,0.12805526036131776,0.10095642933049948,0.06801275239107332,0.08660998937300744,0.10361317747077577,0.1206163655685441,0.06323060573857599,0.13283740701381508,0.07385759829968119,0.06535600425079703,0.07173219978746015,0.06748140276301806,0.08873538788522849,0.056854410201912856,0.0696068012752391,0.07970244420828905,0.07598299681190224,0.07810839532412327,0.07332624867162593,0.06854410201912858,0.057385759829968117,0.10201912858660998,0.11477151965993623,0.08235919234856535,0.07598299681190224,0.08767268862911796,0.06535600425079703,0.06748140276301806,0.0844845908607864,0.09139213602550478,0.09351753453772582,0.08554729011689692,0.0536663124335813,0.10680127523910733,0.04569606801275239,0.11689691817215728,0.06535600425079703,0.0844845908607864,0.07173219978746015,0.06057385759829968,0.08767268862911796,0.09564293304994687,0.040382571732199786,0.15834218916046758,0.06429330499468651,0.048884165781083955,0.06269925611052073,0.04091392136025505,0.07810839532412327,0.21200850159404888,0.08023379383634431,0.08129649309245483,0.06269925611052073,0.0536663124335813,0.0669500531349628,0.052072263549415514,0.05100956429330499,0.0536663124335813,0.061636556854410204,0.06004250797024442,0.04994686503719448,0.04303931987247609,0.10626992561105207,0.06854410201912858,0.056854410201912856,0.05579171094580234,0.08607863974495218,0.07120085015940489,0.07438894792773645,0.0696068012752391,0.07332624867162593,0.06854410201912858,0.05791710945802338,0.052603613177470775,0.04303931987247609,0.06482465462274177,0.040382571732199786,0.08342189160467588,0.061636556854410204,0.10786397449521785,0.07173219978746015,0.0765143464399575,0.052072263549415514,0.06376195536663125,0.07810839532412327,0.07863974495217853,0.039319872476089264,0.07704569606801276,0.07120085015940489,0.062167906482465465,0.07704569606801276,0.0563230605738576,0.040382571732199786,0.05419766206163656,0.05579171094580234,0.04622741764080765,0.04303931987247609,0.06323060573857599,0.04250797024442083,0.08767268862911796,0.06641870350690754,0.04357066950053135,0.0563230605738576,0.05154091392136025,0.052603613177470775,0.06641870350690754,0.03400637619553666,0.08554729011689692,0.048352816153028694,0.052603613177470775,0.038788522848034,0.03772582359192349,0.04410201912858661,0.044633368756641874,0.04729011689691817,0.04569606801275239,0.053134962805526036,0.04569606801275239,0.08554729011689692,0.06588735387885228,0.048884165781083955,0.05844845908607864,0.028692879914984058,0.06801275239107332,0.07226354941551541,0.05472901168969182,0.04569606801275239,0.05951115834218916,0.05100956429330499,0.05100956429330499,0.04569606801275239,0.03453772582359192,0.0536663124335813,0.03772582359192349,0.05472901168969182,0.03506907545164718,0.05791710945802338,0.026036131774707757,0.035600425079702444,0.03400637619553666,0.039851222104144525,0.03400637619553666,0.07013815090329437,0.0334750265674814,0.04516471838469713,0.03719447396386823,0.03134962805526036,0.038788522848034,0.05100956429330499,0.020191285866099893,0.0334750265674814,0.05951115834218916,0.052072263549415514,0.04303931987247609,0.052072263549415514,0.05100956429330499,0.04516471838469713,0.035600425079702444,0.0563230605738576,0.021253985122210415,0.03134962805526036,0.052072263549415514,0.039851222104144525,0.035600425079702444,0.04410201912858661,0.049415515409139216,0.04303931987247609,0.02922422954303932,0.04569606801275239,0.05579171094580234,0.02975557917109458,0.04410201912858661,0.05419766206163656,0.052603613177470775,0.038788522848034,0.06801275239107332,0.02922422954303932,0.03719447396386823,0.03825717321997875,0.02763018065887354,0.04197662061636557,0.03294367693942614,0.024442082890541977,0.036663124335812966,0.03400637619553666,0.018597236981934114,0.04303931987247609,0.05100956429330499,0.04197662061636557,0.03772582359192349,0.021253985122210415,0.03825717321997875,0.024442082890541977,0.02975557917109458,0.036663124335812966,0.03134962805526036,0.035600425079702444,0.03453772582359192,0.040382571732199786,0.04675876726886291,0.022848034006376194,0.036663124335812966,0.036663124335812966,0.039319872476089264,0.03400637619553666,0.05844845908607864,0.019659936238044632,0.05791710945802338,0.05579171094580234,0.04250797024442083,0.04197662061636557,0.04569606801275239,0.04144527098831031,0.02497343251859724,0.04782146652497343,0.04410201912858661,0.03294367693942614,0.025504782146652496,0.02975557917109458,0.020722635494155154,0.036663124335812966,0.02763018065887354,0.023910733262486716,0.040382571732199786,0.032412327311370885,0.039851222104144525,0.025504782146652496,0.03028692879914984,0.06641870350690754,0.031880977683315624,0.04250797024442083,0.021785334750265676,0.01753453772582359,0.038788522848034,0.03400637619553666,0.03453772582359192,0.07013815090329437
nh0002,1.0,0.6580839712363721,0.5226165622825331,0.4075620505683136,0.36256089074460685,0.33611691022964507,0.3180236604036186,0.3446996056599397,0.3674321503131524,0.3166318719554628,0.2544653212711668,0.31013685919740197,0.2927395035954535,0.2741823242867084,0.2725585710971932,0.24333101368591975,0.247970308513106,0.25608907446068196,0.27696590118302017,0.25864068661563444,0.3187195546276966,0.306425423335653,0.24333101368591975,0.2690790999768035,0.18951519369055903,0.18209232196706102,0.16562282533054976,0.225005799118534,0.16005567153792624,0.20784040825794478,0.13546740895383902,0.15332869403850616,0.1684064022268615,0.2166550684295987,0.14126652748782184,0.2043609371375551,0.24054743678960797,0.1890512642078404,0.15356065877986547,0.15611227093481791,0.1941544885177453,0.11853398283460914,0.17698909765715612,0.16747854326142425,0.12038970076548365,0.10438413361169102,0.10902342843887729,0.18255625144977963,0.16956622593365808,0.08605891904430527,0.10786360473208072,0.13825098585015078,0.16887033170958016,0.09301786128508467,0.0675017397355602,0.1127348643006263,0.11807005335189051,0.10392020412897239,0.18209232196706102,0.13778705636743216,0.12433310136859198,0.1888192994664811,0.13129204360937138,0.11134307585247043,0.15866388308977036,0.19253073532823012,0.09232196706100673,0.11296682904198561,0.13129204360937138,0.08281141266527488,0.12433310136859198,0.10902342843887729,0.14683368128044538,0.10299234516353514,0.1057759220598469,0.13778705636743216,0.10415216887033171,0.08373927163071213,0.10276038042217583,0.12201345395499884,0.10345627464625377,0.12062166550684296,0.13569937369519833,0.0902342843887729,0.12549292507538853,0.12201345395499884,0.09510554395731849,0.08745070749246114,0.08698677800974251,0.12804453723034098,0.11459058223150081,0.1542565530039434,0.14312224541869636,0.12966829041985617,0.11482254697286012,0.14520992809093017,0.1020644861980979,0.1247970308513106,0.10716771050800278,0.100672697749942,0.12317327766179541,0.12897239619577824,0.10554395731848759,0.08095569473440037,0.12224541869635816,0.12897239619577824,0.08211551844119694,0.11018325214567386,0.10113662723266063,0.08559498956158663,0.11227093481790767,0.12897239619577824,0.07840408257944792,0.10299234516353514,0.081419624217119,0.06680584551148225,0.14613778705636743,0.07538854094177685,0.07353282301090235,0.10392020412897239,0.09603340292275574,0.08768267223382047,0.10508002783576896,0.10902342843887729,0.10554395731848759,0.07190906982138714,0.09000231964741359,0.08165158895847831,0.08420320111343076,0.07886801206216655,0.09603340292275574,0.0779401530967293,0.06495012758060775,0.10971932266295523,0.07399675249362098,0.06147065646021805,0.061934585942936674,0.07747622361401067,0.1020644861980979,0.081419624217119,0.05590350266759453,0.10299234516353514,0.06031083275342148,0.09232196706100673,0.08907446068197634,0.08466713059614939,0.09046624913013222,0.07190906982138714,0.05288796102992345,0.05149617258176757,0.07144514033866853,0.07260496404546508,0.09093017861285084,0.06495012758060775,0.09603340292275574,0.05636743215031315,0.06100672697749942,0.06958942240779402,0.100672697749942,0.07770818835536998,0.05265599628856414,0.06471816283924843,0.08629088378566457,0.06889352818371608,0.06866156344235676,0.07353282301090235,0.0712131755973092,0.08420320111343076,0.06379030387381118,0.028531663187195546,0.054511714219438644,0.07678032938993273,0.05822315008118766,0.06425423335652981,0.05775922059846903,0.07074924611459059,0.05683136163303178,0.0709812108559499,0.06610995128740431,0.05358385525400139,0.04476919508234748,0.04732080723729993,0.09255393180236604,0.06982138714915333,0.047088842495940614,0.02134075620505683,0.03549060542797495,0.09139410809556947,0.050336348874971,0.07306889352818371,0.054279749478079335,0.07538854094177685,0.06819763395963814,0.040593829737879845,0.07051728137323127,0.04360937137555092,0.06263048016701461,0.06726977499420088,0.04221758292739504,0.05775922059846903,0.07399675249362098,0.05613546740895384,0.07028531663187196,0.060542797494780795,0.05706332637439109,0.08373927163071213,0.0883785664578984,0.04871259568545581,0.06889352818371608,0.0623985154256553,0.04360937137555092,0.07956390628624449,0.038274182324286705,0.04291347715147298,0.05961493852934354,0.06263048016701461,0.04291347715147298,0.06796566921827882,0.05056831361633032,0.03734632335884946,0.04871259568545581,0.06147065646021805,0.05915100904662491,0.046856877754581305,0.05915100904662491,0.06425423335652981,0.06657388077012294,0.05799118533982835,0.06402226861517049,0.023660403618649965,0.06471816283924843,0.06100672697749942,0.04268151241011366,0.060078868012062164,0.061238691718858734,0.054279749478079335,0.07863604732080724,0.055671537926235214,0.05288796102992345,0.06286244490837392,0.05404778473672002,0.058687079563906286,0.051960102064486195,0.06031083275342148,0.03665042913477151,0.065877986546045,0.057527255857109716,0.04987241939225238,0.012990025516121549,0.04291347715147298,0.04871259568545581,0.09301786128508467,0.059382973787984225,0.059382973787984225,0.06912549292507539,0.052424031547204826,0.04894456042681512,0.04360937137555092,0.06866156344235676,0.06866156344235676,0.046160983530503366,0.06147065646021805,0.04476919508234748,0.04987241939225238,0.03711435861749014,0.06819763395963814,0.034562746462537694,0.07028531663187196,0.04778473672001856,0.059382973787984225,0.06100672697749942,0.05613546740895384,0.040825794479239154,0.04105775922059847,0.051264207840408256,0.053119925771282765,0.06332637439109255,0.04221758292739504,0.03966597077244259,0.06564602180468569,0.04384133611691023,0.046392948271862675,0.027835768963117607,0.05729529111575041,0.03688239387613083,0.04662491301322199,0.04314544189283229,0.03595453491069357,0.053119925771282765,0.03224309904894456,0.025052192066805846,0.061238691718858734,0.045001159823706796,0.049408489909533754,0.04778473672001856,0.04036186499652053,0.0433774066341916,0.03015541637671074,0.03618649965205289,0.046160983530503366
nh0003,1.0,0.5580357142857143,0.5290178571428571,0.34933035714285715,0.31138392857142855,0.32142857142857145,0.32700892857142855,0.32254464285714285,0.29129464285714285,0.23660714285714285,0.22991071428571427,0.25558035714285715,0.25892857142857145,0.19977678571428573,0.2689732142857143,0.24107142857142858,0.20200892857142858,0.2544642857142857,0.23995535714285715,0.19977678571428573,0.20758928571428573,0.20200892857142858,0.24665178571428573,0.19754464285714285,0.17299107142857142,0.14620535714285715,0.15290178571428573,0.15625,0.12723214285714285,0.1328125,0.21540178571428573,0.18415178571428573,0.16183035714285715,0.13727678571428573,0.15625,0.13727678571428573,0.10825892857142858,0.15848214285714285,0.12834821428571427,0.1328125,0.1171875,0.08370535714285714,0.13616071428571427,0.10491071428571429,0.08705357142857142,0.17410714285714285,0.14174107142857142,0.1171875,0.12165178571428571,0.10379464285714286,0.12388392857142858,0.11830357142857142,0.11607142857142858,0.10044642857142858,0.16964285714285715,0.13392857142857142,0.16071428571428573,0.11495535714285714,0.10602678571428571,0.12276785714285714,0.12611607142857142,0.11272321428571429,0.08370535714285714,0.07589285714285714,0.11160714285714286,0.09151785714285714,0.09375,0.09040178571428571,0.09821428571428571,0.08147321428571429,0.12611607142857142,0.06584821428571429,0.06696428571428571,0.08928571428571429,0.11830357142857142,0.11830357142857142,0.08705357142857142,0.10825892857142858,0.08147321428571429,0.08147321428571429,0.08147321428571429,0.07142857142857142,0.06919642857142858,0.10825892857142858,0.10267857142857142,0.109375,0.10714285714285714,0.08258928571428571,0.07477678571428571,0.13839285714285715,0.11830357142857142,0.078125,0.06473214285714286,0.07589285714285714,0.11383928571428571,0.06138392857142857,0.09709821428571429,0.07142857142857142,0.12388392857142858,0.07142857142857142,0.08147321428571429,0.060267857142857144,0.060267857142857144,0.09040178571428571,0.07924107142857142,0.0859375,0.09598214285714286,0.06696428571428571,0.12165178571428571,0.078125,0.09151785714285714,0.11941964285714286,0.08705357142857142,0.06696428571428571,0.060267857142857144,0.16294642857142858,0.09821428571428571,0.11160714285714286,0.09598214285714286,0.08816964285714286,0.07366071428571429,0.07700892857142858,0.08147321428571429,0.0703125,0.0625,0.05022321428571429,0.06138392857142857,0.06473214285714286,0.08147321428571429,0.09040178571428571,0.06919642857142858,0.05580357142857143,0.06808035714285714,0.05803571428571429,0.04241071428571429,0.05357142857142857,0.05357142857142857,0.06473214285714286,0.05133928571428571,0.0703125,0.078125,0.049107142857142856,0.08482142857142858,0.06584821428571429,0.06584821428571429,0.08035714285714286,0.060267857142857144,0.052455357142857144,0.0859375,0.04575892857142857,0.09151785714285714,0.07477678571428571,0.06696428571428571,0.06584821428571429,0.0390625,0.046875,0.07254464285714286,0.06696428571428571,0.04575892857142857,0.08258928571428571,0.04575892857142857,0.05803571428571429,0.0625,0.08482142857142858,0.046875,0.07366071428571429,0.06138392857142857,0.04241071428571429,0.06138392857142857,0.06361607142857142,0.06138392857142857,0.07589285714285714,0.06919642857142858,0.060267857142857144,0.05580357142857143,0.06696428571428571,0.0703125,0.06696428571428571,0.06696428571428571,0.06808035714285714,0.09821428571428571,0.05803571428571429,0.06584821428571429,0.04017857142857143,0.05133928571428571,0.0546875,0.03125,0.08370535714285714,0.04017857142857143,0.04799107142857143,0.056919642857142856,0.06584821428571429,0.03794642857142857,0.06696428571428571,0.07254464285714286,0.08035714285714286,0.04352678571428571,0.06138392857142857,0.0546875,0.05022321428571429,0.05357142857142857,0.07924107142857142,0.09151785714285714,0.05580357142857143,0.06584821428571429,0.056919642857142856,0.0546875,0.06696428571428571,0.046875,0.05357142857142857,0.03571428571428571,0.06696428571428571,0.03571428571428571,0.0546875,0.06808035714285714,0.0625,0.04017857142857143,0.06138392857142857,0.06808035714285714,0.0390625,0.036830357142857144,0.03125,0.05133928571428571,0.04241071428571429,0.046875,0.04017857142857143,0.029017857142857144,0.04241071428571429,0.04799107142857143,0.06473214285714286,0.033482142857142856,0.044642857142857144,0.04017857142857143,0.04575892857142857,0.04017857142857143,0.0703125,0.0390625,0.04799107142857143,0.029017857142857144,0.03571428571428571,0.04352678571428571,0.04799107142857143,0.03794642857142857,0.04799107142857143,0.03236607142857143,0.03125,0.05580357142857143,0.05580357142857143,0.04352678571428571,0.07366071428571429,0.06919642857142858,0.036830357142857144,0.04799107142857143,0.03236607142857143,0.06919642857142858,0.04241071428571429,0.026785714285714284,0.0390625,0.03236607142857143,0.049107142857142856,0.0234375,0.06696428571428571,0.049107142857142856,0.04352678571428571,0.049107142857142856,0.029017857142857144,0.036830357142857144,0.04241071428571429,0.04575892857142857,0.03459821428571429,0.04017857142857143,0.056919642857142856,0.04241071428571429,0.04799107142857143,0.0703125,0.052455357142857144,0.03236607142857143,0.049107142857142856,0.03571428571428571,0.025669642857142856,0.05580357142857143,0.05133928571428571,0.04799107142857143,0.049107142857142856,0.033482142857142856,0.03794642857142857,0.029017857142857144,0.03459821428571429,0.04241071428571429,0.0625,0.04241071428571429,0.046875,0.027901785714285716,0.024553571428571428,0.030133928571428572,0.03571428571428571,0.03125,0.033482142857142856,0.041294642857142856,0.027901785714285716
nh0004,1.0,0.7631901840490798,0.698159509202454,0.4331288343558282,0.7558282208588957,0.5128834355828221,0.456441717791411,0.42208588957055215,0.3079754601226994,0.3202453987730061,0.3276073619631902,0.34478527607361964,0.3411042944785276,0.350920245398773,0.39386503067484663,0.29938650306748466,0.2809815950920245,0.37668711656441717,0.2773006134969325,0.2785276073619632,0.28588957055214725,0.3239263803680982,0.18773006134969325,0.2920245398773006,0.19386503067484662,0.2184049079754601,0.2085889570552147,0.23558282208588957,0.20368098159509201,0.2049079754601227,0.15828220858895706,0.1619631901840491,0.2049079754601227,0.22085889570552147,0.26993865030674846,0.23067484662576687,0.2392638036809816,0.18404907975460122,0.22699386503067484,0.17668711656441718,0.18895705521472392,0.1411042944785276,0.21717791411042944,0.1950920245398773,0.19386503067484662,0.09693251533742331,0.08098159509202454,0.16932515337423312,0.22699386503067484,0.15828220858895706,0.08220858895705521,0.14969325153374233,0.11533742331288344,0.147239263803681,0.19386503067484662,0.1460122699386503,0.10184049079754601,0.09815950920245399,0.13006134969325153,0.16319018404907976,0.19631901840490798,0.13374233128834356,0.16441717791411042,0.1460122699386503,0.17423312883435582,0.14355828220858896,0.09570552147239264,0.1325153374233129,0.13006134969325153,0.10306748466257669,0.17914110429447852,0.1460122699386503,0.1374233128834356,0.16441717791411042,0.1165644171779141,0.14969325153374233,0.11411042944785275,0.10797546012269939,0.15950920245398773,0.2552147239263804,0.15828220858895706,0.1619631901840491,0.1411042944785276,0.12024539877300613,0.11411042944785275,0.1411042944785276,0.1276073619631902,0.10184049079754601,0.18282208588957055,0.1325153374233129,0.12024539877300613,0.22699386503067484,0.12883435582822086,0.09202453987730061,0.09325153374233129,0.1312883435582822,0.1361963190184049,0.11042944785276074,0.16809815950920245,0.09815950920245399,0.09570552147239264,0.11901840490797547,0.10797546012269939,0.1460122699386503,0.15337423312883436,0.1411042944785276,0.10429447852760736,0.08711656441717791,0.08588957055214724,0.1361963190184049,0.1423312883435583,0.11411042944785275,0.13006134969325153,0.09693251533742331,0.09447852760736196,0.0834355828220859,0.09815950920245399,0.024539877300613498,0.06503067484662577,0.10429447852760736,0.10429447852760736,0.1116564417177914,0.09815950920245399,0.10061349693251534,0.06625766871165645,0.09325153374233129,0.10797546012269939,0.0687116564417178,0.10552147239263804,0.06257668711656442,0.08588957055214724,0.09202453987730061,0.10061349693251534,0.07239263803680981,0.1361963190184049,0.0736196319018405,0.08098159509202454,0.0785276073619632,0.1521472392638037,0.10061349693251534,0.09202453987730061,0.08588957055214724,0.09938650306748466,0.08588957055214724,0.08834355828220859,0.1276073619631902,0.13006134969325153,0.09693251533742331,0.07239263803680981,0.0736196319018405,0.04294478527607362,0.05889570552147239,0.1067484662576687,0.0687116564417178,0.0687116564417178,0.09325153374233129,0.08098159509202454,0.07607361963190185,0.09815950920245399,0.1165644171779141,0.08957055214723926,0.0687116564417178,0.08220858895705521,0.09938650306748466,0.07730061349693251,0.1116564417177914,0.09815950920245399,0.0785276073619632,0.03803680981595092,0.026993865030674847,0.14846625766871166,0.1668711656441718,0.07116564417177915,0.0736196319018405,0.08711656441717791,0.07607361963190185,0.08588957055214724,0.0687116564417178,0.06625766871165645,0.06748466257668712,0.10797546012269939,0.07239263803680981,0.07975460122699386,0.10306748466257669,0.05521472392638037,0.03067484662576687,0.09079754601226994,0.051533742331288344,0.07116564417177915,0.06625766871165645,0.046625766871165646,0.06012269938650307,0.06993865030674846,0.04785276073619632,0.07239263803680981,0.0392638036809816,0.06012269938650307,0.07730061349693251,0.05889570552147239,0.06993865030674846,0.05889570552147239,0.0785276073619632,0.06503067484662577,0.0834355828220859,0.04539877300613497,0.0834355828220859,0.08588957055214724,0.04049079754601227,0.07730061349693251,0.09570552147239264,0.06134969325153374,0.0834355828220859,0.04049079754601227,0.049079754601226995,0.05030674846625767,0.06257668711656442,0.05766871165644172,0.11042944785276074,0.03558282208588957,0.09570552147239264,0.07975460122699386,0.05644171779141104,0.0638036809815951,0.07730061349693251,0.07730061349693251,0.08220858895705521,0.04785276073619632,0.04171779141104295,0.05276073619631902,0.033128834355828224,0.04785276073619632,0.09570552147239264,0.03190184049079755,0.051533742331288344,0.049079754601226995,0.08711656441717791,0.06625766871165645,0.04539877300613497,0.1067484662576687,0.0638036809815951,0.05644171779141104,0.06503067484662577,0.053987730061349694,0.08834355828220859,0.05030674846625767,0.05766871165644172,0.0638036809815951,0.03803680981595092,0.014723926380368098,0.06012269938650307,0.0036809815950920245,0.053987730061349694,0.05644171779141104,0.08466257668711656,0.09570552147239264,0.04785276073619632,0.06257668711656442,0.049079754601226995,0.05644171779141104,0.04049079754601227,0.07116564417177915,0.053987730061349694,0.06012269938650307,0.07484662576687116,0.03680981595092025,0.06257668711656442,0.06748466257668712,0.05889570552147239,0.07239263803680981,0.09079754601226994,0.0687116564417178,0.09815950920245399,0.05521472392638037,0.04785276073619632,0.04294478527607362,0.05766871165644172,0.06503067484662577,0.05030674846625767,0.0392638036809816,0.06257668711656442,0.05889570552147239,0.06257668711656442,0.033128834355828224,0.04785276073619632,0.19754601226993865,0.05889570552147239,0.04171779141104295,0.0638036809815951,0.051533742331288344,0.03680981595092025,0.03067484662576687,0.0196319018404908,0.06257668711656442,0.05030674846625767,0.08098159509202454,0.03680981595092025,0.12392638036809817,0.04785276073619632,0.05276073619631902,0.05644171779141104
nh0005,1.0,0.5375939849624061,0.525062656641604,0.39974937343358397,0.40100250626566414,0.3684210526315789,0.3483709273182957,0.2869674185463659,0.2769423558897243,0.3233082706766917,0.2669172932330827,0.2819548872180451,0.2581453634085213,0.3208020050125313,0.21428571428571427,0.21929824561403508,0.21804511278195488,0.23057644110275688,0.23934837092731828,0.24686716791979949,0.2518796992481203,0.18421052631578946,0.22681704260651628,0.17669172932330826,0.16666666666666666,0.16541353383458646,0.20802005012531327,0.20050125313283207,0.15162907268170425,0.16040100250626566,0.16165413533834586,0.21177944862155387,0.19298245614035087,0.12406015037593984,0.14160401002506265,0.17167919799498746,0.13283208020050125,0.17293233082706766,0.13032581453634084,0.12907268170426064,0.15288220551378445,0.14160401002506265,0.15288220551378445,0.14160401002506265,0.13157894736842105,0.12656641604010024,0.10275689223057644,0.10902255639097744,0.17042606516290726,0.15914786967418545,0.10776942355889724,0.15538847117794485,0.13408521303258145,0.13157894736842105,0.08395989974937343,0.14411027568922305,0.13659147869674185,0.14912280701754385,0.14786967418546365,0.15037593984962405,0.13784461152882205,0.14912280701754385,0.08897243107769423,0.10526315789473684,0.12030075187969924,0.13784461152882205,0.13909774436090225,0.13283208020050125,0.08897243107769423,0.11152882205513784,0.17293233082706766,0.09147869674185463,0.09774436090225563,0.12406015037593984,0.10902255639097744,0.08521303258145363,0.11027568922305764,0.10275689223057644,0.09398496240601503,0.13283208020050125,0.11152882205513784,0.12030075187969924,0.09523809523809523,0.12280701754385964,0.10651629072681704,0.09022556390977443,0.09523809523809523,0.12155388471177944,0.09523809523809523,0.07769423558897243,0.10776942355889724,0.12280701754385964,0.06766917293233082,0.12406015037593984,0.13659147869674185,0.10150375939849623,0.08020050125313283,0.07769423558897243,0.11403508771929824,0.08646616541353383,0.09523809523809523,0.09273182957393483,0.07769423558897243,0.07518796992481203,0.11654135338345864,0.07518796992481203,0.10401002506265664,0.08145363408521303,0.09398496240601503,0.22932330827067668,0.06892230576441102,0.12781954887218044,0.06766917293233082,0.06390977443609022,0.08395989974937343,0.08646616541353383,0.12781954887218044,0.05137844611528822,0.09774436090225563,0.08771929824561403,0.10776942355889724,0.09774436090225563,0.12030075187969924,0.05889724310776942,0.09022556390977443,0.06015037593984962,0.07268170426065163,0.06015037593984962,0.09147869674185463,0.06766917293233082,0.06641604010025062,0.07017543859649122,0.07393483709273183,0.07518796992481203,0.03634085213032581,0.10275689223057644,0.07268170426065163,0.07393483709273183,0.07268170426065163,0.08020050125313283,0.09899749373433583,0.06516290726817042,0.05639097744360902,0.05137844611528822,0.07393483709273183,0.08521303258145363,0.07017543859649122,0.07268170426065163,0.05889724310776942,0.07769423558897243,0.06516290726817042,0.07769423558897243,0.08897243107769423,0.08395989974937343,0.02631578947368421,0.047619047619047616,0.09022556390977443,0.09273182957393483,0.06766917293233082,0.08646616541353383,0.05263157894736842,0.05388471177944862,0.045112781954887216,0.08646616541353383,0.06641604010025062,0.05388471177944862,0.05889724310776942,0.05889724310776942,0.043859649122807015,0.09899749373433583,0.05513784461152882,0.06641604010025062,0.05639097744360902,0.08020050125313283,0.06892230576441102,0.09649122807017543,0.10776942355889724,0.07268170426065163,0.09523809523809523,0.03884711779448621,0.047619047619047616,0.04887218045112782,0.07393483709273183,0.06140350877192982,0.03884711779448621,0.08020050125313283,0.046365914786967416,0.09649122807017543,0.045112781954887216,0.06265664160401002,0.09899749373433583,0.06892230576441102,0.05388471177944862,0.08145363408521303,0.06766917293233082,0.05388471177944862,0.05388471177944862,0.09899749373433583,0.047619047619047616,0.05263157894736842,0.05137844611528822,0.08771929824561403,0.06641604010025062,0.06140350877192982,0.05889724310776942,0.06140350877192982,0.046365914786967416,0.06516290726817042,0.07644110275689223,0.08145363408521303,0.040100250626566414,0.06015037593984962,0.10150375939849623,0.06516290726817042,0.03884711779448621,0.06766917293233082,0.05889724310776942,0.03258145363408521,0.046365914786967416,0.05263157894736842,0.05764411027568922,0.03383458646616541,0.05388471177944862,0.05764411027568922,0.047619047619047616,0.047619047619047616,0.06015037593984962,0.06140350877192982,0.06766917293233082,0.05012531328320802,0.046365914786967416,0.05263157894736842,0.05639097744360902,0.043859649122807015,0.08270676691729323,0.05513784461152882,0.05639097744360902,0.04887218045112782,0.03007518796992481,0.03508771929824561,0.06015037593984962,0.07644110275689223,0.06140350877192982,0.06265664160401002,0.041353383458646614,0.05263157894736842,0.04887218045112782,0.07393483709273183,0.06766917293233082,0.046365914786967416,0.0,0.045112781954887216,0.03007518796992481,0.02882205513784461,0.05764411027568922,0.05764411027568922,0.045112781954887216,0.046365914786967416,0.06015037593984962,0.05889724310776942,0.03132832080200501,0.040100250626566414,0.05012531328320802,0.07142857142857142,0.046365914786967416,0.02882205513784461,0.046365914786967416,0.06892230576441102,0.021303258145363407,0.05388471177944862,0.09523809523809523,0.06140350877192982,0.03383458646616541,0.05012531328320802,0.042606516290726815,0.03884711779448621,0.02631578947368421,0.06641604010025062,0.03383458646616541,0.045112781954887216,0.043859649122807015,0.03634085213032581,0.05388471177944862,0.05764411027568922,0.040100250626566414,0.05889724310776942,0.06265664160401002,0.05513784461152882,0.06641604010025062,0.03759398496240601,0.02756892230576441,0.05388471177944862,0.045112781954887216,0.04887218045112782,0.04887218045112782,0.05388471177944862,0.03508771929824561,0.04887218045112782,0.04887218045112782,0.02756892230576441
nh0006,1.0,0.5219669488109633,0.47964530431277713,0.3784764207980653,0.2676340185409109,0.3450221684804514,0.3232567513099557,0.22208786779524387,0.31600161225312373,0.23861346231358324,0.21442966545747683,0.25957275292220877,0.25070536074163646,0.21080209592906085,0.19185812172511085,0.2426440951229343,0.18984280532043532,0.2470777912132205,0.2571543732365981,0.237807335751713,0.2426440951229343,0.19427650141072147,0.25191455058444173,0.18581217251108423,0.15679161628375654,0.13663845223700122,0.16364369205965337,0.1700927045546151,0.1185006045949214,0.1430874647319629,0.14349052801289802,0.1785570334542523,0.1769447803305119,0.11729141475211609,0.1523579201934704,0.16122531237404272,0.14550584441757355,0.14590890769850867,0.13059250302297462,0.15114873035066506,0.12978637646110439,0.10439338976219266,0.11446997178557033,0.12777106005642885,0.12898024989923418,0.12575574365175332,0.3115679161628376,0.09189842805320435,0.08182184602982669,0.11366384522370013,0.08424022571543732,0.09834744054816606,0.11406690850463523,0.12172511084240226,0.09834744054816606,0.09875050382910117,0.12212817412333736,0.14671503426037888,0.12132204756146715,0.11567916162837566,0.09270455461507457,0.12736799677549376,0.0886739218057235,0.08827085852478839,0.10116888351471182,0.08706166868198308,0.12817412333736397,0.11406690850463523,0.09915356711003627,0.09955663039097139,0.10479645304312778,0.05763804917372027,0.08585247883917775,0.10519951632406288,0.09915356711003627,0.09351068117694478,0.1596130592503023,0.08585247883917775,0.1309955663039097,0.07174526400644901,0.08948004836759371,0.07416364369205965,0.08827085852478839,0.10721483272873841,0.09028617492946392,0.06449012494961709,0.09955663039097139,0.09028617492946392,0.06529625151148731,0.09351068117694478,0.08222490931076179,0.08020959290608626,0.07577589681580008,0.08585247883917775,0.10923014913341395,0.09713825070536074,0.09673518742442563,0.09995969367190649,0.06408706166868199,0.06449012494961709,0.08383716243450222,0.10197501007658202,0.0761789600967352,0.053607416364369206,0.0592503022974607,0.09028617492946392,0.07537283353486497,0.06408706166868199,0.08424022571543732,0.0769850866586054,0.07859733978234583,0.08907698508665861,0.10681176944780331,0.0769850866586054,0.06811769447803305,0.10560257960499798,0.05965336557839581,0.25151148730350664,0.07859733978234583,0.07335751713018944,0.07255139056831923,0.06086255542120113,0.07819427650141073,0.07174526400644901,0.05562273276904474,0.05280128980249899,0.06610237807335752,0.06166868198307134,0.07900040306328093,0.05642885933091495,0.06449012494961709,0.06449012494961709,0.06166868198307134,0.07013301088270858,0.060459492140266025,0.053607416364369206,0.06449012494961709,0.10439338976219266,0.06328093510681176,0.05562273276904474,0.06408706166868199,0.060459492140266025,0.08625554212011285,0.060459492140266025,0.07376058041112454,0.09149536477226924,0.05642885933091495,0.04514308746473196,0.08907698508665861,0.051592099959693674,0.09552599758162031,0.11366384522370013,0.07255139056831923,0.07295445384925434,0.04514308746473196,0.05562273276904474,0.06368399838774688,0.08101571946795647,0.05965336557839581,0.05199516324062878,0.05562273276904474,0.062071745264006446,0.058444175735590485,0.08424022571543732,0.05441354292623942,0.06529625151148731,0.05602579604997985,0.06247480854494156,0.05642885933091495,0.07900040306328093,0.053607416364369206,0.05078597339782346,0.03829101168883515,0.051592099959693674,0.037081821846029824,0.06489318823055219,0.07134220072551391,0.06610237807335752,0.04877065699314793,0.05602579604997985,0.04312777106005643,0.053607416364369206,0.04393389762192664,0.04232164449818621,0.051592099959693674,0.06731156791616284,0.04191858121725111,0.05078597339782346,0.044740024183796856,0.046352277307537285,0.04554615074566707,0.06489318823055219,0.04675534058847239,0.06811769447803305,0.05965336557839581,0.08222490931076179,0.058444175735590485,0.07013301088270858,0.05239822652156389,0.04917372027408303,0.05602579604997985,0.051189036678758564,0.0475614671503426,0.037081821846029824,0.06449012494961709,0.05078597339782346,0.051189036678758564,0.04675534058847239,0.03426037887948408,0.0761789600967352,0.053204353083434096,0.056831922611850064,0.06650544135429262,0.06247480854494156,0.0765820233776703,0.04232164449818621,0.053204353083434096,0.041112454655380895,0.08020959290608626,0.03466344216041919,0.04433696090286175,0.03909713825070536,0.04917372027408303,0.0475614671503426,0.04030632809351068,0.037484885126964934,0.041515517936316,0.054816606207174524,0.055219669488109635,0.06852075775896815,0.039500201531640466,0.046352277307537285,0.055219669488109635,0.05199516324062878,0.04675534058847239,0.05642885933091495,0.04191858121725111,0.04796453043127771,0.029826682789197905,0.041515517936316,0.0475614671503426,0.05280128980249899,0.04070939137444579,0.037484885126964934,0.03426037887948408,0.04353083434099154,0.03426037887948408,0.037484885126964934,0.060056428859330914,0.04030632809351068,0.22732769044740025,0.041515517936316,0.037081821846029824,0.045949214026602174,0.056831922611850064,0.0769850866586054,0.0471584038694075,0.03990326481257558,0.032245062474808545,0.04917372027408303,0.0177347843611447,0.037081821846029824,0.042724707779121324,0.041515517936316,0.04675534058847239,0.029826682789197905,0.0354695687222894,0.0471584038694075,0.03829101168883515,0.03829101168883515,0.03829101168883515,0.04554615074566707,0.03506650544135429,0.04836759371221282,0.05401047964530431,0.04070939137444579,0.05239822652156389,0.0475614671503426,0.026602176541717048,0.044740024183796856,0.04675534058847239,0.04675534058847239,0.05239822652156389,0.042724707779121324,0.03426037887948408,0.024989923417976623,0.04070939137444579,0.03990326481257558,0.04232164449818621,0.037484885126964934,0.022168480451430876,0.037484885126964934,0.03788794840790004,0.03305118903667876,0.03909713825070536,0.04030632809351068,0.044740024183796856,0.04070939137444579,0.04514308746473196,0.031035872632003223
nh0007,1.0,0.4573442136498516,0.4387982195845697,0.3212166172106825,0.35793768545994065,0.37351632047477745,0.3137982195845697,0.28597922848664686,0.2711424332344214,0.26149851632047477,0.23887240356083086,0.25111275964391694,0.2195845697329377,0.2177299703264095,0.28486646884273,0.2088278931750742,0.16951038575667657,0.27002967359050445,0.2303412462908012,0.1980712166172107,0.23850148367952523,0.18879821958456974,0.17804154302670624,0.17989614243323443,0.1769287833827893,0.1836053412462908,0.21476261127596438,0.18026706231454007,0.22514836795252224,0.16765578635014836,0.17321958456973294,0.21921364985163205,0.1435459940652819,0.1620919881305638,0.15393175074183976,0.13427299703264095,0.10682492581602374,0.15281899109792285,0.09384272997032642,0.13019287833827894,0.09866468842729971,0.12722551928783382,0.12462908011869436,0.11758160237388723,0.1190652818991098,0.15059347181008903,0.1943620178041543,0.12351632047477745,0.15207715133531158,0.10793768545994065,0.13724035608308605,0.1316765578635015,0.12462908011869436,0.09458456973293769,0.0849406528189911,0.103486646884273,0.1609792284866469,0.11127596439169139,0.10756676557863501,0.1201780415430267,0.12054896142433234,0.11275964391691394,0.08382789317507418,0.09050445103857567,0.10459940652818991,0.0723293768545994,0.09124629080118694,0.11795252225519288,0.07826409495548961,0.08642433234421365,0.10014836795252226,0.06083086053412463,0.07158753709198813,0.09495548961424333,0.0771513353115727,0.09198813056379822,0.0897626112759644,0.1327893175074184,0.08234421364985163,0.081973293768546,0.09161721068249258,0.0956973293768546,0.08271513353115727,0.10311572700296735,0.09681008902077151,0.06750741839762611,0.07492581602373888,0.08939169139465876,0.13835311572700296,0.07900593471810088,0.06973293768545995,0.10793768545994065,0.0771513353115727,0.08086053412462908,0.09347181008902077,0.05712166172106825,0.08902077151335312,0.06416913946587537,0.09458456973293769,0.06231454005934718,0.09198813056379822,0.09792284866468842,0.09050445103857567,0.06713649851632048,0.10571216617210683,0.09532640949554896,0.09755192878338279,0.07047477744807122,0.07826409495548961,0.08160237388724036,0.06713649851632048,0.10719584569732937,0.09977744807121662,0.0663946587537092,0.08086053412462908,0.05341246290801187,0.0478486646884273,0.15949554896142434,0.06528189910979229,0.07084569732937686,0.061943620178041545,0.06491097922848665,0.06083086053412463,0.051557863501483676,0.06824925816023739,0.08827893175074183,0.05007418397626113,0.07455489614243324,0.06602373887240356,0.0693620178041543,0.06268545994065282,0.08531157270029674,0.05934718100890208,0.08753709198813056,0.06602373887240356,0.04265578635014837,0.06305637982195846,0.07047477744807122,0.06750741839762611,0.054525222551928786,0.05712166172106825,0.053783382789317505,0.09013353115727003,0.07270029673590504,0.06528189910979229,0.064540059347181,0.04970326409495549,0.04673590504451038,0.06528189910979229,0.048590504451038574,0.07826409495548961,0.061201780415430264,0.07418397626112759,0.06231454005934718,0.0508160237388724,0.04673590504451038,0.05934718100890208,0.053783382789317505,0.04747774480712166,0.06083086053412463,0.050445103857566766,0.050445103857566766,0.05823442136498516,0.07381305637982195,0.05118694362017804,0.07381305637982195,0.07678041543026706,0.05637982195845697,0.05489614243323442,0.06713649851632048,0.09087537091988131,0.037833827893175076,0.04747774480712166,0.04265578635014837,0.05415430267062315,0.06602373887240356,0.06824925816023739,0.0712166172106825,0.05712166172106825,0.048590504451038574,0.052670623145400594,0.05712166172106825,0.0478486646884273,0.030044510385756677,0.03560830860534125,0.05897626112759644,0.04265578635014837,0.05897626112759644,0.05934718100890208,0.03338278931750742,0.03301186943620178,0.06083086053412463,0.04970326409495549,0.05341246290801187,0.06750741839762611,0.05712166172106825,0.050445103857566766,0.061201780415430264,0.024851632047477746,0.0508160237388724,0.046364985163204746,0.054525222551928786,0.04043026706231454,0.054525222551928786,0.05341246290801187,0.0586053412462908,0.04673590504451038,0.04376854599406528,0.04080118694362018,0.0322700296735905,0.05489614243323442,0.05192878338278932,0.03746290801186944,0.048590504451038574,0.02967359050445104,0.030044510385756677,0.03560830860534125,0.04821958456973294,0.03301186943620178,0.057863501483679525,0.034866468842729974,0.048590504451038574,0.027077151335311574,0.04710682492581603,0.03523738872403561,0.04191394658753709,0.039317507418397624,0.04265578635014837,0.035979228486646884,0.03857566765578635,0.037091988130563795,0.04228486646884273,0.037091988130563795,0.049332344213649855,0.05229970326409496,0.03635014836795252,0.048590504451038574,0.03820474777448071,0.05637982195845697,0.039317507418397624,0.028931750741839762,0.040059347181008904,0.0448813056379822,0.04413946587537092,0.02336795252225519,0.04821958456973294,0.052670623145400594,0.034866468842729974,0.05007418397626113,0.03857566765578635,0.12870919881305637,0.028560830860534125,0.037091988130563795,0.034866468842729974,0.05229970326409496,0.03523738872403561,0.03746290801186944,0.03968842729970327,0.030415430267062313,0.051557863501483676,0.024851632047477746,0.03301186943620178,0.04265578635014837,0.03412462908011869,0.039317507418397624,0.028189910979228485,0.04302670623145401,0.048590504451038574,0.050445103857566766,0.032640949554896145,0.03894658753709199,0.04747774480712166,0.056750741839762614,0.0508160237388724,0.045252225519287835,0.03746290801186944,0.024480712166172106,0.0586053412462908,0.034866468842729974,0.03152818991097923,0.04154302670623145,0.049332344213649855,0.034866468842729974,0.03894658753709199,0.03857566765578635,0.03523738872403561,0.030044510385756677,0.035979228486646884,0.03968842729970327,0.057863501483679525,0.02373887240356083,0.046364985163204746,0.030786350148367954,0.025222551928783383,0.03338278931750742,0.050445103857566766,0.041172106824925815,0.037833827893175076,0.03857566765578635,0.05229970326409496
nh0008,1.0,0.6502958579881657,0.4420118343195266,0.3183431952662722,0.5023668639053255,0.3431952662721893,0.5023668639053255,0.40473372781065087,0.31479289940828403,0.30532544378698223,0.4035502958579882,0.31715976331360946,0.25443786982248523,0.27455621301775146,0.2846153846153846,0.2781065088757396,0.2603550295857988,0.26153846153846155,0.2331360946745562,0.2408284023668639,0.31775147928994085,0.24437869822485206,0.31301775147928995,0.2331360946745562,0.24142011834319527,0.21124260355029587,0.17100591715976332,0.19467455621301774,0.19230769230769232,0.20946745562130178,0.22071005917159764,0.1970414201183432,0.17455621301775148,0.1757396449704142,0.1804733727810651,0.16094674556213018,0.14142011834319526,0.1408284023668639,0.16923076923076924,0.13136094674556212,0.12840236686390533,0.18698224852071005,0.14792899408284024,0.1319526627218935,0.13964497041420118,0.19881656804733727,0.06745562130177515,0.15798816568047339,0.16568047337278108,0.18579881656804734,0.1893491124260355,0.10946745562130178,0.14319526627218934,0.12011834319526628,0.15502958579881657,0.10887573964497041,0.16153846153846155,0.13609467455621302,0.1165680473372781,0.11952662721893491,0.17633136094674556,0.19881656804733727,0.17692307692307693,0.10236686390532544,0.12307692307692308,0.1076923076923077,0.17455621301775148,0.07514792899408285,0.12011834319526628,0.16094674556213018,0.10473372781065089,0.09053254437869822,0.1390532544378698,0.14615384615384616,0.09289940828402367,0.11183431952662722,0.10236686390532544,0.15088757396449703,0.1408284023668639,0.10946745562130178,0.11538461538461539,0.12130177514792899,0.1680473372781065,0.11538461538461539,0.10118343195266272,0.1455621301775148,0.15266272189349112,0.11715976331360947,0.15976331360946747,0.12781065088757396,0.11952662721893491,0.14319526627218934,0.08875739644970414,0.11479289940828402,0.07455621301775148,0.1319526627218935,0.12366863905325444,0.0893491124260355,0.11420118343195267,0.0970414201183432,0.10059171597633136,0.12366863905325444,0.0970414201183432,0.1349112426035503,0.12662721893491125,0.10650887573964497,0.1136094674556213,0.12544378698224853,0.14970414201183432,0.07988165680473373,0.07869822485207101,0.12603550295857988,0.10828402366863905,0.10236686390532544,0.1301775147928994,0.10236686390532544,0.06035502958579882,0.0242603550295858,0.1301775147928994,0.09940828402366864,0.11005917159763313,0.1,0.06627218934911243,0.09763313609467456,0.08165680473372781,0.07810650887573964,0.06863905325443787,0.10355029585798817,0.08106508875739644,0.1591715976331361,0.0834319526627219,0.08757396449704143,0.11183431952662722,0.07455621301775148,0.07869822485207101,0.09822485207100591,0.06863905325443787,0.05680473372781065,0.07810650887573964,0.05502958579881657,0.08757396449704143,0.08106508875739644,0.10118343195266272,0.09526627218934912,0.08520710059171598,0.08224852071005917,0.07928994082840236,0.09349112426035502,0.07159763313609467,0.11775147928994083,0.09171597633136094,0.11893491124260355,0.06745562130177515,0.12721893491124261,0.09585798816568047,0.06863905325443787,0.09763313609467456,0.07514792899408285,0.06686390532544378,0.1076923076923077,0.09881656804733728,0.05384615384615385,0.08106508875739644,0.08402366863905325,0.07100591715976332,0.09289940828402367,0.0834319526627219,0.10177514792899409,0.08165680473372781,0.07514792899408285,0.05739644970414201,0.09763313609467456,0.07514792899408285,0.06804733727810651,0.07869822485207101,0.08816568047337278,0.05207100591715976,0.08520710059171598,0.046153846153846156,0.07988165680473373,0.06804733727810651,0.08698224852071006,0.08520710059171598,0.052662721893491124,0.11479289940828402,0.05384615384615385,0.0834319526627219,0.07396449704142012,0.05798816568047337,0.08047337278106509,0.06272189349112427,0.10532544378698225,0.04437869822485207,0.06627218934911243,0.08106508875739644,0.08875739644970414,0.052662721893491124,0.0621301775147929,0.08284023668639054,0.06923076923076923,0.08165680473372781,0.07633136094674556,0.06153846153846154,0.06745562130177515,0.07988165680473373,0.07159763313609467,0.07100591715976332,0.0650887573964497,0.049112426035502955,0.052662721893491124,0.04437869822485207,0.0485207100591716,0.06863905325443787,0.09171597633136094,0.04142011834319527,0.05798816568047337,0.09171597633136094,0.04142011834319527,0.04497041420118343,0.05325443786982249,0.07041420118343195,0.059763313609467454,0.03076923076923077,0.05621301775147929,0.0757396449704142,0.06686390532544378,0.06863905325443787,0.04792899408284024,0.052662721893491124,0.07041420118343195,0.0621301775147929,0.06804733727810651,0.0650887573964497,0.07159763313609467,0.05325443786982249,0.05798816568047337,0.05029585798816568,0.05029585798816568,0.042011834319526625,0.042011834319526625,0.049112426035502955,0.040236686390532544,0.04497041420118343,0.06745562130177515,0.08875739644970414,0.0727810650887574,0.07988165680473373,0.04792899408284024,0.047337278106508875,0.051479289940828406,0.002366863905325444,0.05621301775147929,0.03727810650887574,0.03964497041420118,0.03195266272189349,0.03076923076923077,0.08402366863905325,0.049112426035502955,0.03609467455621302,0.06745562130177515,0.05562130177514793,0.06982248520710059,0.05621301775147929,0.047337278106508875,0.034911242603550295,0.040236686390532544,0.046153846153846156,0.052662721893491124,0.0621301775147929,0.04142011834319527,0.05207100591715976,0.06568047337278106,0.034911242603550295,0.0485207100591716,0.05088757396449704,0.05739644970414201,0.04319526627218935,0.04082840236686391,0.040236686390532544,0.05325443786982249,0.046153846153846156,0.04260355029585799,0.051479289940828406,0.04437869822485207,0.04142011834319527,0.05917159763313609,0.05325443786982249,0.06390532544378698,0.0834319526627219,0.052662721893491124,0.051479289940828406,0.020710059171597635,0.05029585798816568,0.06331360946745562,0.0650887573964497,0.03017751479289941,0.04378698224852071,0.05798816568047337,0.05798816568047337,0.03550295857988166
nh0009,1.0,0.457479601087942,0.3312783318223028,0.26600181323662736,0.28540344514959204,0.3325475974614687,0.31060743427017223,0.27633726201269265,0.3512239347234814,0.25203989120580234,0.16464188576609248,0.2340888485947416,0.2112420670897552,0.16609247506799638,0.22592928377153218,0.14524025385312783,0.15666364460562104,0.21359927470534903,0.2085222121486854,0.13617407071622847,0.16808703535811423,0.23191296464188577,0.15394378966455122,0.22067089755213054,0.12601994560290117,0.157388939256573,0.1671804170444243,0.14197642792384407,0.14723481414324568,0.1486854034451496,0.14614687216681777,0.2302810516772439,0.10480507706255666,0.16029011786038078,0.11078875793291025,0.11024478694469628,0.11767905711695376,0.1559383499546691,0.0872166817769719,0.15376246600181323,0.09972801450589303,0.0786944696282865,0.11115140525838622,0.07216681776971895,0.13381686310063462,0.1398005439709882,0.08304623753399819,0.10770625566636446,0.0770625566636446,0.0743427017225748,0.13526745240253854,0.07017225747960108,0.1456029011786038,0.11767905711695376,0.12257479601087942,0.10099728014505893,0.21069809610154125,0.04134179510426111,0.12384406165004533,0.07688123300090662,0.0872166817769719,0.08250226654578423,0.07543064369900272,0.0814143245693563,0.10407978241160472,0.08594741613780599,0.061650045330915684,0.0585675430643699,0.08649138712601995,0.056210335448776065,0.08485947416137805,0.06382592928377154,0.06708975521305531,0.08794197642792384,0.06382592928377154,0.0728921124206709,0.10806890299184044,0.14614687216681777,0.08105167724388032,0.0743427017225748,0.053671804170444246,0.06908431550317316,0.05403445149592022,0.0899365367180417,0.07651858567543064,0.044424297370806894,0.08884859474161379,0.05838621940163191,0.085766092475068,0.13544877606527653,0.051314596554850406,0.049320036264732546,0.100090661831369,0.07162284678150499,0.07234814143245694,0.08794197642792384,0.08703535811423391,0.0828649138712602,0.08395285584768812,0.04406165004533091,0.10553037171350861,0.11659111514052584,0.05639165911151405,0.07960108794197643,0.041523118766999094,0.09791477787851315,0.10897552130553037,0.07452402538531279,0.0456935630099728,0.045874886672710787,0.0828649138712602,0.09646418857660925,0.11804170444242974,0.08776065276518585,0.05747960108794198,0.0672710788757933,0.07126019945602902,0.034088848594741615,0.04369900271985494,0.06690843155031731,0.07561196736174071,0.04116047144152312,0.03970988213961922,0.04514959202175884,0.038984587488667274,0.06600181323662738,0.07216681776971895,0.06708975521305531,0.07361740707162284,0.04315503173164098,0.040979147778785134,0.040979147778785134,0.03934723481414325,0.07035358114233907,0.08884859474161379,0.03644605621033545,0.0614687216681777,0.14088848594741613,0.06763372620126927,0.04242973708068903,0.04279238440616501,0.03789664551223935,0.06636446056210335,0.071441523118767,0.05548504079782412,0.04533091568449683,0.08232094288304624,0.055666364460562105,0.029374433363553942,0.04460562103354488,0.023753399818676336,0.05457842248413418,0.05457842248413418,0.04968268359020852,0.0313689936536718,0.07361740707162284,0.08322756119673617,0.03535811423390753,0.057116953762466005,0.03191296464188577,0.045874886672710787,0.053309156844968265,0.04623753399818677,0.03445149592021759,0.05185856754306437,0.07833182230281052,0.027379873073436083,0.04406165004533091,0.026110607434270173,0.021396192203082504,0.04895738893925657,0.035539437896645515,0.03028105167724388,0.047869446962828646,0.04224841341795104,0.03535811423390753,0.027198549410698096,0.052221214868540346,0.027198549410698096,0.03336355394378966,0.06291931097008159,0.04514959202175884,0.04116047144152312,0.053309156844968265,0.027923844061650046,0.012330009066183137,0.04496826835902085,0.04478694469628287,0.038621940163191294,0.04478694469628287,0.03789664551223935,0.05349048050770626,0.04315503173164098,0.038984587488667274,0.04660018132366274,0.028105167724388033,0.033182230281051675,0.04551223934723481,0.02973708068902992,0.05947416137805984,0.0313689936536718,0.02012692656391659,0.042973708068902994,0.02629193109700816,0.02556663644605621,0.050770625566636446,0.059655485040797825,0.02012692656391659,0.01740707162284678,0.04460562103354488,0.0242973708068903,0.03970988213961922,0.03155031731640979,0.03100634632819583,0.06400725294650952,0.03644605621033545,0.0328195829555757,0.051314596554850406,0.03699002719854941,0.04188576609247507,0.04913871260199456,0.050226654578422486,0.01613780598368087,0.0456935630099728,0.027198549410698096,0.06291931097008159,0.024116047144152313,0.040616500453309154,0.03481414324569356,0.015412511332728921,0.04279238440616501,0.03191296464188577,0.026654578422484133,0.06201269265639166,0.034088848594741615,0.042973708068902994,0.0627379873073436,0.04533091568449683,0.07724388032638259,0.04116047144152312,0.033182230281051675,0.029555757026291932,0.05040797824116047,0.017769718948322757,0.03300090661831369,0.029193109700815956,0.04242973708068903,0.04333635539437897,0.006165004533091568,0.025385312783318223,0.0228467815049864,0.04043517679057117,0.03590208522212149,0.03735267452402539,0.04025385312783318,0.04406165004533091,0.029193109700815956,0.03535811423390753,0.03300090661831369,0.05693563009972801,0.024478694469628286,0.030643699002719856,0.026473254759746146,0.017951042611060744,0.025203989120580236,0.05095194922937443,0.03245693563009973,0.03680870353581142,0.06582048957388939,0.029918404351767906,0.027923844061650046,0.051677243880326386,0.01885766092475068,0.04514959202175884,0.059111514052583865,0.029918404351767906,0.028649138712601996,0.020670897552130554,0.0328195829555757,0.02230281051677244,0.016500453309156844,0.019945602901178604,0.013055303717135086,0.03626473254759746,0.025929283771532186,0.015593834995466908,0.015775158658204894,0.04388032638259293,0.015231187669990934,0.02774252039891206,0.019764279238440617,0.06708975521305531,0.02756119673617407,0.03100634632819583,0.023209428830462377,0.04460562103354488,0.05149592021758839,0.038621940163191294,0.015231187669990934,0.03173164097914778
nh0010,1.0,0.58492300620547,0.6593886462882096,0.4447253504941393,0.3881866237646518,0.40289588600321763,0.49253045276947827,0.33095840036773155,0.26453688807170767,0.30452769478280856,0.26752470696391634,0.24959779361066423,0.2622385658469317,0.21351413468168237,0.26752470696391634,0.255343599172604,0.28315329809239254,0.22960239025511378,0.1707653413008504,0.23580786026200873,0.21052631578947367,0.23718685359687428,0.1967363824408182,0.16249138129165708,0.2017926913353252,0.17972879797747643,0.1916800735463112,0.15513675017237416,0.25672259250746954,0.13698000459664444,0.20638933578487703,0.18800275798666974,0.14548379682831533,0.15559641461732934,0.16639852907377614,0.143415306826017,0.11767409790852677,0.12594805791772007,0.13100436681222707,0.1567455757297173,0.11399678234888531,0.15031027350034476,0.13996782348885314,0.1785796368650885,0.10756148011951276,0.1542174212824638,0.15881406573201562,0.10825097678694554,0.12410940013789934,0.09905768788784187,0.1801884624224316,0.20064353022293727,0.13514134681682372,0.09974718455527465,0.12181107791312341,0.13261319236957023,0.13743966904159963,0.08342909675936566,0.14594346127327051,0.11123879567915422,0.14985060905538958,0.1066421512296024,0.1516892668352103,0.15513675017237416,0.1144564467938405,0.1144564467938405,0.08319926453688807,0.16961618018846242,0.1300850379223167,0.10020684900022983,0.0930820501034245,0.12250057458055619,0.0900942312112158,0.0933118823259021,0.10526315789473684,0.11284762123649736,0.07400597563778442,0.14778211905309124,0.13330268903700299,0.11353711790393013,0.14226614571362906,0.12824638014249598,0.10296483566996092,0.08963456676626062,0.09193288899103655,0.10503332567225925,0.11652493679613882,0.11284762123649736,0.15858423350953804,0.09675936566306596,0.08296943231441048,0.09469087566076764,0.06458285451620317,0.12319007124798897,0.11928292346586991,0.10204550678005056,0.10962997012181108,0.05998621006665134,0.09606986899563319,0.10388416455987129,0.1195127556883475,0.07699379452999311,0.08067111008963457,0.11583544012870604,0.08641691565157435,0.10962997012181108,0.122040910135601,0.08848540565387267,0.09400137899333487,0.07377614341530683,0.0638933578487704,0.0799816134222018,0.10158584233509538,0.09147322454608137,0.11399678234888531,0.06665134451850149,0.05378074005975638,0.10710181567455758,0.07653413008503793,0.07883245230981384,0.06458285451620317,0.10457366122730406,0.10296483566996092,0.07239715008044127,0.08802574120891749,0.09170305676855896,0.06688117674097908,0.0717076534130085,0.06871983452079981,0.07883245230981384,0.048264766720294186,0.0533210756148012,0.08641691565157435,0.0877959089864399,0.06986899563318777,0.06412319007124799,0.19076074465640083,0.05538956561709952,0.07883245230981384,0.07423580786026202,0.0772236267524707,0.07400597563778442,0.0638933578487704,0.05424040450471156,0.07032866007814295,0.06205470006894967,0.07055849230062054,0.08113077453458975,0.04872443116524937,0.07929211675476902,0.08205010342450011,0.05263157894736842,0.08917490232130544,0.08044127786715698,0.06688117674097908,0.06504251896115835,0.0822799356469777,0.07929211675476902,0.07492530452769479,0.0930820501034245,0.06573201562859113,0.060216042289128933,0.10342450011491611,0.07124798896805332,0.04435761893817513,0.07400597563778442,0.06550218340611354,0.07101815674557573,0.08090094231211216,0.10319466789243852,0.04964376005515973,0.04757527005286141,0.1250287290278097,0.08963456676626062,0.0797517811997242,0.05814755228683061,0.08733624454148471,0.07699379452999311,0.05286141116984601,0.08067111008963457,0.0452769478280855,0.05722822339692025,0.06803033785336704,0.06274419673638244,0.06688117674097908,0.10158584233509538,0.06803033785336704,0.06665134451850149,0.06458285451620317,0.0558492300620547,0.04205929671339922,0.07423580786026202,0.03838198115375776,0.04068030337853367,0.07193748563548609,0.033325672259250746,0.043668122270742356,0.046196276717995866,0.06412319007124799,0.06550218340611354,0.056308894507009884,0.08411859342679844,0.05699839117444266,0.05699839117444266,0.05791772006435302,0.04872443116524937,0.06435302229372558,0.04022063893357849,0.0425189611583544,0.07538496897264997,0.03148701447943002,0.03907147782119053,0.04022063893357849,0.05975637784417375,0.04688577338542864,0.04228912893587681,0.0744656400827396,0.05515973339462193,0.045966444495518274,0.03654332337393702,0.05929671339921857,0.06986899563318777,0.03148701447943002,0.043438290048264765,0.06573201562859113,0.05722822339692025,0.043208457825787173,0.04458745116065272,0.04205929671339922,0.03654332337393702,0.039760974488623306,0.08342909675936566,0.04481728338313031,0.05079292116754769,0.04412778671569754,0.04734543783038382,0.05975637784417375,0.05424040450471156,0.04297862560330958,0.05125258561250287,0.029648356699609284,0.06274419673638244,0.02872902780969892,0.043668122270742356,0.06343369340381522,0.04573661227304068,0.05515973339462193,0.039531142266145715,0.08641691565157435,0.018156745575729716,0.07239715008044127,0.04274879338083199,0.06963916341071018,0.04412778671569754,0.060216042289128933,0.019305906688117675,0.05424040450471156,0.04022063893357849,0.03907147782119053,0.05148241783498046,0.04688577338542864,0.048264766720294186,0.050333256722592506,0.03424500114916111,0.03631349115145943,0.031027350034474835,0.04941392783268214,0.035164330039071476,0.043668122270742356,0.029648356699609284,0.034704665594116293,0.04068030337853367,0.0450471156056079,0.03792231670880258,0.06136520340151689,0.0533210756148012,0.04734543783038382,0.056538726729487475,0.05952654562169616,0.058377384509308204,0.021604228912893587,0.06596184785106872,0.027350034474833373,0.04113996782348885,0.03401516892668352,0.05906688117674098,0.0533210756148012,0.033095840036773155,0.0425189611583544,0.033095840036773155,0.03815214893128017,0.02252355780280395,0.04045047115605608,0.048264766720294186,0.04435761893817513,0.0450471156056079,0.029878188922086876,0.037462652263847394,0.04297862560330958,0.058377384509308204
nh0011,0.8337950138504155,1.0,0.5678670360110804,0.3915050784856879,0.5004616805170822,0.5586334256694367,0.7516158818097877,0.5752539242843951,0.3850415512465374,0.3850415512465374,0.41274238227146814,0.25761772853185594,0.358264081255771,0.3047091412742382,0.4090489381348107,0.36934441366574333,0.41920590951061865,0.21421975992613113,0.27331486611265005,0.3379501385041551,0.31671283471837486,0.32779316712834716,0.4136657433056325,0.22714681440443213,0.33887349953831947,0.30840258541089566,0.30932594644506,0.23545706371191136,0.22530009233610343,0.23084025854108955,0.2299168975069252,0.2585410895660203,0.19298245614035087,0.18651892890120036,0.24376731301939059,0.22622345337026778,0.23176361957525393,0.13665743305632502,0.24376731301939059,0.17359187442289936,0.1745152354570637,0.23268698060941828,0.23730378578024008,0.19205909510618652,0.24930747922437674,0.14958448753462603,0.10895660203139428,0.19298245614035087,0.2299168975069252,0.17820867959372114,0.17082179132040629,0.14035087719298245,0.13111726685133887,0.15974145891043398,0.11819021237303785,0.18651892890120036,0.17820867959372114,0.17082179132040629,0.12188365650969529,0.11819021237303785,0.14958448753462603,0.24376731301939059,0.23176361957525393,0.1698984302862419,0.17266851338873498,0.1680517082179132,0.13758079409048937,0.07571560480147738,0.10433979686057249,0.19390581717451524,0.09233610341643583,0.13019390581717452,0.13573407202216067,0.15143120960295475,0.16435826408125578,0.16066481994459833,0.09233610341643583,0.09787626962142197,0.1458910433979686,0.09141274238227147,0.10156971375807941,0.1440443213296399,0.12742382271468145,0.08956602031394276,0.12927054478301014,0.10341643582640812,0.16066481994459833,0.15143120960295475,0.18467220683287167,0.13019390581717452,0.17820867959372114,0.17820867959372114,0.14496768236380425,0.15420129270544783,0.0951061865189289,0.11449676823638043,0.14866112650046168,0.1172668513388735,0.13758079409048937,0.1329639889196676,0.10987996306555864,0.12557710064635272,0.1505078485687904,0.1615881809787627,0.19575253924284394,0.16528162511542013,0.11634349030470914,0.15881809787626963,0.1283471837488458,0.14681440443213298,0.123730378578024,0.1329639889196676,0.13204062788550322,0.13111726685133887,0.13573407202216067,0.1440443213296399,0.0997229916897507,0.03693444136657433,0.1394275161588181,0.11172668513388735,0.09233610341643583,0.1348107109879963,0.10341643582640812,0.12003693444136658,0.12188365650969529,0.11819021237303785,0.10156971375807941,0.11449676823638043,0.123730378578024,0.10064635272391505,0.11819021237303785,0.0729455216989843,0.13019390581717452,0.07848568790397045,0.1172668513388735,0.13388734995383195,0.07848568790397045,0.0840258541089566,0.12280701754385964,0.13204062788550322,0.11819021237303785,0.1283471837488458,0.15604801477377656,0.09418282548476455,0.19575253924284394,0.07202216066481995,0.11634349030470914,0.12927054478301014,0.12465373961218837,0.12557710064635272,0.05355493998153278,0.08033240997229917,0.11542012927054478,0.11634349030470914,0.10064635272391505,0.10803324099722991,0.0951061865189289,0.09233610341643583,0.09233610341643583,0.11634349030470914,0.12003693444136658,0.09695290858725762,0.10249307479224377,0.0997229916897507,0.12096029547553093,0.07017543859649122,0.09787626962142197,0.11265004616805172,0.12188365650969529,0.07848568790397045,0.0951061865189289,0.08125577100646353,0.08679593721144968,0.13019390581717452,0.07848568790397045,0.10064635272391505,0.0951061865189289,0.05170821791320406,0.11819021237303785,0.15420129270544783,0.123730378578024,0.09418282548476455,0.0951061865189289,0.10064635272391505,0.09325946445060018,0.0664819944598338,0.05817174515235457,0.06001846722068329,0.05447830101569714,0.060941828254847646,0.06001846722068329,0.08217913204062789,0.0886426592797784,0.05817174515235457,0.08125577100646353,0.07571560480147738,0.08956602031394276,0.06278855032317636,0.10341643582640812,0.06740535549399815,0.10895660203139428,0.09141274238227147,0.05632502308402586,0.07756232686980609,0.09141274238227147,0.16251154201292706,0.07386888273314866,0.1172668513388735,0.07017543859649122,0.07940904893813482,0.03693444136657433,0.1458910433979686,0.05447830101569714,0.09418282548476455,0.08033240997229917,0.10064635272391505,0.09418282548476455,0.0664819944598338,0.07571560480147738,0.1265004616805171,0.05817174515235457,0.0840258541089566,0.06278855032317636,0.10064635272391505,0.07202216066481995,0.07571560480147738,0.050784856879039705,0.07756232686980609,0.10249307479224377,0.060941828254847646,0.06925207756232687,0.06463527239150507,0.08310249307479224,0.06832871652816251,0.05817174515235457,0.057248384118190214,0.09141274238227147,0.08125577100646353,0.09602954755309326,0.0840258541089566,0.06740535549399815,0.03970452446906741,0.08217913204062789,0.04709141274238227,0.10433979686057249,0.07940904893813482,0.0997229916897507,0.08310249307479224,0.05909510618651893,0.07109879963065559,0.0,0.07756232686980609,0.061865189289012,0.05632502308402586,0.05170821791320406,0.055401662049861494,0.08679593721144968,0.057248384118190214,0.07848568790397045,0.038781163434903045,0.09787626962142197,0.08771929824561403,0.08587257617728532,0.07663896583564174,0.030470914127423823,0.06832871652816251,0.0664819944598338,0.050784856879039705,0.04155124653739612,0.055401662049861494,0.0951061865189289,0.13388734995383195,0.08217913204062789,0.04524469067405355,0.05355493998153278,0.055401662049861494,0.06001846722068329,0.08217913204062789,0.08771929824561403,0.0729455216989843,0.05170821791320406,0.05263157894736842,0.07848568790397045,0.04524469067405355,0.07017543859649122,0.08587257617728532,0.06925207756232687,0.046168051708217916,0.07848568790397045,0.06278855032317636,0.08494921514312095,0.018467220683287166,0.03785780240073869,0.07386888273314866,0.028624192059095107,0.06555863342566944,0.060941828254847646,0.04709141274238227,0.09879963065558633,0.06740535549399815
nh0012,1.0,0.899103139013453,0.6113602391629297,0.3423019431988042,0.461136023916293,0.5650224215246636,0.7428998505231689,0.4162929745889387,0.47384155455904337,0.42227204783258593,0.289237668161435,0.26980568011958145,0.35351270553064273,0.2645739910313901,0.31390134529147984,0.2862481315396114,0.35351270553064273,0.2593423019431988,0.2608370702541106,0.28699551569506726,0.3774289985052317,0.2929745889387145,0.3236173393124066,0.2765321375186846,0.30493273542600896,0.2384155455904335,0.33557548579970103,0.22122571001494767,0.1860986547085202,0.20254110612855009,0.23467862481315396,0.4304932735426009,0.19581464872944693,0.16367713004484305,0.17040358744394618,0.19282511210762332,0.23916292974588937,0.15022421524663676,0.2563527653213752,0.23318385650224216,0.156203288490284,0.2100149476831091,0.1905829596412556,0.18385650224215247,0.20328849028400597,0.14648729446935724,0.08146487294469357,0.19133034379671152,0.23168908819133036,0.17189835575485798,0.09491778774289986,0.09118086696562033,0.16517189835575485,0.12780269058295965,0.08968609865470852,0.14050822122571002,0.37070254110612855,0.15022421524663676,0.19656203288490284,0.1203288490284006,0.16741405082212257,0.2571001494768311,0.17638266068759342,0.18236173393124067,0.2062780269058296,0.15994020926756353,0.23766816143497757,0.059790732436472344,0.10239162929745889,0.14573991031390135,0.08968609865470852,0.10538116591928251,0.1352765321375187,0.15246636771300448,0.13452914798206278,0.11434977578475336,0.11136023916292975,0.04857997010463378,0.1860986547085202,0.09641255605381166,0.1210762331838565,0.12406576980568013,0.11136023916292975,0.10911808669656203,0.16292974588938713,0.1532137518684604,0.15844544095665172,0.15097159940209268,0.17488789237668162,0.10911808669656203,0.11883408071748879,0.17488789237668162,0.1681614349775785,0.15844544095665172,0.10089686098654709,0.10463378176382661,0.1576980568011958,0.16218236173393125,0.1554559043348281,0.11584454409566518,0.15097159940209268,0.2615844544095665,0.13153961136023917,0.18310911808669655,0.18236173393124067,0.12855007473841554,0.11733931240657698,0.14499252615844543,0.09715994020926756,0.1038863976083707,0.13378176382660686,0.15844544095665172,0.1517189835575486,0.11808669656203288,0.1031390134529148,0.08968609865470852,0.12705530642750373,0.06203288490284006,0.14648729446935724,0.11285500747384156,0.11136023916292975,0.11808669656203288,0.1031390134529148,0.1210762331838565,0.10986547085201794,0.09715994020926756,0.11509715994020926,0.09641255605381166,0.15246636771300448,0.14200298953662183,0.10762331838565023,0.08520179372197309,0.10239162929745889,0.11883408071748879,0.09192825112107623,0.10014947683109118,0.08968609865470852,0.11733931240657698,0.12855007473841554,0.11808669656203288,0.06427503736920777,0.09192825112107623,0.11584454409566518,0.08893871449925261,0.26980568011958145,0.09715994020926756,0.12780269058295965,0.11136023916292975,0.07772795216741404,0.11808669656203288,0.033632286995515695,0.08819133034379671,0.1382660687593423,0.10837070254110613,0.10089686098654709,0.08520179372197309,0.15844544095665172,0.06950672645739911,0.11883408071748879,0.07025411061285501,0.10538116591928251,0.07623318385650224,0.14723467862481315,0.06801195814648729,0.10014947683109118,0.08295964125560538,0.16143497757847533,0.07698056801195814,0.18460388639760836,0.05904334828101644,0.06651718983557549,0.052316890881913304,0.09491778774289986,0.12929745889387145,0.053811659192825115,0.07548579970104634,0.07324364723467862,0.06203288490284006,0.09417040358744394,0.12630792227204785,0.10837070254110613,0.07772795216741404,0.08295964125560538,0.08893871449925261,0.08295964125560538,0.035127055306427506,0.05082212257100149,0.07922272047832586,0.043348281016442454,0.08744394618834081,0.05829596412556054,0.10463378176382661,0.05455904334828102,0.06502242152466367,0.11584454409566518,0.059790732436472344,0.08744394618834081,0.06053811659192825,0.09342301943198804,0.11061285500747384,0.08669656203288491,0.06278026905829596,0.06053811659192825,0.08221225710014948,0.08445440956651719,0.1412556053811659,0.061285500747384154,0.08221225710014948,0.06427503736920777,0.09715994020926756,0.009715994020926755,0.15022421524663676,0.03587443946188341,0.08819133034379671,0.05829596412556054,0.07922272047832586,0.09267563527653214,0.07399103139013453,0.053064275037369206,0.10014947683109118,0.04110612855007474,0.06576980568011959,0.07772795216741404,0.10911808669656203,0.08819133034379671,0.10911808669656203,0.05605381165919283,0.07623318385650224,0.08295964125560538,0.05007473841554559,0.06576980568011959,0.06576980568011959,0.07174887892376682,0.08520179372197309,0.053064275037369206,0.07548579970104634,0.08295964125560538,0.07174887892376682,0.08146487294469357,0.08445440956651719,0.04708520179372197,0.03587443946188341,0.06352765321375187,0.03139013452914798,0.07922272047832586,0.0687593423019432,0.11958146487294469,0.07324364723467862,0.02765321375186846,0.11061285500747384,0.020179372197309416,0.06726457399103139,0.07100149476831091,0.05082212257100149,0.06801195814648729,0.0515695067264574,0.07324364723467862,0.05904334828101644,0.05829596412556054,0.044095665171898356,0.04484304932735426,0.09342301943198804,0.04708520179372197,0.04708520179372197,0.04633781763826607,0.09043348281016443,0.07548579970104634,0.06950672645739911,0.07399103139013453,0.06203288490284006,0.11958146487294469,0.07922272047832586,0.08370702541106129,0.04857997010463378,0.08594917787742899,0.06502242152466367,0.05754857997010463,0.06352765321375187,0.07399103139013453,0.07249626307922272,0.0515695067264574,0.05455904334828102,0.04708520179372197,0.059790732436472344,0.061285500747384154,0.08520179372197309,0.05754857997010463,0.06278026905829596,0.05829596412556054,0.08744394618834081,0.06053811659192825,0.02092675635276532,0.021674140508221227,0.06203288490284006,0.035127055306427506,0.06576980568011959,0.06726457399103139,0.06053811659192825,0.06352765321375187,0.04035874439461883
nh0013,1.0,0.5078915418858762,0.47470659651962765,0.3282072035613112,0.3290165924726831,0.38729259409146094,0.49008498583569404,0.2913800080938891,0.273573452043707,0.2695265074868474,0.3002832861189802,0.24605422905706192,0.2302711452853096,0.19263456090651557,0.22177256171590448,0.20072845002023473,0.21367867260218534,0.17037636584378793,0.16673411574261432,0.22824767300687981,0.20598947794415218,0.1914204775394577,0.19020639417239985,0.17401861594496154,0.24848239579117767,0.15054633751517604,0.1622824767300688,0.1501416430594901,0.19344394981788748,0.16471064346418454,0.2602185350060704,0.1954674220963173,0.14609469850263052,0.1679481991096722,0.12585997571833266,0.14285714285714285,0.10117361392148927,0.1359773371104816,0.11007689194658034,0.13719142047753946,0.1084581141238365,0.08984216916228248,0.1396195872116552,0.17482800485633346,0.1254552812626467,0.20720356131121004,0.12505058680696074,0.12424119789558884,0.1311210036422501,0.14569000404694454,0.22986645082962365,0.09388911371914205,0.15256980979360582,0.08498583569405099,0.10683933630109267,0.10198300283286119,0.15742614326183732,0.12181303116147309,0.14609469850263052,0.12221772561715905,0.1112909753136382,0.11250505868069607,0.1396195872116552,0.07770133549170376,0.11655200323755564,0.09793605827600162,0.07405908539053015,0.08093889113719142,0.11614730878186968,0.09834075273168758,0.08943747470659652,0.0708215297450425,0.07163091865641441,0.08700930797248077,0.06960744637798462,0.11088628085795224,0.07405908539053015,0.19303925536220154,0.11169566976932416,0.11371914204775395,0.09510319708619992,0.09753136382031566,0.09631728045325778,0.1481181707810603,0.10198300283286119,0.14447592067988668,0.08822339133953865,0.12626467017401863,0.1671388101983003,0.0744637798462161,0.08822339133953865,0.09510319708619992,0.08336705787130716,0.09995953055443141,0.094293808174828,0.06434641845406718,0.10926750303520842,0.060299473897207606,0.09834075273168758,0.06717927964386888,0.11452853095912587,0.09631728045325778,0.09955483609874545,0.10319708619991906,0.11614730878186968,0.07851072440307567,0.11736139214892756,0.07729664103601781,0.09550789154188588,0.07041683528935654,0.07851072440307567,0.10198300283286119,0.12302711452853096,0.09105625252934035,0.11857547551598543,0.06475111290975313,0.04492108458114124,0.09874544718737353,0.08700930797248077,0.06920275192229866,0.06232294617563739,0.08134358559287738,0.09550789154188588,0.08053419668150547,0.06839336301092674,0.04734925131525698,0.05584783488466208,0.060704168352893564,0.0679886685552408,0.11614730878186968,0.059490084985835696,0.05868069607446378,0.0821529745042493,0.08134358559287738,0.06717927964386888,0.06475111290975313,0.05220558478348847,0.050586806960744635,0.07851072440307567,0.06515580736543909,0.07567786321327398,0.059490084985835696,0.08012950222581951,0.06191825171995144,0.09267503035208417,0.049777418049372725,0.06717927964386888,0.07689194658033185,0.06394172399838122,0.05868069607446378,0.036017806556050184,0.05746661270740591,0.06434641845406718,0.09348441926345609,0.07041683528935654,0.05422905706191825,0.07932011331444759,0.06839336301092674,0.0708215297450425,0.08903278025091056,0.0687980574666127,0.053419668150546336,0.0708215297450425,0.07851072440307567,0.04937272359368677,0.053419668150546336,0.06434641845406718,0.056657223796033995,0.07041683528935654,0.057061918251719954,0.07689194658033185,0.08093889113719142,0.10441116956697694,0.06920275192229866,0.06191825171995144,0.07851072440307567,0.07608255766895994,0.060299473897207606,0.05099150141643059,0.06960744637798462,0.05503844597329017,0.05746661270740591,0.05544314042897612,0.03844597329016593,0.07486847430190206,0.05746661270740591,0.05544314042897612,0.06839336301092674,0.043707001214083364,0.04856333468231485,0.049777418049372725,0.0829623634156212,0.04087414002428167,0.05099150141643059,0.05099150141643059,0.04775394577094294,0.046539862403885066,0.04451639012545528,0.06394172399838122,0.059490084985835696,0.045730473492513156,0.06920275192229866,0.04775394577094294,0.06272764063132336,0.04127883447996762,0.04492108458114124,0.07122622420072845,0.05989477944152165,0.04046944556859571,0.05503844597329017,0.02063941723998381,0.05422905706191825,0.03925536220153784,0.04411169566976932,0.04208822339133954,0.045730473492513156,0.08053419668150547,0.06596519627681101,0.04815864022662889,0.06758397409955484,0.05625252934034804,0.04815864022662889,0.032780250910562525,0.03925536220153784,0.05220558478348847,0.042897612302711455,0.036017806556050184,0.03480372318899231,0.04613516794819911,0.049777418049372725,0.04087414002428167,0.036827195467422094,0.05018211250505868,0.04734925131525698,0.042492917847025496,0.036827195467422094,0.04411169566976932,0.04734925131525698,0.04492108458114124,0.03925536220153784,0.03763658437879401,0.04330230675839741,0.02954269526507487,0.04330230675839741,0.04734925131525698,0.04208822339133954,0.05099150141643059,0.03763658437879401,0.04492108458114124,0.05301497369486038,0.060704168352893564,0.03358963982193444,0.046944556859571024,0.02954269526507487,0.043707001214083364,0.021448806151355727,0.05301497369486038,0.03925536220153784,0.052610279239174426,0.060299473897207606,0.03723188992310805,0.03439902873330635,0.05301497369486038,0.03358963982193444,0.03237555645487657,0.03723188992310805,0.05787130716309186,0.04168352893565358,0.028733306353702956,0.03885066774585188,0.053824362606232294,0.02792391744233104,0.039660056657223795,0.02509105625252934,0.05746661270740591,0.036827195467422094,0.036827195467422094,0.05220558478348847,0.0708215297450425,0.04046944556859571,0.026709834075273168,0.04734925131525698,0.042897612302711455,0.03925536220153784,0.026305139619587213,0.04896802913800081,0.04127883447996762,0.028328611898016998,0.05018211250505868,0.03925536220153784,0.050586806960744635,0.023067583974099554,0.046944556859571024,0.040064751112909754,0.04087414002428167,0.04492108458114124,0.027519222986645085,0.03237555645487657,0.05422905706191825,0.023472278429785512
nh0014,1.0,0.6058035714285714,0.509375,0.3049107142857143,0.26071428571428573,0.2897321428571429,0.3357142857142857,0.28169642857142857,0.18928571428571428,0.209375,0.19151785714285716,0.20580357142857142,0.19955357142857144,0.2,0.19375,0.23214285714285715,0.22321428571428573,0.14241071428571428,0.20714285714285716,0.20401785714285714,0.15982142857142856,0.22053571428571428,0.18705357142857143,0.14776785714285715,0.146875,0.1392857142857143,0.18660714285714286,0.14955357142857142,0.11607142857142858,0.16383928571428572,0.18125,0.16071428571428573,0.1732142857142857,0.11473214285714285,0.18214285714285713,0.16473214285714285,0.1825892857142857,0.13303571428571428,0.15089285714285713,0.10178571428571428,0.1455357142857143,0.12410714285714286,0.11026785714285714,0.14464285714285716,0.10982142857142857,0.14821428571428572,0.084375,0.09776785714285714,0.06875,0.17767857142857144,0.10133928571428572,0.109375,0.08571428571428572,0.09732142857142857,0.10133928571428572,0.13392857142857142,0.08794642857142858,0.10401785714285715,0.09732142857142857,0.13705357142857144,0.09821428571428571,0.10401785714285715,0.10491071428571429,0.1,0.10625,0.11339285714285714,0.10803571428571429,0.06651785714285714,0.09776785714285714,0.08571428571428572,0.054910714285714285,0.134375,0.08258928571428571,0.09776785714285714,0.09732142857142857,0.08571428571428572,0.07946428571428571,0.07857142857142857,0.054017857142857145,0.060267857142857144,0.09508928571428571,0.09285714285714286,0.07455357142857143,0.10714285714285714,0.09821428571428571,0.06160714285714286,0.048214285714285716,0.10267857142857142,0.07410714285714286,0.065625,0.07276785714285715,0.06964285714285715,0.07633928571428572,0.06383928571428571,0.04330357142857143,0.06741071428571428,0.07366071428571429,0.06964285714285715,0.06294642857142857,0.055357142857142855,0.06696428571428571,0.07053571428571428,0.07008928571428572,0.07723214285714286,0.04330357142857143,0.10446428571428572,0.07276785714285715,0.09241071428571429,0.08080357142857143,0.09508928571428571,0.10625,0.07276785714285715,0.045089285714285714,0.07142857142857142,0.053125,0.08616071428571428,0.09285714285714286,0.02142857142857143,0.12276785714285714,0.08035714285714286,0.059821428571428574,0.06205357142857143,0.06696428571428571,0.08258928571428571,0.03660714285714286,0.07321428571428572,0.06160714285714286,0.07946428571428571,0.06919642857142858,0.025892857142857145,0.054464285714285715,0.078125,0.06964285714285715,0.054910714285714285,0.05803571428571429,0.07098214285714285,0.059821428571428574,0.03080357142857143,0.04732142857142857,0.07589285714285714,0.08035714285714286,0.04196428571428571,0.06919642857142858,0.060267857142857144,0.05178571428571429,0.07142857142857142,0.06473214285714286,0.06741071428571428,0.07410714285714286,0.05178571428571429,0.044642857142857144,0.05267857142857143,0.05133928571428571,0.0625,0.049107142857142856,0.049107142857142856,0.05625,0.06428571428571428,0.06294642857142857,0.04107142857142857,0.03571428571428571,0.06651785714285714,0.046875,0.060714285714285714,0.109375,0.04285714285714286,0.026785714285714284,0.033482142857142856,0.02544642857142857,0.024107142857142858,0.05625,0.04285714285714286,0.04241071428571429,0.06383928571428571,0.027232142857142858,0.05223214285714286,0.06696428571428571,0.060267857142857144,0.06919642857142858,0.04642857142857143,0.07098214285714285,0.07857142857142857,0.03214285714285714,0.03705357142857143,0.044642857142857144,0.01607142857142857,0.039285714285714285,0.02857142857142857,0.044196428571428574,0.053125,0.054910714285714285,0.05758928571428571,0.040625,0.06339285714285714,0.059375,0.05758928571428571,0.04330357142857143,0.048660714285714286,0.07723214285714286,0.045535714285714284,0.053125,0.045535714285714284,0.04196428571428571,0.04196428571428571,0.08080357142857143,0.04375,0.04196428571428571,0.033482142857142856,0.04107142857142857,0.048660714285714286,0.034375,0.033482142857142856,0.059821428571428574,0.045535714285714284,0.04375,0.027232142857142858,0.065625,0.05267857142857143,0.06160714285714286,0.04285714285714286,0.029910714285714287,0.03660714285714286,0.04107142857142857,0.044196428571428574,0.034375,0.040625,0.04017857142857143,0.03169642857142857,0.039285714285714285,0.06919642857142858,0.06294642857142857,0.03526785714285714,0.065625,0.054017857142857145,0.04107142857142857,0.026339285714285714,0.04732142857142857,0.033035714285714286,0.033928571428571426,0.05625,0.05089285714285714,0.029910714285714287,0.033482142857142856,0.024107142857142858,0.04330357142857143,0.055357142857142855,0.053125,0.06473214285714286,0.008482142857142856,0.05580357142857143,0.0004464285714285714,0.029464285714285714,0.04598214285714286,0.01830357142857143,0.03705357142857143,0.014732142857142857,0.05089285714285714,0.04598214285714286,0.02544642857142857,0.03482142857142857,0.05133928571428571,0.02857142857142857,0.045089285714285714,0.04598214285714286,0.05669642857142857,0.05758928571428571,0.024107142857142858,0.06383928571428571,0.029464285714285714,0.044196428571428574,0.022767857142857142,0.027678571428571427,0.04196428571428571,0.03214285714285714,0.026785714285714284,0.04151785714285714,0.05580357142857143,0.03616071428571429,0.027678571428571427,0.033482142857142856,0.034375,0.039732142857142855,0.054464285714285715,0.03571428571428571,0.039285714285714285,0.012946428571428572,0.04330357142857143,0.028125,0.028125,0.033035714285714286,0.05,0.04017857142857143,0.04107142857142857,0.054910714285714285,0.019642857142857142,0.029017857142857144,0.049107142857142856,0.03169642857142857,0.06517857142857143,0.04330357142857143
nh0015,1.0,0.4879725085910653,0.44054982817869415,0.33676975945017185,0.47812142038946165,0.3528064146620848,0.3942726231386025,0.3101947308132875,0.30126002290950743,0.2217640320733104,0.3030927835051546,0.21168384879725086,0.20985108820160367,0.2270332187857961,0.28865979381443296,0.18304696449026345,0.21855670103092784,0.2524627720504009,0.1667812142038946,0.18991981672394043,0.20664375715922106,0.15189003436426116,0.16494845360824742,0.18396334478808707,0.18419243986254297,0.1709049255441008,0.15624284077892325,0.10790378006872853,0.1981672394043528,0.1134020618556701,0.15234822451317298,0.17571592210767467,0.1445589919816724,0.18717067583046965,0.09919816723940435,0.1131729667812142,0.10286368843069874,0.12714776632302405,0.09484536082474226,0.13676975945017184,0.09942726231386025,0.10973654066437571,0.21832760595647194,0.12485681557846506,0.12783505154639174,0.08934707903780069,0.11248568155784651,0.11912943871706758,0.1420389461626575,0.06620847651775487,0.10080183276059565,0.13974799541809851,0.11729667812142039,0.12394043528064147,0.18006872852233677,0.10882016036655212,0.12142038946162657,0.0856815578465063,0.10607101947308133,0.09117983963344788,0.13928980526918672,0.1152348224513173,0.11248568155784651,0.1427262313860252,0.12119129438717068,0.06964490263459336,0.09347079037800687,0.08888888888888889,0.13012600229095075,0.06368843069873997,0.09324169530355098,0.10286368843069874,0.08224513172966781,0.1131729667812142,0.10561282932416953,0.09553264604810996,0.11729667812142039,0.09851088201603665,0.14914089347079038,0.15876288659793814,0.10698739977090492,0.11752577319587629,0.1111111111111111,0.07399770904925544,0.09117983963344788,0.09003436426116838,0.09484536082474226,0.07743413516609393,0.15257731958762888,0.12142038946162657,0.09209621993127148,0.10927835051546392,0.07697594501718213,0.10973654066437571,0.08888888888888889,0.08911798396334479,0.09736540664375716,0.07193585337915234,0.12233676975945017,0.07422680412371134,0.07605956471935853,0.09530355097365406,0.06575028636884307,0.09988545246277206,0.10744558991981673,0.056815578465063,0.113631156930126,0.08430698739977091,0.06620847651775487,0.08201603665521191,0.062084765177548684,0.09965635738831616,0.1108820160366552,0.07880870561282932,0.09072164948453608,0.07743413516609393,0.047193585337915234,0.07308132875143185,0.05108820160366552,0.09644902634593357,0.06987399770904926,0.07101947308132875,0.0836197021764032,0.07216494845360824,0.058419243986254296,0.06368843069873997,0.07124856815578465,0.03825887743413517,0.07147766323024055,0.07285223367697595,0.0579610538373425,0.07262313860252005,0.05337915234822451,0.07697594501718213,0.08407789232531501,0.0861397479954181,0.04604810996563574,0.08178694158075601,0.07972508591065292,0.05589919816723941,0.06964490263459336,0.06437571592210767,0.10332187857961053,0.054982817869415807,0.06323024054982818,0.0579610538373425,0.0581901489117984,0.07583046964490263,0.056357388316151204,0.05910652920962199,0.047193585337915234,0.04879725085910653,0.06002290950744559,0.07605956471935853,0.06964490263459336,0.0570446735395189,0.06231386025200458,0.07216494845360824,0.05085910652920962,0.07491408934707904,0.08430698739977091,0.06666666666666667,0.05910652920962199,0.07605956471935853,0.04032073310423826,0.06758304696449026,0.05589919816723941,0.07422680412371134,0.07033218785796105,0.05429553264604811,0.07789232531500573,0.06025200458190149,0.09759450171821306,0.0577319587628866,0.06460481099656358,0.06300114547537228,0.05223367697594502,0.03688430698739977,0.09965635738831616,0.06804123711340206,0.062084765177548684,0.06391752577319587,0.07537227949599083,0.05108820160366552,0.04604810996563574,0.05452462772050401,0.08980526918671249,0.0833906071019473,0.03734249713631157,0.043528064146620846,0.03917525773195876,0.06529209621993128,0.041237113402061855,0.03115693012600229,0.03505154639175258,0.03757159221076747,0.07376861397479954,0.04833906071019473,0.043528064146620846,0.052920962199312714,0.04627720504009164,0.06849942726231387,0.06025200458190149,0.04329896907216495,0.043528064146620846,0.049255441008018326,0.04054982817869416,0.06781214203894616,0.03138602520045819,0.06391752577319587,0.03963344788087056,0.045819014891179836,0.03505154639175258,0.045819014891179836,0.05017182130584193,0.08705612829324169,0.03230240549828179,0.0570446735395189,0.035280641466208476,0.0581901489117984,0.04306987399770905,0.0572737686139748,0.047880870561282936,0.048109965635738834,0.044673539518900345,0.0565864833906071,0.0286368843069874,0.048109965635738834,0.0581901489117984,0.024054982817869417,0.036426116838487975,0.04261168384879725,0.036426116838487975,0.04513172966781214,0.04077892325315006,0.044673539518900345,0.05154639175257732,0.05131729667812142,0.07308132875143185,0.041008018327605956,0.035509736540664374,0.04146620847651775,0.044673539518900345,0.06071019473081329,0.03069873997709049,0.02565864833906071,0.04902634593356243,0.0288659793814433,0.04490263459335624,0.0286368843069874,0.05475372279495991,0.0565864833906071,0.05315005727376861,0.04994272623138603,0.035280641466208476,0.07422680412371134,0.04856815578465063,0.026804123711340205,0.03848797250859107,0.05246277205040092,0.05131729667812142,0.05406643757159221,0.03413516609392898,0.04398625429553265,0.026575028636884306,0.023596792668957617,0.045819014891179836,0.03138602520045819,0.050400916380297825,0.048109965635738834,0.03505154639175258,0.04490263459335624,0.045819014891179836,0.03917525773195876,0.04765177548682703,0.035280641466208476,0.030469644902634593,0.04306987399770905,0.04146620847651775,0.05337915234822451,0.032989690721649485,0.04306987399770905,0.05475372279495991,0.03138602520045819,0.03069873997709049,0.04856815578465063,0.03253150057273769,0.04742268041237113,0.04513172966781214,0.0284077892325315,0.038717067583046966,0.02336769759450172,0.04627720504009164,0.03825887743413517,0.05131729667812142,0.035509736540664374,0.04627720504009164,0.04833906071019473,0.038029782359679264,0.028178694158075602
nh0016,1.0,0.41370716510903427,0.4205607476635514,0.25358255451713396,0.35077881619937695,0.3557632398753894,0.32772585669781934,0.22803738317757008,0.35950155763239877,0.28909657320872273,0.13582554517133957,0.2523364485981308,0.17445482866043613,0.18193146417445483,0.18629283489096574,0.1838006230529595,0.20809968847352026,0.21495327102803738,0.22741433021806853,0.16635514018691588,0.20498442367601247,0.17009345794392525,0.1601246105919003,0.2193146417445483,0.13707165109034267,0.1707165109034268,0.18130841121495328,0.17133956386292834,0.14018691588785046,0.13707165109034267,0.14392523364485982,0.2,0.17757009345794392,0.2,0.10404984423676013,0.12710280373831775,0.15514018691588785,0.1233644859813084,0.10218068535825545,0.12274143302180686,0.1395638629283489,0.13707165109034267,0.12024922118380062,0.11900311526479751,0.11838006230529595,0.09781931464174455,0.09470404984423676,0.1277258566978193,0.10404984423676013,0.09345794392523364,0.1233644859813084,0.08847352024922119,0.09906542056074766,0.06355140186915888,0.09968847352024922,0.1059190031152648,0.17133956386292834,0.10965732087227414,0.1059190031152648,0.11214953271028037,0.14143302180685358,0.11401869158878504,0.09657320872274143,0.09345794392523364,0.0691588785046729,0.09595015576323987,0.0940809968847352,0.11152647975077881,0.09345794392523364,0.07476635514018691,0.07165109034267912,0.08411214953271028,0.06105919003115265,0.07725856697819315,0.08598130841121496,0.06853582554517133,0.0853582554517134,0.10031152647975078,0.06978193146417445,0.07850467289719626,0.07725856697819315,0.08037383177570094,0.0691588785046729,0.08785046728971962,0.08286604361370717,0.09221183800623053,0.08785046728971962,0.08348909657320873,0.09283489096573208,0.07040498442367601,0.08224299065420561,0.07912772585669782,0.08286604361370717,0.08099688473520249,0.07476635514018691,0.08161993769470405,0.07538940809968847,0.10342679127725857,0.06417445482866044,0.12834890965732088,0.08722741433021806,0.07227414330218068,0.0778816199376947,0.06853582554517133,0.049221183800623056,0.05545171339563863,0.0853582554517134,0.064797507788162,0.0573208722741433,0.1526479750778816,0.08660436137071652,0.07975077881619938,0.0735202492211838,0.0778816199376947,0.04236760124610592,0.09345794392523364,0.059813084112149535,0.06666666666666667,0.05482866043613707,0.07663551401869159,0.06978193146417445,0.05669781931464175,0.05545171339563863,0.08099688473520249,0.04735202492211838,0.06230529595015576,0.0660436137071651,0.06728971962616823,0.06292834890965732,0.04672897196261682,0.07102803738317758,0.056074766355140186,0.06542056074766354,0.07102803738317758,0.07663551401869159,0.03987538940809969,0.05109034267912772,0.048598130841121495,0.05420560747663551,0.0691588785046729,0.09719626168224299,0.04984423676012461,0.03489096573208723,0.07975077881619938,0.05545171339563863,0.07538940809968847,0.06417445482866044,0.06666666666666667,0.0778816199376947,0.06043613707165109,0.08348909657320873,0.03115264797507788,0.052336448598130844,0.044859813084112146,0.05046728971962617,0.06105919003115265,0.07663551401869159,0.06978193146417445,0.058566978193146414,0.044859813084112146,0.06978193146417445,0.03925233644859813,0.07102803738317758,0.06105919003115265,0.04236760124610592,0.05420560747663551,0.06728971962616823,0.04299065420560748,0.059813084112149535,0.06230529595015576,0.07538940809968847,0.09657320872274143,0.0367601246105919,0.0691588785046729,0.07663551401869159,0.040498442367601244,0.04735202492211838,0.048598130841121495,0.10342679127725857,0.07165109034267912,0.04423676012461059,0.044859813084112146,0.0660436137071651,0.0573208722741433,0.03551401869158879,0.06105919003115265,0.04361370716510903,0.037383177570093455,0.06666666666666667,0.06105919003115265,0.0616822429906542,0.064797507788162,0.04735202492211838,0.03925233644859813,0.0573208722741433,0.05358255451713396,0.0573208722741433,0.029283489096573207,0.03987538940809969,0.06105919003115265,0.04735202492211838,0.03551401869158879,0.02679127725856698,0.0573208722741433,0.03987538940809969,0.04548286604361371,0.03426791277258567,0.038629283489096576,0.05109034267912772,0.041121495327102804,0.01806853582554517,0.03925233644859813,0.03302180685358255,0.041121495327102804,0.04361370716510903,0.052336448598130844,0.05482866043613707,0.03177570093457944,0.041744548286604365,0.07414330218068536,0.0367601246105919,0.052336448598130844,0.051713395638629284,0.04610591900311527,0.04423676012461059,0.038629283489096576,0.03364485981308411,0.04672897196261682,0.05420560747663551,0.06043613707165109,0.038006230529595016,0.0367601246105919,0.056074766355140186,0.030529595015576325,0.04299065420560748,0.04548286604361371,0.04361370716510903,0.04548286604361371,0.04610591900311527,0.044859813084112146,0.041121495327102804,0.03364485981308411,0.03987538940809969,0.05794392523364486,0.041121495327102804,0.049221183800623056,0.04672897196261682,0.040498442367601244,0.05046728971962617,0.0529595015576324,0.03177570093457944,0.058566978193146414,0.04610591900311527,0.04299065420560748,0.04423676012461059,0.05794392523364486,0.048598130841121495,0.041121495327102804,0.04984423676012461,0.02866043613707165,0.05420560747663551,0.038629283489096576,0.03177570093457944,0.0367601246105919,0.038006230529595016,0.041121495327102804,0.0367601246105919,0.03925233644859813,0.038629283489096576,0.040498442367601244,0.03925233644859813,0.030529595015576325,0.041121495327102804,0.029906542056074768,0.04361370716510903,0.041121495327102804,0.041121495327102804,0.07102803738317758,0.03426791277258567,0.02866043613707165,0.05046728971962617,0.05109034267912772,0.049221183800623056,0.0616822429906542,0.049221183800623056,0.02679127725856698,0.04236760124610592,0.032398753894081,0.02679127725856698,0.03987538940809969,0.04423676012461059,0.0660436137071651,0.03987538940809969,0.02367601246105919,0.03551401869158879,0.02866043613707165,0.03987538940809969,0.030529595015576325,0.03426791277258567,0.03177570093457944
nh0017,1.0,0.5634615384615385,0.491497975708502,0.44767206477732796,0.39534412955465587,0.3297570850202429,0.2986842105263158,0.30647773279352225,0.26305668016194333,0.29746963562753037,0.2728744939271255,0.24331983805668017,0.2631578947368421,0.2423076923076923,0.23937246963562753,0.21082995951417005,0.23461538461538461,0.2519230769230769,0.26093117408906885,0.20799595141700405,0.2040485829959514,0.20607287449392714,0.22408906882591093,0.17398785425101215,0.1743927125506073,0.16295546558704455,0.1785425101214575,0.17307692307692307,0.17955465587044533,0.17965587044534412,0.16234817813765182,0.151417004048583,0.13765182186234817,0.17419028340080972,0.18168016194331985,0.1909919028340081,0.16619433198380568,0.1646761133603239,0.12004048582995952,0.13623481781376517,0.17580971659919029,0.1888663967611336,0.14433198380566803,0.11376518218623481,0.13906882591093117,0.14048582995951417,0.2581983805668016,0.1458502024291498,0.12338056680161943,0.1194331983805668,0.08502024291497975,0.12955465587044535,0.1534412955465587,0.12095141700404859,0.0860323886639676,0.13421052631578947,0.1,0.1479757085020243,0.12834008097165991,0.10708502024291498,0.11963562753036437,0.10880566801619433,0.10890688259109312,0.1395748987854251,0.14139676113360325,0.10516194331983805,0.1258097165991903,0.1187246963562753,0.1242914979757085,0.11558704453441296,0.1318825910931174,0.11518218623481781,0.10647773279352227,0.09878542510121457,0.09827935222672064,0.09949392712550607,0.15870445344129555,0.08552631578947369,0.09665991902834008,0.09483805668016194,0.09969635627530364,0.09848178137651822,0.10111336032388664,0.1041497975708502,0.08967611336032388,0.09493927125506073,0.08836032388663968,0.08157894736842106,0.07813765182186234,0.09534412955465588,0.11973684210526316,0.09281376518218623,0.10384615384615385,0.09058704453441295,0.08481781376518219,0.09251012145748988,0.09210526315789473,0.08410931174089069,0.06265182186234818,0.08076923076923077,0.11163967611336033,0.08350202429149797,0.08593117408906882,0.09078947368421053,0.07095141700404858,0.07074898785425102,0.0861336032388664,0.09483805668016194,0.08168016194331984,0.06487854251012146,0.07955465587044534,0.09281376518218623,0.10394736842105264,0.09362348178137651,0.07408906882591093,0.06619433198380567,0.09109311740890688,0.20516194331983806,0.08461538461538462,0.08451417004048584,0.08512145748987854,0.0715587044534413,0.07601214574898786,0.08107287449392712,0.09342105263157895,0.1,0.10121457489878542,0.07206477732793522,0.0694331983805668,0.08997975708502025,0.07591093117408906,0.08896761133603238,0.08309716599190284,0.09919028340080972,0.06548582995951417,0.08582995951417004,0.06619433198380567,0.08491902834008097,0.07196356275303643,0.07408906882591093,0.07024291497975708,0.10404858299595142,0.11123481781376518,0.09261133603238866,0.06477732793522267,0.06518218623481781,0.06184210526315789,0.06538461538461539,0.04848178137651822,0.09726720647773279,0.06680161943319839,0.06710526315789474,0.054048582995951416,0.07034412955465587,0.07611336032388664,0.04888663967611336,0.0604251012145749,0.0659919028340081,0.06892712550607287,0.05748987854251012,0.08532388663967612,0.0694331983805668,0.07722672064777328,0.05303643724696356,0.06336032388663967,0.0659919028340081,0.06761133603238867,0.07115384615384615,0.0742914979757085,0.17105263157894737,0.06619433198380567,0.05728744939271255,0.051923076923076926,0.04311740890688259,0.06649797570850202,0.045040485829959516,0.041700404858299595,0.07580971659919028,0.06153846153846154,0.04159919028340081,0.054048582995951416,0.08977732793522267,0.06082995951417004,0.05303643724696356,0.0673076923076923,0.1680161943319838,0.03572874493927126,0.04271255060728745,0.062246963562753034,0.050404858299595144,0.05536437246963563,0.050708502024291495,0.05455465587044534,0.07216599190283401,0.06346153846153846,0.04524291497975708,0.046761133603238865,0.07105263157894737,0.06963562753036437,0.06214574898785425,0.043218623481781376,0.0465587044534413,0.04838056680161943,0.05566801619433198,0.039979757085020245,0.05273279352226721,0.0638663967611336,0.06103238866396761,0.04412955465587044,0.0465587044534413,0.0832995951417004,0.057186234817813764,0.032692307692307694,0.07176113360323887,0.06761133603238867,0.03937246963562753,0.056477732793522264,0.051113360323886636,0.0638663967611336,0.049696356275303645,0.043218623481781376,0.05060728744939271,0.05576923076923077,0.038157894736842106,0.05374493927125506,0.04817813765182186,0.05931174089068826,0.047874493927125505,0.04331983805668016,0.050404858299595144,0.04645748987854251,0.058299595141700404,0.06153846153846154,0.03643724696356275,0.03866396761133603,0.053238866396761134,0.055870445344129556,0.04848178137651822,0.040283400809716596,0.0458502024291498,0.05708502024291498,0.07145748987854252,0.05910931174089069,0.040991902834008095,0.08076923076923077,0.05597165991902834,0.03643724696356275,0.04908906882591093,0.15546558704453442,0.030060728744939272,0.1757085020242915,0.052530364372469635,0.04230769230769231,0.0555668016194332,0.05455465587044534,0.07732793522267206,0.04078947368421053,0.03825910931174089,0.03714574898785425,0.05809716599190284,0.04757085020242915,0.045040485829959516,0.050809716599190285,0.03805668016194332,0.05779352226720648,0.06184210526315789,0.04827935222672065,0.054048582995951416,0.043218623481781376,0.03097165991902834,0.04989878542510121,0.04018218623481781,0.051417004048582994,0.04878542510121457,0.039979757085020245,0.05212550607287449,0.054048582995951416,0.051113360323886636,0.03836032388663967,0.043218623481781376,0.05172064777327935,0.031275303643724696,0.03228744939271255,0.047165991902834006,0.034210526315789476,0.035323886639676116,0.04696356275303644,0.03977732793522267,0.04433198380566802,0.0361336032388664,0.037753036437246965,0.05273279352226721,0.03967611336032389,0.04261133603238866,0.042813765182186235,0.04979757085020243,0.05850202429149798,0.04190283400809717,0.048582995951417005,0.06639676113360324
nh0018,1.0,0.5950329447541814,0.5144450076026356,0.3345159655347187,0.30613279270146987,0.35631018753167765,0.5129244804865687,0.40496705524581855,0.2843385707045109,0.2848454130765332,0.25747592498732896,0.2615306639635073,0.2645717181956412,0.22351748606183477,0.32437911809427267,0.2584896097313735,0.24733907754688292,0.2002027369488089,0.24429802331474912,0.2336543335022808,0.27166751140395334,0.16675114039533706,0.2377090724784592,0.1926001013684744,0.19614799797263052,0.1849974657881399,0.15914850481500253,0.18449062341611758,0.16573745565129244,0.15610745058286873,0.22605169792194627,0.16725798276735934,0.21186011150532186,0.15762797769893563,0.2017232640648758,0.14749113025848962,0.1373542828180436,0.11708058793715155,0.16675114039533706,0.15053218449062342,0.10491637100861632,0.16218955904713633,0.16066903193106943,0.13127217435377597,0.11758743030917385,0.19614799797263052,0.1388748099341105,0.10846426761277243,0.11708058793715155,0.10440952863659402,0.2468322351748606,0.1383679675620882,0.12113532691332995,0.0968068930562595,0.048656867714140906,0.13025848960973138,0.12113532691332995,0.15712113532691332,0.16979219462747086,0.12316269640141916,0.0957932083122149,0.21439432336543335,0.13025848960973138,0.0978205778003041,0.13025848960973138,0.10238215914850482,0.07856056766345666,0.13786112519006588,0.11657374556512924,0.0968068930562595,0.07349214394323365,0.10390268626457172,0.10035478966041561,0.10491637100861632,0.14951849974657883,0.0937658388241257,0.06487582361885454,0.21287379624936645,0.11454637607704005,0.05828687278256462,0.08312214901165738,0.10288900152052712,0.094272681196148,0.07602635580334516,0.12924480486568676,0.12265585402939685,0.10846426761277243,0.10643689812468322,0.08261530663963507,0.07551951343132286,0.10795742524075012,0.07957425240750127,0.06588950836289914,0.094272681196148,0.08768373035985809,0.06183476938672073,0.11353269133299544,0.06842372022301065,0.10035478966041561,0.10440952863659402,0.0957932083122149,0.0912316269640142,0.08616320324379118,0.09224531170805879,0.08413583375570198,0.08869741510390268,0.09224531170805879,0.12823112012164217,0.10339584389254941,0.08210846426761277,0.08312214901165738,0.10897110998479473,0.0902179422199696,0.09224531170805879,0.08717688798783578,0.11809427268119614,0.11099847947288394,0.07653319817536747,0.10643689812468322,0.0917384693360365,0.07602635580334516,0.07653319817536747,0.09883426254434871,0.07653319817536747,0.08464267612772428,0.06791687785098834,0.060821084642676125,0.08971109984794728,0.08210846426761277,0.08413583375570198,0.06791687785098834,0.07095793208312215,0.0902179422199696,0.07704004054738976,0.0476431829700963,0.07247845919918905,0.08109477952356817,0.04257475924987329,0.07551951343132286,0.051697921946274705,0.10998479472883933,0.06639635073492144,0.08920425747592499,0.0496705524581855,0.06132792701469843,0.07805372529143437,0.055752660922453116,0.08768373035985809,0.07146477445514444,0.10339584389254941,0.11099847947288394,0.06335529650278764,0.08616320324379118,0.08312214901165738,0.06436898124683224,0.08869741510390268,0.08312214901165738,0.08869741510390268,0.07450582868727826,0.06791687785098834,0.08464267612772428,0.05676634566649772,0.055245818550430814,0.10136847440446022,0.07754688291941206,0.06588950836289914,0.060821084642676125,0.03446528129751647,0.11910795742524075,0.041054232133806386,0.05068423720223011,0.05676634566649772,0.06284845413076533,0.0978205778003041,0.08819057273188038,0.05676634566649772,0.0932589964521034,0.05220476431829701,0.06335529650278764,0.06791687785098834,0.07045108971109985,0.08109477952356817,0.08819057273188038,0.04206791687785099,0.05625950329447542,0.03598580841358338,0.03649265078560568,0.050177394830207805,0.050177394830207805,0.06132792701469843,0.0917384693360365,0.11961479979726306,0.048656867714140906,0.06639635073492144,0.051697921946274705,0.06893056259503294,0.0496705524581855,0.0466294982260517,0.12214901165737456,0.06791687785098834,0.08920425747592499,0.06335529650278764,0.04409528636594019,0.055245818550430814,0.07906741003547897,0.055752660922453116,0.021287379624936646,0.06234161175874303,0.06639635073492144,0.06234161175874303,0.04004054738976178,0.048656867714140906,0.05119107957425241,0.03446528129751647,0.035478966041561075,0.08768373035985809,0.07754688291941206,0.06386213887480993,0.06335529650278764,0.0451089711099848,0.05220476431829701,0.04004054738976178,0.060821084642676125,0.0451089711099848,0.059300557526609225,0.04409528636594019,0.050177394830207805,0.06436898124683224,0.07551951343132286,0.08261530663963507,0.039533705017739486,0.0496705524581855,0.07095793208312215,0.04156107450582869,0.053725291434363914,0.03345159655347187,0.0496705524581855,0.046122655854029394,0.03446528129751647,0.03649265078560568,0.0456158134820071,0.041054232133806386,0.02331474911302585,0.0476431829700963,0.07653319817536747,0.047136340598074,0.0456158134820071,0.050177394830207805,0.02027369488089204,0.09883426254434871,0.0456158134820071,0.031424227065382664,0.06183476938672073,0.02331474911302585,0.03345159655347187,0.021287379624936646,0.06234161175874303,0.0456158134820071,0.05423213380638622,0.0466294982260517,0.05321844906234161,0.0466294982260517,0.04054738976178408,0.0456158134820071,0.046122655854029394,0.03446528129751647,0.04308160162189559,0.07197161682716675,0.03598580841358338,0.02382159148504815,0.0481500253421186,0.04409528636594019,0.050177394830207805,0.048656867714140906,0.06031424227065383,0.024328433857070453,0.050177394830207805,0.07349214394323365,0.06284845413076533,0.05068423720223011,0.05828687278256462,0.048656867714140906,0.07247845919918905,0.06639635073492144,0.0451089711099848,0.05676634566649772,0.08362899138367967,0.055752660922453116,0.04206791687785099,0.04257475924987329,0.04308160162189559,0.02483527622909275,0.051697921946274705,0.06284845413076533,0.06588950836289914,0.031931069437404966,0.026862645717181957,0.06132792701469843,0.0952863659401926,0.022301064368981247
nh0019,1.0,0.6141522029372497,0.774365821094793,0.2910547396528705,0.40720961281708945,0.3978638184245661,0.5594125500667557,0.7436582109479306,0.3978638184245661,0.3137516688918558,0.3030707610146863,0.27369826435246997,0.2923898531375167,0.2643524699599466,0.5046728971962616,0.29906542056074764,0.2683578104138852,0.17757009345794392,0.24833110814419226,0.24699599465954605,0.2656875834445928,0.2616822429906542,0.22429906542056074,0.27369826435246997,0.21762349799732977,0.37783711615487314,0.18157543391188252,0.19359145527369825,0.20026702269692923,0.22162883845126835,0.16688918558077437,0.2136181575433912,0.2389853137516689,0.20160213618157544,0.2109479305740988,0.15353805073431243,0.18157543391188252,0.18157543391188252,0.19626168224299065,0.16955941255006676,0.13618157543391188,0.10013351134846461,0.2109479305740988,0.2136181575433912,0.1628838451268358,0.12550066755674233,0.07476635514018691,0.15220293724966621,0.20293724966622162,0.17890520694259013,0.08277703604806408,0.09746328437917223,0.11214953271028037,0.12149532710280374,0.08811748998664887,0.157543391188251,0.157543391188251,0.12817089452603472,0.1348464619492657,0.18157543391188252,0.09612817089452604,0.09879839786381843,0.14018691588785046,0.08811748998664887,0.157543391188251,0.17222963951935916,0.07610146862483311,0.0534045393858478,0.12016021361815754,0.14819759679572764,0.07610146862483311,0.08411214953271028,0.14686248331108145,0.12550066755674233,0.12283044058744993,0.11214953271028037,0.042723631508678236,0.036048064085447265,0.1068090787716956,0.14819759679572764,0.1054739652870494,0.12283044058744993,0.14285714285714285,0.07476635514018691,0.1081441922563418,0.1308411214953271,0.13885180240320427,0.1081441922563418,0.17356475300400534,0.14419225634178906,0.08811748998664887,0.16555407209612816,0.17489986648865152,0.07209612817089453,0.07209612817089453,0.1081441922563418,0.13618157543391188,0.09879839786381843,0.14285714285714285,0.12550066755674233,0.0801068090787717,0.21495327102803738,0.12416555407209613,0.07076101468624833,0.1348464619492657,0.08945260347129506,0.1268357810413885,0.12149532710280374,0.09078771695594126,0.12817089452603472,0.12016021361815754,0.11081441922563418,0.056074766355140186,0.09078771695594126,0.1041388518024032,0.0801068090787717,0.06942590120160214,0.037383177570093455,0.06275033377837116,0.0774365821094793,0.09212283044058744,0.102803738317757,0.09345794392523364,0.08811748998664887,0.1308411214953271,0.042723631508678236,0.08678237650200267,0.14018691588785046,0.12416555407209613,0.09212283044058744,0.06675567423230974,0.0801068090787717,0.08811748998664887,0.09479305740987984,0.07076101468624833,0.07343124165554073,0.07209612817089453,0.06275033377837116,0.08678237650200267,0.11081441922563418,0.10013351134846461,0.09078771695594126,0.08678237650200267,0.0801068090787717,0.10947930574098798,0.07209612817089453,0.1068090787716956,0.07343124165554073,0.05874499332443257,0.05740987983978638,0.03204272363150868,0.07343124165554073,0.07610146862483311,0.0801068090787717,0.10013351134846461,0.08411214953271028,0.12016021361815754,0.07476635514018691,0.11348464619492657,0.06542056074766354,0.0534045393858478,0.1068090787716956,0.07209612817089453,0.06942590120160214,0.09212283044058744,0.05874499332443257,0.06408544726301736,0.05874499332443257,0.07076101468624833,0.08411214953271028,0.0534045393858478,0.08678237650200267,0.10146862483311081,0.10947930574098798,0.06542056074766354,0.06675567423230974,0.050734312416555405,0.04672897196261682,0.0520694259012016,0.07343124165554073,0.044058744993324434,0.0534045393858478,0.08678237650200267,0.06809078771695594,0.08277703604806408,0.07209612817089453,0.06275033377837116,0.102803738317757,0.036048064085447265,0.06275033377837116,0.06275033377837116,0.12016021361815754,0.029372496662216287,0.0801068090787717,0.05874499332443257,0.07610146862483311,0.0814419225634179,0.03337783711615487,0.08678237650200267,0.05740987983978638,0.06675567423230974,0.0787716955941255,0.06542056074766354,0.04672897196261682,0.0801068090787717,0.07209612817089453,0.09212283044058744,0.05740987983978638,0.049399198931909215,0.056074766355140186,0.014686248331108143,0.0801068090787717,0.03204272363150868,0.07343124165554073,0.06008010680907877,0.06408544726301736,0.07610146862483311,0.0801068090787717,0.05473965287049399,0.037383177570093455,0.04672897196261682,0.07343124165554073,0.07209612817089453,0.06675567423230974,0.07476635514018691,0.08811748998664887,0.049399198931909215,0.05874499332443257,0.04539385847797063,0.037383177570093455,0.06275033377837116,0.04005340453938585,0.049399198931909215,0.0774365821094793,0.0774365821094793,0.05874499332443257,0.07076101468624833,0.07209612817089453,0.05740987983978638,0.06542056074766354,0.04806408544726302,0.03871829105473965,0.0774365821094793,0.07076101468624833,0.04539385847797063,0.05740987983978638,0.06275033377837116,0.049399198931909215,0.0534045393858478,0.0267022696929239,0.022696929238985315,0.06942590120160214,0.0774365821094793,0.04806408544726302,0.037383177570093455,0.04138851802403204,0.0520694259012016,0.06809078771695594,0.04672897196261682,0.05874499332443257,0.04539385847797063,0.044058744993324434,0.06141522029372497,0.0534045393858478,0.050734312416555405,0.0520694259012016,0.06008010680907877,0.06408544726301736,0.050734312416555405,0.06809078771695594,0.0814419225634179,0.056074766355140186,0.025367156208277702,0.06141522029372497,0.05473965287049399,0.04672897196261682,0.03471295060080107,0.05874499332443257,0.05740987983978638,0.028037383177570093,0.050734312416555405,0.0520694259012016,0.06542056074766354,0.04672897196261682,0.037383177570093455,0.06809078771695594,0.06141522029372497,0.04672897196261682,0.0534045393858478,0.037383177570093455,0.04806408544726302,0.021361815754339118,0.02403204272363151,0.04806408544726302,0.04005340453938585,0.04539385847797063,0.03204272363150868,0.037383177570093455,0.03871829105473965,0.009345794392523364
nh0020,1.0,0.4453978159126365,0.390795631825273,0.23634945397815912,0.437597503900156,0.328393135725429,0.3673946957878315,0.23478939157566303,0.3658346333853354,0.30577223088923555,0.23088923556942278,0.2628705148205928,0.14742589703588144,0.21372854914196568,0.18954758190327614,0.17628705148205928,0.2121684867394696,0.30655226209048364,0.21450858034321374,0.21840873634945399,0.21138845553822153,0.1357254290171607,0.12792511700468018,0.1996879875195008,0.15288611544461778,0.13338533541341654,0.16302652106084242,0.16146645865834633,0.1731669266770671,0.15366614664586584,0.1809672386895476,0.17160686427457097,0.17004680187207488,0.16146645865834633,0.11622464898595944,0.1482059282371295,0.14118564742589704,0.15288611544461778,0.11622464898595944,0.10452418096723869,0.11466458658346333,0.14586583463338534,0.14118564742589704,0.13182527301092042,0.11700468018720749,0.1669266770670827,0.0655226209048362,0.12324492979719189,0.18330733229329174,0.10764430577223089,0.1544461778471139,0.12324492979719189,0.1029641185647426,0.08970358814352575,0.13806552262090482,0.08658346333853355,0.15054602184087362,0.10140405616224649,0.14898595943837753,0.10842433697347893,0.15834633385335414,0.11934477379095164,0.09282371294851795,0.11700468018720749,0.0904836193447738,0.08502340093603744,0.1029641185647426,0.09906396255850235,0.0904836193447738,0.09204368174726989,0.08580343213728549,0.10452418096723869,0.09828393135725429,0.08580343213728549,0.09906396255850235,0.093603744149766,0.0811232449297972,0.12714508580343215,0.08034321372854915,0.0967238689547582,0.09828393135725429,0.10218408736349453,0.09828393135725429,0.07566302652106084,0.0904836193447738,0.09828393135725429,0.09438377535101404,0.10140405616224649,0.1435257410296412,0.09282371294851795,0.08502340093603744,0.12246489859594384,0.10218408736349453,0.0873634945397816,0.09906396255850235,0.09906396255850235,0.07644305772230889,0.08892355694227769,0.05850234009360374,0.08034321372854915,0.08190327613104524,0.08190327613104524,0.07098283931357255,0.07020280811232449,0.12012480499219969,0.06708268330733229,0.11934477379095164,0.07956318252730109,0.07722308892355695,0.05226209048361934,0.093603744149766,0.057722308892355696,0.09204368174726989,0.06786271450858035,0.0655226209048362,0.062402496099843996,0.06162246489859594,0.05070202808112324,0.0514820592823713,0.08190327613104524,0.0499219968798752,0.06942277691107644,0.07644305772230889,0.07566302652106084,0.07410296411856475,0.078003120124805,0.09204368174726989,0.056162246489859596,0.07332293291731669,0.044461778471138844,0.0686427457098284,0.056162246489859596,0.060842433697347896,0.046021840873634944,0.08190327613104524,0.06318252730109204,0.04758190327613104,0.0717628705148206,0.060842433697347896,0.0655226209048362,0.07566302652106084,0.07332293291731669,0.0717628705148206,0.05850234009360374,0.07644305772230889,0.07878315132605304,0.06318252730109204,0.06162246489859594,0.09594383775351015,0.06942277691107644,0.06318252730109204,0.0421216848673947,0.06396255850234009,0.0499219968798752,0.0421216848673947,0.062402496099843996,0.0748829953198128,0.0748829953198128,0.08346333853354135,0.07254290171606864,0.05694227769110764,0.05226209048361934,0.08346333853354135,0.0998439937597504,0.041341653666146644,0.036661466458658344,0.057722308892355696,0.054602184087363496,0.0483619344773791,0.0327613104524181,0.060842433697347896,0.08268330733229329,0.0686427457098284,0.06786271450858035,0.06786271450858035,0.05850234009360374,0.0967238689547582,0.0483619344773791,0.05226209048361934,0.057722308892355696,0.04758190327613104,0.0436817472698908,0.07644305772230889,0.06630265210608424,0.06786271450858035,0.030421216848673948,0.0748829953198128,0.0452418096723869,0.06396255850234009,0.062402496099843996,0.042901716068642744,0.078003120124805,0.0483619344773791,0.029641185647425898,0.05538221528861154,0.08970358814352575,0.06006240249609984,0.05850234009360374,0.08814352574102964,0.059282371294851796,0.05538221528861154,0.05070202808112324,0.0514820592823713,0.054602184087363496,0.028081123244929798,0.0436817472698908,0.041341653666146644,0.038221528861154444,0.06318252730109204,0.0421216848673947,0.014820592823712949,0.05538221528861154,0.0187207488299532,0.0374414976599064,0.057722308892355696,0.05226209048361934,0.05694227769110764,0.046801872074883,0.0530421216848674,0.054602184087363496,0.0374414976599064,0.0405616224648986,0.057722308892355696,0.0452418096723869,0.042901716068642744,0.039781591263650544,0.059282371294851796,0.06396255850234009,0.04758190327613104,0.046021840873634944,0.031981279251170044,0.0530421216848674,0.05226209048361934,0.036661466458658344,0.0499219968798752,0.05850234009360374,0.0530421216848674,0.0514820592823713,0.08580343213728549,0.05070202808112324,0.05694227769110764,0.0452418096723869,0.029641185647425898,0.0655226209048362,0.0343213728549142,0.0405616224648986,0.0358814352574103,0.039781591263650544,0.0218408736349454,0.035101404056162244,0.0078003120124804995,0.05070202808112324,0.0452418096723869,0.0374414976599064,0.0390015600624025,0.062402496099843996,0.046801872074883,0.0530421216848674,0.07332293291731669,0.0421216848673947,0.0514820592823713,0.0421216848673947,0.05070202808112324,0.044461778471138844,0.0483619344773791,0.0499219968798752,0.04758190327613104,0.04914196567862714,0.0265210608424337,0.031981279251170044,0.046801872074883,0.031981279251170044,0.0374414976599064,0.0265210608424337,0.039781591263650544,0.056162246489859596,0.033541341653666144,0.0686427457098284,0.04914196567862714,0.044461778471138844,0.07020280811232449,0.0343213728549142,0.0421216848673947,0.0499219968798752,0.054602184087363496,0.0421216848673947,0.0374414976599064,0.0358814352574103,0.0421216848673947,0.05070202808112324,0.02418096723868955,0.060842433697347896,0.05850234009360374,0.0374414976599064,0.0390015600624025,0.031981279251170044,0.028861154446177848,0.0343213728549142,0.0358814352574103,0.0499219968798752
nh0021,1.0,0.6511475409836066,0.6,0.5455737704918033,0.2819672131147541,0.4373770491803279,0.49311475409836064,0.3855737704918033,0.2878688524590164,0.24786885245901638,0.20590163934426228,0.24786885245901638,0.3173770491803279,0.21442622950819673,0.26885245901639343,0.2819672131147541,0.27475409836065573,0.23278688524590163,0.25901639344262295,0.3101639344262295,0.22098360655737706,0.23344262295081966,0.3226229508196721,0.13836065573770492,0.3219672131147541,0.19540983606557377,0.23081967213114754,0.2301639344262295,0.1842622950819672,0.1659016393442623,0.3357377049180328,0.20065573770491804,0.23147540983606557,0.15868852459016394,0.2,0.15147540983606558,0.15344262295081967,0.12786885245901639,0.18360655737704917,0.13573770491803278,0.14295081967213114,0.23737704918032787,0.11278688524590164,0.16983606557377048,0.14885245901639343,0.25245901639344265,0.12131147540983607,0.15475409836065573,0.14754098360655737,0.19737704918032786,0.18622950819672132,0.09770491803278689,0.16983606557377048,0.15540983606557376,0.12,0.12786885245901639,0.09573770491803278,0.2137704918032787,0.1298360655737705,0.1560655737704918,0.13967213114754098,0.14032786885245901,0.1062295081967213,0.1259016393442623,0.11672131147540983,0.0760655737704918,0.11278688524590164,0.11344262295081967,0.08131147540983606,0.1259016393442623,0.12131147540983607,0.17573770491803278,0.09967213114754099,0.1377049180327869,0.14098360655737704,0.10819672131147541,0.09836065573770492,0.15081967213114755,0.10229508196721311,0.0760655737704918,0.11344262295081967,0.06557377049180328,0.08,0.2419672131147541,0.1160655737704918,0.13245901639344262,0.14622950819672131,0.15344262295081967,0.11081967213114755,0.06426229508196721,0.09114754098360656,0.09770491803278689,0.13049180327868853,0.08327868852459017,0.12393442622950819,0.07081967213114754,0.10295081967213114,0.06754098360655737,0.12852459016393442,0.1436065573770492,0.12655737704918033,0.08065573770491803,0.08065573770491803,0.1180327868852459,0.0898360655737705,0.12852459016393442,0.10229508196721311,0.10754098360655738,0.14295081967213114,0.0839344262295082,0.11672131147540983,0.08327868852459017,0.13311475409836065,0.1121311475409836,0.08918032786885247,0.09245901639344262,0.0780327868852459,0.036065573770491806,0.09049180327868853,0.0859016393442623,0.09704918032786886,0.10360655737704919,0.07475409836065573,0.10819672131147541,0.08852459016393442,0.13967213114754098,0.057049180327868855,0.10229508196721311,0.07016393442622951,0.10950819672131147,0.08131147540983606,0.058360655737704915,0.12131147540983607,0.07737704918032787,0.04786885245901639,0.12852459016393442,0.0760655737704918,0.07147540983606557,0.11934426229508197,0.05311475409836065,0.13573770491803278,0.06491803278688525,0.12786885245901639,0.07278688524590164,0.10163934426229508,0.06819672131147542,0.08786885245901639,0.11344262295081967,0.08196721311475409,0.12852459016393442,0.09311475409836066,0.08196721311475409,0.09901639344262295,0.1422950819672131,0.10163934426229508,0.07344262295081967,0.0859016393442623,0.08327868852459017,0.11672131147540983,0.07868852459016394,0.10754098360655738,0.06032786885245902,0.050491803278688525,0.09049180327868853,0.05180327868852459,0.0898360655737705,0.038688524590163934,0.08262295081967214,0.12459016393442623,0.12786885245901639,0.06360655737704918,0.07934426229508197,0.1160655737704918,0.08,0.06819672131147542,0.08655737704918033,0.07213114754098361,0.06885245901639345,0.08852459016393442,0.12852459016393442,0.06688524590163934,0.09049180327868853,0.04786885245901639,0.05377049180327869,0.07016393442622951,0.10885245901639344,0.06819672131147542,0.04721311475409836,0.050491803278688525,0.0839344262295082,0.07213114754098361,0.08459016393442623,0.04655737704918033,0.09573770491803278,0.07016393442622951,0.06491803278688525,0.06295081967213115,0.07934426229508197,0.09770491803278689,0.05901639344262295,0.04590163934426229,0.06098360655737705,0.07016393442622951,0.06098360655737705,0.06491803278688525,0.0780327868852459,0.04655737704918033,0.07147540983606557,0.05967213114754098,0.06819672131147542,0.10295081967213114,0.06557377049180328,0.08196721311475409,0.09377049180327869,0.038688524590163934,0.06229508196721312,0.11147540983606558,0.05967213114754098,0.05377049180327869,0.06688524590163934,0.05639344262295082,0.04721311475409836,0.038688524590163934,0.06622950819672131,0.057049180327868855,0.04852459016393443,0.05508196721311476,0.05573770491803279,0.04655737704918033,0.0898360655737705,0.043934426229508196,0.06557377049180328,0.04786885245901639,0.04131147540983607,0.04065573770491803,0.03540983606557377,0.03016393442622951,0.06098360655737705,0.0419672131147541,0.04786885245901639,0.05573770491803279,0.05901639344262295,0.04131147540983607,0.032131147540983604,0.11409836065573771,0.04262295081967213,0.07868852459016394,0.06819672131147542,0.10426229508196722,0.03081967213114754,0.0006557377049180328,0.04852459016393443,0.05901639344262295,0.03016393442622951,0.057049180327868855,0.04721311475409836,0.0780327868852459,0.06032786885245902,0.04459016393442623,0.06754098360655737,0.07672131147540984,0.06360655737704918,0.05639344262295082,0.043934426229508196,0.07213114754098361,0.043278688524590166,0.04262295081967213,0.07081967213114754,0.051147540983606556,0.031475409836065574,0.08065573770491803,0.07016393442622951,0.04524590163934426,0.049836065573770495,0.032131147540983604,0.04,0.06622950819672131,0.0760655737704918,0.06557377049180328,0.06032786885245902,0.03344262295081967,0.051147540983606556,0.058360655737704915,0.07672131147540984,0.04131147540983607,0.06229508196721312,0.08459016393442623,0.05573770491803279,0.04262295081967213,0.03475409836065574,0.05245901639344262,0.04131147540983607,0.032131147540983604,0.049836065573770495,0.037377049180327866,0.06491803278688525,0.03016393442622951,0.057704918032786885,0.07540983606557378,0.07081967213114754
nh0022,1.0,0.9281938325991189,0.5559471365638766,0.31541850220264317,0.6625550660792952,0.5114537444933921,0.5616740088105727,0.6110132158590308,0.38854625550660793,0.31057268722466963,0.48325991189427314,0.24405286343612334,0.24801762114537446,0.35110132158590307,0.4682819383259912,0.3295154185022026,0.2960352422907489,0.2872246696035242,0.23524229074889869,0.30176211453744495,0.2409691629955947,0.32599118942731276,0.2594713656387665,0.2515418502202643,0.2748898678414097,0.31013215859030835,0.2290748898678414,0.1458149779735683,0.3568281938325991,0.1748898678414097,0.2290748898678414,0.20308370044052865,0.16916299559471365,0.2290748898678414,0.2198237885462555,0.17797356828193833,0.21674008810572687,0.18546255506607928,0.15330396475770924,0.19427312775330396,0.14273127753303966,0.23788546255506607,0.239647577092511,0.19559471365638767,0.19647577092511012,0.18546255506607928,0.10352422907488987,0.1370044052863436,0.2607929515418502,0.14977973568281938,0.20969162995594715,0.1581497797356828,0.11365638766519824,0.13964757709251102,0.2647577092511013,0.213215859030837,0.18722466960352424,0.11365638766519824,0.11365638766519824,0.13612334801762113,0.2171806167400881,0.1524229074889868,0.20704845814977973,0.2066079295154185,0.14273127753303966,0.11189427312775331,0.07797356828193833,0.09691629955947137,0.11938325991189427,0.08942731277533039,0.10704845814977973,0.1299559471365639,0.1515418502202643,0.1515418502202643,0.12863436123348018,0.1299559471365639,0.14933920704845816,0.19955947136563876,0.15550660792951543,0.2515418502202643,0.15506607929515417,0.20044052863436124,0.14977973568281938,0.09118942731277534,0.13744493392070484,0.1590308370044053,0.15462555066079295,0.1299559471365639,0.2629955947136564,0.1515418502202643,0.13392070484581498,0.17533039647577092,0.10616740088105726,0.11850220264317181,0.08898678414096917,0.16299559471365638,0.12466960352422908,0.10176211453744494,0.1458149779735683,0.14140969162995595,0.08105726872246696,0.0960352422907489,0.0947136563876652,0.15991189427312774,0.17929515418502204,0.18458149779735683,0.13832599118942732,0.09118942731277534,0.11189427312775331,0.09691629955947137,0.10748898678414097,0.09955947136563877,0.14185022026431718,0.10044052863436123,0.14405286343612334,0.11762114537444934,0.06696035242290749,0.050220264317180616,0.08370044052863436,0.0920704845814978,0.06475770925110132,0.1515418502202643,0.1092511013215859,0.12290748898678414,0.0722466960352423,0.13920704845814977,0.113215859030837,0.1171806167400881,0.06607929515418502,0.10088105726872247,0.11541850220264317,0.06079295154185022,0.11365638766519824,0.07180616740088105,0.1436123348017621,0.08634361233480176,0.0973568281938326,0.1066079295154185,0.1105726872246696,0.0841409691629956,0.13612334801762113,0.07665198237885462,0.09383259911894273,0.086784140969163,0.12422907488986784,0.042731277533039645,0.07092511013215859,0.0841409691629956,0.06475770925110132,0.11806167400881057,0.04757709251101322,0.07004405286343612,0.08986784140969163,0.08105726872246696,0.0986784140969163,0.11277533039647578,0.1013215859030837,0.13171806167400882,0.06519823788546256,0.1026431718061674,0.07709251101321586,0.08766519823788546,0.06563876651982378,0.0722466960352423,0.08061674008810572,0.061233480176211455,0.06431718061674009,0.07973568281938326,0.06299559471365639,0.029515418502202642,0.17929515418502204,0.07665198237885462,0.09955947136563877,0.11629955947136564,0.10176211453744494,0.08854625550660793,0.08370044052863436,0.08061674008810572,0.1198237885462555,0.11497797356828193,0.15330396475770924,0.06696035242290749,0.09427312775330396,0.05726872246696035,0.07488986784140969,0.028634361233480177,0.1290748898678414,0.07400881057268723,0.04185022026431718,0.04713656387665198,0.04933920704845815,0.0841409691629956,0.04008810572687225,0.06475770925110132,0.07753303964757709,0.05947136563876652,0.0801762114537445,0.07268722466960352,0.06828193832599119,0.06299559471365639,0.09647577092511013,0.09162995594713656,0.07929515418502203,0.06651982378854626,0.08546255506607929,0.1052863436123348,0.048458149779735685,0.08325991189427313,0.06651982378854626,0.07356828193832599,0.019383259911894272,0.07797356828193833,0.050220264317180616,0.05506607929515418,0.06651982378854626,0.0762114537444934,0.07753303964757709,0.05418502202643172,0.055506607929515416,0.1303964757709251,0.05330396475770925,0.09162995594713656,0.046255506607929514,0.05814977973568282,0.06079295154185022,0.037444933920704845,0.04405286343612335,0.07400881057268723,0.05859030837004405,0.03524229074889868,0.048458149779735685,0.07092511013215859,0.09691629955947137,0.06696035242290749,0.06343612334801763,0.06740088105726873,0.059030837004405284,0.051982378854625554,0.0973568281938326,0.05947136563876652,0.05110132158590308,0.033920704845814977,0.06696035242290749,0.06563876651982378,0.08722466960352424,0.05286343612334802,0.06519823788546256,0.06563876651982378,0.015418502202643172,0.032158590308370046,0.01629955947136564,0.08458149779735682,0.06651982378854626,0.08634361233480176,0.06563876651982378,0.10396475770925111,0.10440528634361233,0.05638766519823789,0.07180616740088105,0.04185022026431718,0.051982378854625554,0.09427312775330396,0.05418502202643172,0.09251101321585903,0.042731277533039645,0.06035242290748899,0.07665198237885462,0.033920704845814977,0.04140969162995595,0.03039647577092511,0.07885462555066079,0.10352422907488987,0.06651982378854626,0.02643171806167401,0.05110132158590308,0.06299559471365639,0.03436123348017621,0.06299559471365639,0.07533039647577093,0.051982378854625554,0.05418502202643172,0.06607929515418502,0.053744493392070485,0.06299559471365639,0.051982378854625554,0.05066079295154185,0.057709251101321586,0.06607929515418502,0.06519823788546256,0.04405286343612335,0.05066079295154185,0.018061674008810574,0.08766519823788546,0.07444933920704846,0.07312775330396476,0.07092511013215859,0.046255506607929514,0.06607929515418502,0.07488986784140969,0.05066079295154185
nh0023,1.0,0.539572192513369,0.48770053475935826,0.32887700534759357,0.3106951871657754,0.3090909090909091,0.3358288770053476,0.3267379679144385,0.2903743315508021,0.2877005347593583,0.2053475935828877,0.2374331550802139,0.21764705882352942,0.20802139037433154,0.2903743315508021,0.1786096256684492,0.2053475935828877,0.19679144385026737,0.2160427807486631,0.17058823529411765,0.20320855614973263,0.19572192513368983,0.12887700534759358,0.21229946524064172,0.17058823529411765,0.17379679144385027,0.1449197860962567,0.1411764705882353,0.1663101604278075,0.14171122994652408,0.13101604278074866,0.12620320855614972,0.16363636363636364,0.15508021390374332,0.1358288770053476,0.1572192513368984,0.13529411764705881,0.14010695187165775,0.1304812834224599,0.13422459893048128,0.13796791443850268,0.1620320855614973,0.13101604278074866,0.14331550802139037,0.12085561497326203,0.09679144385026738,0.07005347593582888,0.1213903743315508,0.10106951871657754,0.08342245989304813,0.12459893048128343,0.09786096256684491,0.09893048128342247,0.09411764705882353,0.10427807486631016,0.11978609625668449,0.09197860962566845,0.07914438502673797,0.10962566844919786,0.1144385026737968,0.08181818181818182,0.09090909090909091,0.10427807486631016,0.09786096256684491,0.12032085561497326,0.0946524064171123,0.05454545454545454,0.0786096256684492,0.11390374331550802,0.0748663101604278,0.15454545454545454,0.07272727272727272,0.07967914438502674,0.0855614973262032,0.08021390374331551,0.10374331550802139,0.09090909090909091,0.12406417112299466,0.09893048128342247,0.08342245989304813,0.0839572192513369,0.08983957219251337,0.08128342245989305,0.06898395721925134,0.0877005347593583,0.10213903743315508,0.09144385026737968,0.08502673796791443,0.09037433155080214,0.0786096256684492,0.09144385026737968,0.06631016042780749,0.07433155080213903,0.09679144385026738,0.1053475935828877,0.0855614973262032,0.09946524064171124,0.06149732620320856,0.07540106951871657,0.09839572192513368,0.08181818181818182,0.10267379679144385,0.09304812834224599,0.0732620320855615,0.057754010695187166,0.08074866310160428,0.08074866310160428,0.07700534759358289,0.08288770053475936,0.07272727272727272,0.06684491978609626,0.07058823529411765,0.0786096256684492,0.09411764705882353,0.04866310160427807,0.09304812834224599,0.0855614973262032,0.04331550802139037,0.06417112299465241,0.06256684491978609,0.05026737967914439,0.07647058823529412,0.052406417112299465,0.06684491978609626,0.0679144385026738,0.09679144385026738,0.09946524064171124,0.06256684491978609,0.06577540106951872,0.08877005347593583,0.06363636363636363,0.07540106951871657,0.06844919786096257,0.052406417112299465,0.07165775401069518,0.0481283422459893,0.04973262032085562,0.059358288770053474,0.05401069518716577,0.0481283422459893,0.05614973262032086,0.0839572192513369,0.08021390374331551,0.07272727272727272,0.05026737967914439,0.06203208556149733,0.06256684491978609,0.07219251336898395,0.04438502673796792,0.09358288770053476,0.046524064171122995,0.04331550802139037,0.07219251336898395,0.058823529411764705,0.05508021390374331,0.052406417112299465,0.07433155080213903,0.05401069518716577,0.05508021390374331,0.045454545454545456,0.07700534759358289,0.06631016042780749,0.057754010695187166,0.053475935828877004,0.06631016042780749,0.06417112299465241,0.0572192513368984,0.059893048128342244,0.05668449197860963,0.046524064171122995,0.0732620320855615,0.05080213903743316,0.06417112299465241,0.052941176470588235,0.04759358288770053,0.052406417112299465,0.06096256684491978,0.045454545454545456,0.07112299465240642,0.06149732620320856,0.039037433155080216,0.06256684491978609,0.057754010695187166,0.06577540106951872,0.051871657754010696,0.032620320855614976,0.0481283422459893,0.047058823529411764,0.045454545454545456,0.059358288770053474,0.04973262032085562,0.05508021390374331,0.06470588235294118,0.0427807486631016,0.05561497326203209,0.03582887700534759,0.05454545454545454,0.04224598930481283,0.053475935828877004,0.05026737967914439,0.04331550802139037,0.040641711229946524,0.044919786096256686,0.058823529411764705,0.040106951871657755,0.053475935828877004,0.057754010695187166,0.04331550802139037,0.04331550802139037,0.05454545454545454,0.05508021390374331,0.05561497326203209,0.04224598930481283,0.051871657754010696,0.04866310160427807,0.039572192513368985,0.04171122994652406,0.039572192513368985,0.039037433155080216,0.06470588235294118,0.04224598930481283,0.052406417112299465,0.041176470588235294,0.06203208556149733,0.040106951871657755,0.05401069518716577,0.03796791443850268,0.05614973262032086,0.059893048128342244,0.03636363636363636,0.038502673796791446,0.05026737967914439,0.051871657754010696,0.051336898395721926,0.0374331550802139,0.0481283422459893,0.0481283422459893,0.05401069518716577,0.044919786096256686,0.058288770053475936,0.0374331550802139,0.031016042780748664,0.033689839572192515,0.038502673796791446,0.0732620320855615,0.029946524064171122,0.04171122994652406,0.039037433155080216,0.025133689839572194,0.06951871657754011,0.0021390374331550803,0.05614973262032086,0.04759358288770053,0.04866310160427807,0.0481283422459893,0.04438502673796792,0.040641711229946524,0.03796791443850268,0.07433155080213903,0.027807486631016044,0.039037433155080216,0.045989304812834225,0.029411764705882353,0.029411764705882353,0.03582887700534759,0.033689839572192515,0.03582887700534759,0.04385026737967915,0.04973262032085562,0.04224598930481283,0.038502673796791446,0.0481283422459893,0.040106951871657755,0.03796791443850268,0.0572192513368984,0.039572192513368985,0.041176470588235294,0.0374331550802139,0.03689839572192513,0.047058823529411764,0.03689839572192513,0.04973262032085562,0.03582887700534759,0.039572192513368985,0.04759358288770053,0.0572192513368984,0.029946524064171122,0.044919786096256686,0.03582887700534759,0.06631016042780749,0.032620320855614976,0.046524064171122995,0.039037433155080216,0.026203208556149733,0.028342245989304814,0.039572192513368985,0.03155080213903743,0.04331550802139037,0.033155080213903745,0.06524064171122995
nh0024,1.0,0.5057528764382191,0.49724862431215605,0.3266633316658329,0.23961980990495246,0.30665332666333167,0.19559779889944973,0.27813906953476736,0.19109554777388693,0.2556278139069535,0.18459229614807404,0.23561780890445222,0.20860430215107553,0.22111055527763882,0.2036018009004502,0.20910455227613806,0.21410705352676337,0.23111555777888945,0.22311155577788894,0.1905952976488244,0.20060030015007504,0.17958979489744872,0.18509254627313657,0.16808404202101052,0.14207103551775888,0.18159079539769885,0.14107053526763383,0.18209104552276137,0.15057528764382191,0.17358679339669836,0.11255627813906953,0.1330665332666333,0.15757878939469736,0.112056028014007,0.17808904452226113,0.16108054027013508,0.17958979489744872,0.14157078539269635,0.12406203101550775,0.12506253126563283,0.12106053026513257,0.16408204102051024,0.1425712856428214,0.1660830415207604,0.1265632816408204,0.10505252626313157,0.10605302651325663,0.11955977988994497,0.10205102551275638,0.12906453226613307,0.10355177588794397,0.13506753376688344,0.13156578289144572,0.11605802901450725,0.06903451725862932,0.10305152576288144,0.08354177088544272,0.12606303151575787,0.14007003501750875,0.10805402701350675,0.09804902451225612,0.10605302651325663,0.10855427713856929,0.08704352176088044,0.09404702351175588,0.10505252626313157,0.12606303151575787,0.0945472736368184,0.09204602301150576,0.10955477738869435,0.08604302151075538,0.08354177088544272,0.07303651825912956,0.09504752376188094,0.08404202101050526,0.08454227113556778,0.10155077538769385,0.1025512756378189,0.08054027013506754,0.07703851925962982,0.07903951975987994,0.10105052526263132,0.06453226613306653,0.07703851925962982,0.09104552276138068,0.0815407703851926,0.09504752376188094,0.07653826913456728,0.03801900950475238,0.07003501750875438,0.08604302151075538,0.064032016008004,0.11905952976488245,0.11655827913956979,0.07653826913456728,0.09804902451225612,0.06303151575787894,0.08904452226113056,0.09404702351175588,0.07753876938469234,0.11155577788894447,0.061030515257628815,0.09654827413706854,0.05152576288144072,0.096048024012006,0.06253126563281641,0.08904452226113056,0.11005502751375688,0.08254127063531766,0.08054027013506754,0.08504252126063032,0.0865432716358179,0.06603301650825413,0.05952976488244122,0.05502751375687844,0.0975487743871936,0.11505752876438219,0.08104052026013006,0.0750375187593797,0.09004502251125562,0.09104552276138068,0.06453226613306653,0.1040520260130065,0.06953476738369184,0.06653326663331666,0.0735367683841921,0.06253126563281641,0.07303651825912956,0.061030515257628815,0.0670335167583792,0.07303651825912956,0.11055527763881941,0.08454227113556778,0.06603301650825413,0.0655327663831916,0.06303151575787894,0.08104052026013006,0.0560280140070035,0.06353176588294147,0.05552776388194097,0.04902451225612806,0.057028514257128564,0.06503251625812906,0.05302651325662831,0.08054027013506754,0.08754377188594298,0.06603301650825413,0.07653826913456728,0.058529264632316155,0.08354177088544272,0.058529264632316155,0.080040020010005,0.054527263631815905,0.057028514257128564,0.0655327663831916,0.04752376188094047,0.0815407703851926,0.04302151075537769,0.06903451725862932,0.06503251625812906,0.05052526263131566,0.04252126063031516,0.06253126563281641,0.064032016008004,0.06303151575787894,0.07753876938469234,0.064032016008004,0.05252626313156578,0.08404202101050526,0.060530265132566284,0.054527263631815905,0.03651825912956478,0.04302151075537769,0.04902451225612806,0.053526763381690844,0.05502751375687844,0.054527263631815905,0.05202601300650325,0.06303151575787894,0.04052026013006503,0.04352176088044022,0.07453726863431716,0.06253126563281641,0.061030515257628815,0.06853426713356678,0.061530765382691345,0.03451725862931466,0.07403701850925462,0.05002501250625312,0.053526763381690844,0.04402201100550275,0.05052526263131566,0.06603301650825413,0.053526763381690844,0.05152576288144072,0.03701850925462731,0.04702351175587794,0.05152576288144072,0.058029014507253625,0.07253626813406704,0.0670335167583792,0.05202601300650325,0.03151575787893947,0.029514757378689346,0.05552776388194097,0.03851925962981491,0.054527263631815905,0.07303651825912956,0.03151575787893947,0.054027013506753374,0.05302651325662831,0.04852426213106553,0.07003501750875438,0.0785392696348174,0.04202101050525263,0.057028514257128564,0.04952476238119059,0.05202601300650325,0.04902451225612806,0.04052026013006503,0.04352176088044022,0.04652326163081541,0.03401700850425213,0.03151575787893947,0.05002501250625312,0.057528764382191094,0.057028514257128564,0.03251625812906453,0.05302651325662831,0.08404202101050526,0.04202101050525263,0.03951975987993997,0.05502751375687844,0.07103551775887944,0.032016008004002,0.04352176088044022,0.053526763381690844,0.03851925962981491,0.04302151075537769,0.03951975987993997,0.07403701850925462,0.03851925962981491,0.03851925962981491,0.03151575787893947,0.03251625812906453,0.04752376188094047,0.05202601300650325,0.03851925962981491,0.04502251125562781,0.0735367683841921,0.03301650825412707,0.032016008004002,0.04052026013006503,0.04352176088044022,0.027013506753376687,0.0670335167583792,0.029014507253626812,0.04502251125562781,0.02451225612806403,0.03151575787893947,0.029014507253626812,0.05052526263131566,0.04102051025512756,0.03601800900450225,0.0400200100050025,0.04252126063031516,0.04202101050525263,0.08054027013506754,0.05252626313156578,0.04752376188094047,0.03551775887943972,0.03301650825412707,0.03401700850425213,0.07703851925962982,0.03401700850425213,0.03851925962981491,0.05052526263131566,0.03801900950475238,0.04402201100550275,0.04502251125562781,0.02351175587793897,0.03501750875437719,0.05052526263131566,0.07303651825912956,0.04852426213106553,0.026013006503251626,0.029514757378689346,0.03451725862931466,0.04102051025512756,0.064032016008004,0.04302151075537769,0.04302151075537769,0.02751375687843922,0.026513256628314157,0.031015507753876938,0.029514757378689346,0.04602301150575288,0.03401700850425213,0.058529264632316155,0.05152576288144072
nh0025,1.0,0.5548631807098348,0.5050121918179356,0.2804118125169331,0.37144405310214035,0.30913031698726634,0.26578163099431046,0.29666756976429154,0.20238417772961256,0.21999458141425088,0.21945272283933892,0.22676781360065024,0.20915740991601192,0.21132484421565972,0.20482254131671634,0.24302357084800866,0.17312381468436738,0.17854240043348685,0.1549715524248171,0.24979680303440802,0.20834462205364399,0.1915470062313736,0.13736114874017882,0.1739366025467353,0.16174478461121647,0.1937144405310214,0.16472500677323218,0.16309943104849633,0.17420753183419127,0.18098076402059063,0.20211324844215658,0.1425088052018423,0.15334597670008127,0.14440531021403413,0.20048767271742074,0.1644540774857762,0.15036575453806555,0.12435654294229206,0.12164725006773232,0.1083717149823896,0.10593335139528583,0.12381468436738012,0.10457870495800596,0.20834462205364399,0.15172040097534545,0.16689244107287998,0.07260904903820103,0.09347060417231103,0.21836900568951503,0.15551341099972907,0.1625575724735844,0.09049038201029531,0.08859387699810349,0.1322134922785153,0.12218910864264428,0.10999729070712544,0.08290436196152805,0.1270658358168518,0.16228664318612843,0.11108100785694934,0.1303169872663235,0.09970197778379843,0.10349498780818206,0.0999729070712544,0.08832294771064753,0.09021945272283934,0.13898672446491467,0.07856949336223246,0.09780547277160662,0.10566242210782986,0.06989975616364129,0.11920888648062855,0.0864264426984557,0.08669737198591168,0.10864264426984557,0.08778108913573557,0.0791113519371444,0.12110539149282037,0.07125440260092115,0.10593335139528583,0.10268219994581414,0.1208344622053644,0.0853427255486318,0.12977512869141153,0.07423462476293688,0.07477648333784882,0.07098347331346519,0.09726361419669466,0.09834733134651856,0.06935789758872934,0.08100785694933622,0.1292332701164996,0.11351937144405311,0.09455432132213493,0.06421024112706583,0.07179626117583311,0.059333513952858304,0.08371714982389597,0.08588458412354376,0.08073692766188025,0.06719046328908156,0.06068816039013818,0.08046599837442428,0.06312652397724194,0.12137632078027635,0.0750474126253048,0.09617989704687077,0.1062042806827418,0.09292874559739908,0.08886480628555947,0.08452993768626388,0.06448117041452181,0.08290436196152805,0.06583581685180168,0.07558927120021675,0.09347060417231103,0.0791113519371444,0.032782443782172856,0.1062042806827418,0.08154971552424817,0.06962882687618531,0.044974261717691685,0.09726361419669466,0.07206719046328908,0.06691953400162558,0.04903820102953129,0.06312652397724194,0.08967759414792739,0.0677323218639935,0.05201842319154701,0.07477648333784882,0.09482525060959089,0.09319967488485505,0.0615009482525061,0.08913573557301545,0.07992413979951232,0.06393931183960987,0.04334868599295584,0.04876727174207532,0.06366838255215389,0.06962882687618531,0.05852072609049038,0.0604172311026822,0.06095908967759415,0.08480086697371986,0.07017068545109727,0.06854510972636142,0.0666486047141696,0.10295312923327012,0.07775670549986453,0.059333513952858304,0.07125440260092115,0.060146301815226226,0.05499864535356272,0.06393931183960987,0.06610674613925765,0.07450555405039284,0.06068816039013818,0.05256028176645895,0.06068816039013818,0.03657545380655649,0.05635329179084259,0.04036846383094012,0.05770793822812246,0.05581143321593064,0.06285559468978597,0.03576266594418857,0.04361961528041181,0.05554050392847467,0.028718504470333243,0.06339745326469791,0.05283121105391493,0.056624221078298564,0.047412625304795446,0.04280682741804389,0.072879978325657,0.09970197778379843,0.03657545380655649,0.06556488756434571,0.04280682741804389,0.05364399891628285,0.05526957464101869,0.04307775670549986,0.05554050392847467,0.06339745326469791,0.02031969655919805,0.0615009482525061,0.053914928203738825,0.04524519100514766,0.04226496884313194,0.04930913031698727,0.07071254402600921,0.0531021403413709,0.05445678677865077,0.04199403955567597,0.057166079653210515,0.04524519100514766,0.05256028176645895,0.051205635329179086,0.044974261717691685,0.05364399891628285,0.053914928203738825,0.03467894879436467,0.04849634245461935,0.05256028176645895,0.08832294771064753,0.0531021403413709,0.05797886751557844,0.03386616093199675,0.041181251693308045,0.03061500948252506,0.06312652397724194,0.06393931183960987,0.05770793822812246,0.04036846383094012,0.05147656461663506,0.05472771606610675,0.057166079653210515,0.05201842319154701,0.038471958818748306,0.039013817393660256,0.059333513952858304,0.041181251693308045,0.047412625304795446,0.03765917095638038,0.047141696017339474,0.047683554592251425,0.0395556759685722,0.04470333243023571,0.0907613112977513,0.056895150365754536,0.014359252235166622,0.05147656461663506,0.056082362503386614,0.038471958818748306,0.04334868599295584,0.0333243023570848,0.0406393931183961,0.03793010024383636,0.03657545380655649,0.05879165537794635,0.0270929287455974,0.04091032240585207,0.03630452451910052,0.0468707667298835,0.05283121105391493,0.056895150365754536,0.04280682741804389,0.012462747222974803,0.0750474126253048,0.000812787862367922,0.03061500948252506,0.05201842319154701,0.02655107017068545,0.029531292332701166,0.04361961528041181,0.038201029531292334,0.04253589813058792,0.022487130858845843,0.02655107017068545,0.044974261717691685,0.07071254402600921,0.047141696017339474,0.03793010024383636,0.04280682741804389,0.047683554592251425,0.041181251693308045,0.07179626117583311,0.05797886751557844,0.05797886751557844,0.0541858574911948,0.03576266594418857,0.03711731238146844,0.04930913031698727,0.038471958818748306,0.038201029531292334,0.03413709021945272,0.04930913031698727,0.03738824166892441,0.03793010024383636,0.035220807369276616,0.03765917095638038,0.04958005960444324,0.07071254402600921,0.06475209970197779,0.02329991872121376,0.0406393931183961,0.03928474668111623,0.03359523164454078,0.07721484692495259,0.03576266594418857,0.009211595773503115,0.04985098889189921,0.04226496884313194,0.02438363587103766,0.04036846383094012,0.03982660525602818,0.03251151449471688,0.062313736114874015,0.017339474397182336
nh0026,1.0,0.6043286404706871,0.5356167262029838,0.3691952090775373,0.48560621979407437,0.3876864887581425,0.3343139314982139,0.21180920361420466,0.22231561252363943,0.23072073965118722,0.2189535616726203,0.24690060937171673,0.2569867619247741,0.2702248371506619,0.1720949779365413,0.2279890733347342,0.23051061147299853,0.3164530363521748,0.1979407438537508,0.2746375288926245,0.1977306156755621,0.24374868669888633,0.21243958814877076,0.19121664215171255,0.18617356587518386,0.1456188274847657,0.1760874133221265,0.18764446312250474,0.19815087203193948,0.1720949779365413,0.1760874133221265,0.15780626181971003,0.14456818659382223,0.14603908384114309,0.273586888001681,0.1641101071653709,0.1672620298382013,0.15507459550325697,0.13931498213910484,0.1204034461021223,0.1243958814877075,0.1464593401975205,0.14456818659382223,0.17776843874763607,0.16432023534355958,0.07837781046438327,0.0897247320865728,0.08825383483925195,0.09770960285774323,0.17440638789661694,0.09665896196679975,0.13133011136793443,0.10254255095608321,0.12586677873502836,0.17755831056944738,0.11788190796385796,0.09918050010506409,0.12691741962597183,0.07354486236604328,0.09035511662113889,0.1586467745324648,0.10107165370876235,0.12166421517125446,0.12208447152763185,0.1288085732296701,0.1029628073124606,0.1199831897457449,0.12103383063668838,0.09224627022483715,0.08005883588989283,0.11094767808363101,0.14288716116831268,0.08825383483925195,0.1714645934019752,0.10590460180710233,0.09960075646144148,0.09371716747215801,0.07795755410800588,0.08825383483925195,0.13952511031729356,0.09308678293759193,0.08216011767177979,0.07522588779155284,0.15045177558310568,0.08237024584996848,0.06345870981298592,0.06598024795125026,0.10905652447993276,0.10569447362891364,0.06640050430762766,0.08047909224627023,0.09350703929396932,0.059886530783778105,0.08867409119562933,0.060727043496532886,0.08110947678083631,0.07123345240596764,0.06513973523849548,0.0815297331372137,0.09939062828325279,0.07123345240596764,0.0647194788821181,0.07417524690060937,0.10401344820340408,0.06261819710023114,0.13280100861525532,0.059046018071023325,0.11809203614204665,0.08447152763185543,0.0905652447993276,0.0773271695734398,0.0642992225257407,0.08194998949359109,0.0945576801849128,0.07543601596974155,0.10086152553057365,0.08279050220634587,0.02458499684807733,0.10002101281781887,0.09203614204664845,0.1420466484555579,0.08342088674091196,0.08047909224627023,0.08783357848287456,0.051271275478041604,0.08005883588989283,0.10695524269804581,0.0647194788821181,0.08216011767177979,0.04643832737970162,0.06682076066400504,0.08426139945366673,0.09981088463963017,0.05358268543811725,0.055473839041815506,0.1464593401975205,0.09623870561042236,0.04895986551796596,0.04811935280521118,0.07354486236604328,0.09939062828325279,0.06345870981298592,0.10611472998529103,0.04916999369615466,0.04076486656860685,0.06577011977306156,0.05274217272536247,0.08783357848287456,0.07060306787140155,0.07543601596974155,0.07606640050430763,0.06724101702038243,0.06198781256566505,0.06030678714015549,0.07228409329691111,0.05757512082370246,0.07039293969321286,0.07354486236604328,0.057364992645513764,0.06303845345660854,0.06997268333683547,0.06766127337675983,0.03929396932128598,0.0600966589619668,0.05715486446732507,0.0729144778314772,0.042445891994116414,0.03929396932128598,0.03761294389577642,0.02836730405547384,0.1464593401975205,0.07039293969321286,0.06787140155494852,0.05757512082370246,0.06808152973313722,0.05799537718007985,0.06534986341668418,0.07774742592981719,0.10443370455978147,0.05841563353645724,0.08026896406808152,0.0647194788821181,0.03530153393570078,0.0645093507039294,0.07123345240596764,0.0386635847867199,0.09476780836310149,0.057364992645513764,0.06177768438747636,0.040554738390418156,0.10632485816347972,0.04223576381592772,0.03530153393570078,0.05022063458709813,0.06387896616936331,0.0558940953981929,0.05610422357638159,0.043286404706871194,0.0642992225257407,0.0428661483504938,0.0556839672200042,0.04202563563773902,0.03488127757932339,0.05442319815087203,0.044967430132380755,0.049590250052532044,0.047488968270645096,0.05064089094347552,0.04622819920151292,0.05085101912166422,0.06640050430762766,0.037192687539399034,0.06219794074385375,0.0685017860895146,0.0815297331372137,0.04097499474679554,0.09812985921412061,0.043286404706871194,0.07438537507879807,0.086152553057365,0.0430762765286825,0.046648455557890316,0.05190166001260769,0.06387896616936331,0.05610422357638159,0.050430762765286824,0.03908384114309729,0.04160537928136163,0.044126917419625974,0.08110947678083631,0.04391678924143728,0.07459550325698676,0.06219794074385375,0.044967430132380755,0.05610422357638159,0.05631435175457029,0.02836730405547384,0.04538768648875814,0.045807942845135535,0.04643832737970162,0.04538768648875814,0.04013448203404076,0.04391678924143728,0.050430762765286824,0.060727043496532886,0.04938012187434335,0.0386635847867199,0.06261819710023114,0.017230510611472998,0.06492960706030679,0.0004202563563773902,0.057364992645513764,0.041395251103172936,0.02710653498634167,0.042445891994116414,0.03950409749947468,0.043496532885059884,0.04874973733977726,0.02626602227358689,0.04181550745955032,0.06177768438747636,0.03698255936121034,0.051691531834419,0.0384534566085312,0.03929396932128598,0.03383063668837991,0.044967430132380755,0.043496532885059884,0.046858583736079006,0.054633326329060726,0.03824332843034251,0.062408068922042446,0.04938012187434335,0.06135742803109897,0.03950409749947468,0.04454717377600336,0.03530153393570078,0.07354486236604328,0.03530153393570078,0.03299012397562513,0.05400294179449464,0.07858793864257196,0.04643832737970162,0.03130909855011557,0.10485396091615885,0.03151922672830427,0.03214961126287035,0.06030678714015549,0.025215381382643412,0.05232191636898508,0.0687119142677033,0.03677243118302164,0.05778524900189115,0.03740281571758773,0.05778524900189115,0.04202563563773902,0.030258457659172094,0.05841563353645724,0.06282832527841983,0.03614204664845556
nh0027,1.0,0.7552289429055964,0.7026568682871679,0.42227247032221593,0.509327303561334,0.47936687394007915,0.5698134539287734,0.34765404183154325,0.37252685132843416,0.3617863199547767,0.3646127755794234,0.3176936122102883,0.28773318258903335,0.3182589033352176,0.26116449971735445,0.26738270209157716,0.30695308083663086,0.25381571509327305,0.2911249293386094,0.2843414358394573,0.32108535895986434,0.2605992085924251,0.3250423968343697,0.22046353872244207,0.22724703222159412,0.19389485585076313,0.2639909553420011,0.21028829847371397,0.22272470322215943,0.18089315997738836,0.21141888072357265,0.2651215375918598,0.16619559072922555,0.1537591859807801,0.1684567552289429,0.1950254381006218,0.18541548897682306,0.16676088185415489,0.17071791972866027,0.18202374222724704,0.1582815149802148,0.2210288298473714,0.17354437535330694,0.12719050310910118,0.16902204635387225,0.18428490672696438,0.1814584511023177,0.11701526286037309,0.14584511023176935,0.15149802148106276,0.20407009609949123,0.16393442622950818,0.19050310910118712,0.13453928773318258,0.10231769361221028,0.1622385528547202,0.22159412097230075,0.10797060486150367,0.1317128321085359,0.09044657998869418,0.1565856416054268,0.18371961560203504,0.13453928773318258,0.18089315997738836,0.11984171848501979,0.13284341435839458,0.13736574335782928,0.18089315997738836,0.14075749010740532,0.13397399660825324,0.09157716223855286,0.15036743923120408,0.14527981910684,0.11192764273600904,0.13114754098360656,0.15262860373092144,0.11927642736009045,0.14980214810627474,0.16280384397964953,0.12210288298473713,0.14754098360655737,0.1040135669869983,0.13453928773318258,0.11362351611079706,0.11927642736009045,0.15997738835500283,0.13566986998304126,0.13227812323346524,0.14245336348219334,0.11984171848501979,0.14697569248162803,0.12097230073487847,0.13397399660825324,0.12097230073487847,0.0893159977388355,0.09892594686263426,0.13680045223289994,0.1040135669869983,0.10344827586206896,0.11079706048615037,0.12379875635952516,0.10118711136235162,0.10062182023742228,0.12662521198417184,0.08648954211418881,0.10740531373657433,0.09609949123798757,0.10457885811192764,0.10231769361221028,0.0994912379875636,0.12323346523459582,0.1040135669869983,0.13566986998304126,0.10062182023742228,0.1141888072357264,0.08422837761447145,0.10797060486150367,0.13114754098360656,0.11079706048615037,0.07857546636517806,0.09496890898812889,0.12945166760881854,0.1288863764838892,0.10853589598643301,0.14867156585641605,0.1040135669869983,0.08875070661390616,0.07857546636517806,0.08253250423968343,0.1362351611079706,0.10457885811192764,0.09779536461277558,0.0966647823629169,0.06274731486715658,0.06670435274166196,0.08762012436404748,0.059920859242509894,0.0746184284906727,0.09270774448841153,0.09214245336348219,0.0966647823629169,0.1215375918598078,0.09044657998869418,0.07405313736574336,0.09383832673827021,0.0570944036178632,0.07970604861503675,0.08818541548897682,0.09270774448841153,0.11249293386093838,0.12945166760881854,0.07348784624081402,0.07405313736574336,0.09779536461277558,0.07518371961560204,0.09892594686263426,0.10853589598643301,0.09496890898812889,0.08083663086489543,0.0746184284906727,0.11136235161107971,0.06783493499152063,0.06557377049180328,0.08875070661390616,0.07292255511588468,0.07009609949123799,0.07348784624081402,0.10118711136235162,0.12266817410966648,0.12323346523459582,0.0791407574901074,0.09609949123798757,0.06670435274166196,0.10118711136235162,0.07574901074053138,0.08253250423968343,0.07801017524024872,0.06161673261729791,0.0893159977388355,0.07970604861503675,0.07292255511588468,0.0791407574901074,0.08818541548897682,0.06783493499152063,0.07687959299039004,0.10740531373657433,0.054833239118145846,0.07574901074053138,0.053702656868287166,0.048049745618993785,0.06500847936687394,0.09327303561334087,0.054833239118145846,0.10966647823629169,0.053702656868287166,0.05596382136800452,0.05313736574335783,0.07292255511588468,0.08366308648954211,0.08140192198982477,0.048049745618993785,0.07518371961560204,0.071791972866026,0.060486150367439234,0.055398530243075186,0.059920859242509894,0.08422837761447145,0.06500847936687394,0.10684002261164499,0.07574901074053138,0.06105144149236857,0.060486150367439234,0.05257207461842849,0.060486150367439234,0.055398530243075186,0.05652911249293386,0.06613906161673262,0.05144149236856981,0.05200678349349915,0.071791972866026,0.08196721311475409,0.047484454494064444,0.08988128886376484,0.05313736574335783,0.06557377049180328,0.0423968343697004,0.059920859242509894,0.06218202374222725,0.07574901074053138,0.06670435274166196,0.06670435274166196,0.07687959299039004,0.06557377049180328,0.05822498586772187,0.054267947993216506,0.06500847936687394,0.04861503674392312,0.060486150367439234,0.05652911249293386,0.05313736574335783,0.06613906161673262,0.06500847936687394,0.05257207461842849,0.055398530243075186,0.08592425098925947,0.059920859242509894,0.06500847936687394,0.05200678349349915,0.09214245336348219,0.08027133973996609,0.10005652911249294,0.06840022611644997,0.05200678349349915,0.04070096099491238,0.06105144149236857,0.05822498586772187,0.08027133973996609,0.04070096099491238,0.09496890898812889,0.08762012436404748,0.05652911249293386,0.0847936687394008,0.071791972866026,0.06331260599208592,0.07574901074053138,0.06161673261729791,0.054267947993216506,0.059355568117580554,0.04296212549462974,0.05596382136800452,0.05822498586772187,0.053702656868287166,0.027699265121537593,0.0395703787450537,0.07574901074053138,0.04918032786885246,0.04578858111927643,0.05144149236856981,0.06105144149236857,0.054833239118145846,0.05822498586772187,0.05031091011871114,0.05200678349349915,0.0497456189937818,0.05144149236856981,0.07857546636517806,0.06840022611644997,0.05257207461842849,0.046353872244205764,0.06726964386659129,0.0570944036178632,0.03278688524590164,0.041831543244771056,0.07348784624081402,0.04918032786885246,0.0570944036178632,0.03787450537026569,0.05144149236856981,0.05313736574335783,0.07801017524024872
nh0028,1.0,0.5035040431266846,0.5223719676549865,0.35633423180592994,0.3902964959568733,0.37735849056603776,0.2889487870619946,0.3789757412398922,0.2679245283018868,0.3110512129380054,0.2307277628032345,0.35363881401617253,0.2247978436657682,0.3132075471698113,0.26361185983827495,0.26900269541778976,0.30566037735849055,0.1660377358490566,0.18544474393530996,0.19784366576819407,0.19784366576819407,0.1606469002695418,0.18274932614555256,0.3115902964959569,0.16711590296495957,0.21293800539083557,0.1784366576819407,0.24366576819407007,0.15579514824797844,0.26037735849056604,0.12452830188679245,0.16172506738544473,0.1725067385444744,0.12776280323450134,0.22048517520215632,0.24420485175202156,0.2501347708894879,0.23773584905660378,0.21671159029649595,0.12560646900269543,0.231266846361186,0.13045822102425875,0.1477088948787062,0.14878706199460917,0.13423180592991915,0.11913746630727763,0.10134770889487871,0.09919137466307278,0.14070080862533693,0.18274932614555256,0.0954177897574124,0.12291105121293801,0.0862533692722372,0.08948787061994609,0.11428571428571428,0.13584905660377358,0.1293800539083558,0.15363881401617252,0.1347708894878706,0.10566037735849057,0.10242587601078167,0.08086253369272237,0.10026954177897573,0.11374663072776281,0.11482479784366577,0.17466307277628032,0.12291105121293801,0.13800539083557953,0.05714285714285714,0.1568733153638814,0.10889487870619946,0.11212938005390835,0.16388140161725068,0.09380053908355795,0.11752021563342319,0.11536388140161725,0.09595687331536389,0.08247978436657682,0.10350404312668464,0.08517520215633423,0.09110512129380054,0.10566037735849057,0.14016172506738545,0.07493261455525606,0.0954177897574124,0.07870619946091645,0.12560646900269543,0.09110512129380054,0.06091644204851752,0.12237196765498652,0.06576819407008086,0.12668463611859837,0.09919137466307278,0.07762803234501348,0.08517520215633423,0.16927223719676548,0.07008086253369272,0.11913746630727763,0.07654986522911052,0.08679245283018867,0.06846361185983828,0.07061994609164421,0.11320754716981132,0.06361185983827493,0.08517520215633423,0.044204851752021566,0.07762803234501348,0.11536388140161725,0.09380053908355795,0.08840970350404313,0.07654986522911052,0.0803234501347709,0.08571428571428572,0.09919137466307278,0.05498652291105121,0.09973045822102426,0.08194070080862534,0.07061994609164421,0.10026954177897573,0.0803234501347709,0.07169811320754717,0.06253369272237197,0.08948787061994609,0.07762803234501348,0.09865229110512129,0.05876010781671159,0.06954177897574124,0.09218328840970351,0.09164420485175202,0.08247978436657682,0.0738544474393531,0.07654986522911052,0.08517520215633423,0.08409703504043127,0.07708894878706199,0.04366576819407008,0.06091644204851752,0.055525606469002696,0.050673854447439354,0.09272237196765498,0.05929919137466307,0.06630727762803235,0.05175202156334232,0.06684636118598383,0.09326145552560647,0.07008086253369272,0.04743935309973046,0.07654986522911052,0.05121293800539083,0.07762803234501348,0.07978436657681941,0.07008086253369272,0.061455525606469004,0.07870619946091645,0.1018867924528302,0.05983827493261455,0.07816711590296496,0.07654986522911052,0.052830188679245285,0.039892183288409704,0.06307277628032346,0.07708894878706199,0.09164420485175202,0.05013477088948787,0.07331536388140161,0.06199460916442048,0.07493261455525606,0.07223719676549865,0.031805929919137464,0.04743935309973046,0.0431266846361186,0.04905660377358491,0.023180592991913745,0.07601078167115903,0.0862533692722372,0.06199460916442048,0.07115902964959568,0.056064690026954175,0.05444743935309973,0.06684636118598383,0.055525606469002696,0.04905660377358491,0.04690026954177898,0.06846361185983828,0.06630727762803235,0.04797843665768194,0.055525606469002696,0.03504043126684636,0.0803234501347709,0.045283018867924525,0.05876010781671159,0.04743935309973046,0.07762803234501348,0.042048517520215635,0.05929919137466307,0.07439353099730459,0.05013477088948787,0.0431266846361186,0.04851752021563342,0.052830188679245285,0.07547169811320754,0.039892183288409704,0.042048517520215635,0.042587601078167114,0.08840970350404313,0.07924528301886792,0.08194070080862534,0.03504043126684636,0.03719676549865229,0.05660377358490566,0.023180592991913745,0.08086253369272237,0.03827493261455526,0.06307277628032346,0.07061994609164421,0.045283018867924525,0.04797843665768194,0.042587601078167114,0.07439353099730459,0.03719676549865229,0.05876010781671159,0.039353099730458224,0.05121293800539083,0.05768194070080863,0.04150943396226415,0.056064690026954175,0.06630727762803235,0.04043126684636118,0.06792452830188679,0.08086253369272237,0.10512129380053908,0.04043126684636118,0.06253369272237197,0.06415094339622641,0.03288409703504043,0.06361185983827493,0.044743935309973046,0.07439353099730459,0.03881401617250674,0.053369272237196765,0.07654986522911052,0.04043126684636118,0.0646900269541779,0.042587601078167114,0.056064690026954175,0.07493261455525606,0.052830188679245285,0.050673854447439354,0.03234501347708895,0.07277628032345014,0.011320754716981131,0.056064690026954175,0.06684636118598383,0.03827493261455526,0.04043126684636118,0.05121293800539083,0.04905660377358491,0.05714285714285714,0.019946091644204852,0.02857142857142857,0.039353099730458224,0.033962264150943396,0.052830188679245285,0.02857142857142857,0.050673854447439354,0.04097035040431267,0.04582210242587601,0.06361185983827493,0.0522911051212938,0.05876010781671159,0.05660377358490566,0.04097035040431267,0.03450134770889488,0.05498652291105121,0.052830188679245285,0.04582210242587601,0.052830188679245285,0.033962264150943396,0.04636118598382749,0.04097035040431267,0.033962264150943396,0.042587601078167114,0.04043126684636118,0.05983827493261455,0.03018867924528302,0.030727762803234502,0.04636118598382749,0.06253369272237197,0.04959568733153639,0.061455525606469004,0.05390835579514825,0.045283018867924525,0.03773584905660377,0.055525606469002696,0.05660377358490566,0.04636118598382749,0.05498652291105121,0.06522911051212937,0.031805929919137464,0.03773584905660377
nh0029,1.0,0.7165630910564712,0.5584977033234261,0.45690353958389623,0.6676573898946231,0.4009727100783572,0.35666036206430696,0.4847338557146717,0.3282896514455553,0.28857065657930286,0.6101053769251553,0.24966225344501486,0.252364225884896,0.264523101864361,0.3766549581194272,0.33855714671710346,0.3134288030262091,0.21615779519048905,0.2056201026749527,0.2529046203728722,0.23966495541745475,0.14374493380167522,0.150499864901378,0.2315590380978114,0.2712780329640638,0.2199405566063226,0.24263712510132396,0.11753580113482842,0.2758713861118617,0.23561199675763309,0.24452850580924074,0.12726290191840042,0.16427992434477168,0.21777897865441773,0.20697108889489327,0.1837341259119157,0.1426641448257228,0.11645501215887598,0.16076736017292623,0.162658740880843,0.07673601729262361,0.2150770062145366,0.2583085652526344,0.13185625506619833,0.22345312077816806,0.18103215347203458,0.10294514995947042,0.17130505268846258,0.18022156174007026,0.169954066468522,0.18238313969197514,0.11267225074304242,0.17292623615239125,0.1426641448257228,0.11915698459875709,0.1434747365576871,0.0932180491758984,0.15860578222102134,0.08538232910024318,0.11186165901107809,0.2126452310186436,0.18238313969197514,0.27019724398811135,0.15887597946500945,0.10564712239935152,0.08376114563631451,0.07700621453661173,0.08078897595244529,0.12348014050256688,0.14104296136179412,0.057011618481491486,0.13185625506619833,0.17724939205620102,0.09862199405566063,0.11321264523101865,0.1291542826263172,0.14131315860578222,0.13428803026209132,0.15212104836530668,0.1629289381248311,0.155363415293164,0.17265603890840314,0.1761686030802486,0.10375574169143474,0.1099702783031613,0.14779789246149688,0.11321264523101865,0.12375033774655499,0.12996487435828155,0.15077006214536612,0.140772764117806,0.12023777357470954,0.0880843015401243,0.1288840853823291,0.08781410429613618,0.0859227235882194,0.08430154012429074,0.08024858146446906,0.13780059443393677,0.12753309916238853,0.09483923263982708,0.07322345312077817,0.10132396649554175,0.10240475547149419,0.15644420426911645,0.049716292893812485,0.12834369089435288,0.1291542826263172,0.16346933261280736,0.15617400702512835,0.08727370980815996,0.09943258578762497,0.12996487435828155,0.10402593893542286,0.2126452310186436,0.12483112672250743,0.06025398540934882,0.041880572818157255,0.09132666846798163,0.13239664955417454,0.09105647122399352,0.16103755741691433,0.13077546609024587,0.11834639286679276,0.12104836530667387,0.10213455822750608,0.0883544987841124,0.07214266414482572,0.06944069170494462,0.11402323696298297,0.10915968657119697,0.13671980545798432,0.15887597946500945,0.06700891650905161,0.08673331532018373,0.09240745744393407,0.0883544987841124,0.06133477438530127,0.07565522831667117,0.08862469602810051,0.16427992434477168,0.11078087003512564,0.09943258578762497,0.07214266414482572,0.07430424209673062,0.10888948932720886,0.10051337476357741,0.09862199405566063,0.09564982437179141,0.1259119156984599,0.0667387192650635,0.0880843015401243,0.11672520940286409,0.10780870035125642,0.09483923263982708,0.09564982437179141,0.06646852202107538,0.12266954877060254,0.07349365036476628,0.15347203458524722,0.09564982437179141,0.05295865982166982,0.06700891650905161,0.09375844366387463,0.10132396649554175,0.06106457714131316,0.11402323696298297,0.06835990272899216,0.06322615509321805,0.06295595784922994,0.1026749527154823,0.13671980545798432,0.1242907322345312,0.08024858146446906,0.1048365306673872,0.0883544987841124,0.10078357200756552,0.0429613617941097,0.08916509051607674,0.14401513104566332,0.09970278303161308,0.09456903539583897,0.13969197514185355,0.07322345312077817,0.08781410429613618,0.04647392596595515,0.0716022696568495,0.08484193461226695,0.03917860037827614,0.046744123209943256,0.09186706295595785,0.05593082950553904,0.06403674682518239,0.08268035666036207,0.04242096730613348,0.11915698459875709,0.04485274250202648,0.06619832477708727,0.09727100783572007,0.05133747635774115,0.07754660902458795,0.08403134288030262,0.07862739800054039,0.10321534720345853,0.06646852202107538,0.041340178330181034,0.04485274250202648,0.08322075114833828,0.08511213185625506,0.08700351256417184,0.04106998108619292,0.04944609564982437,0.05917319643339638,0.06322615509321805,0.03485544447446636,0.10105376925155364,0.0691704944609565,0.08376114563631451,0.05917319643339638,0.09835179681167253,0.06376654958119427,0.03863820589029992,0.09727100783572007,0.0691704944609565,0.046203728721967034,0.035936233450418804,0.06160497162928938,0.07349365036476628,0.11240205349905431,0.09402864090786274,0.035936233450418804,0.1002431775195893,0.07997838422048095,0.05836260470143204,0.07727641178059984,0.037557416914347476,0.07295325587679005,0.08295055390435017,0.0643069440691705,0.02674952715482302,0.07268305863280194,0.08646311807619562,0.0356660362064307,0.09267765468792219,0.10186436098351796,0.0813293704404215,0.0643069440691705,0.06808970548500405,0.0380978114023237,0.06727911375303972,0.008646311807619562,0.05944339367738449,0.0286409078627398,0.05836260470143204,0.03890840313428803,0.06106457714131316,0.15185085112131858,0.05917319643339638,0.09132666846798163,0.09456903539583897,0.04404215077006215,0.10456633342339908,0.050256687381788706,0.07565522831667117,0.03512564171845447,0.03539583896244258,0.059983788165360714,0.08051877870845717,0.04161037557416914,0.03377465549851392,0.0548500405295866,0.07943798973250472,0.057552012969467714,0.024047554714941907,0.06727911375303972,0.03539583896244258,0.04593353147797893,0.10429613617941097,0.10348554444744663,0.05052688462577682,0.12348014050256688,0.06187516887327749,0.11969737908673332,0.07025128343690894,0.07727641178059984,0.06295595784922994,0.07808700351256417,0.0597135909213726,0.1215887597946501,0.06484733855714672,0.08051877870845717,0.09564982437179141,0.08970548500405295,0.050256687381788706,0.06646852202107538,0.0572818157254796,0.029451499594704136,0.0572818157254796,0.11321264523101865,0.03269386652256147
nh0030,1.0,0.7075854082223509,0.5072379849449913,0.4504921829762594,0.6519976838448176,0.4603358425014476,0.3161551823972206,0.40822235089751013,0.2964678633468442,0.2912565141864505,0.49855240301100173,0.2785176606832658,0.24435437174290678,0.2339316734221193,0.33989577301679214,0.3005211349160394,0.3370005790387956,0.20845396641574984,0.23451071221771858,0.27504342790966996,0.24145917776491024,0.13954834973943253,0.21656050955414013,0.2588303416328894,0.2692530399536769,0.17660683265778807,0.2460914881297047,0.11928199189345687,0.2796757382744644,0.20787492762015056,0.25361899247249564,0.1117544875506659,0.17371163867979156,0.25535610885929355,0.18471337579617833,0.1337579617834395,0.11522872032426172,0.10654313839027214,0.12796757382744645,0.14418066010422698,0.07064273306311523,0.28488708743485813,0.20671685002895193,0.10885929357266937,0.259988419224088,0.1702374059061957,0.11407064273306311,0.18239722061378114,0.17197452229299362,0.14128546612623047,0.18413433700057905,0.10654313839027214,0.15865662999420962,0.16618413433700058,0.10480602200347423,0.11870295309785756,0.08164447017950202,0.1325998841922409,0.09206716850028952,0.08569774174869717,0.17313259988419225,0.1922408801389693,0.26809496236247826,0.14997104806022005,0.10422698320787492,0.06369426751592357,0.08685581933989578,0.07180081065431385,0.1482339316734221,0.13665315576143602,0.0677475390851187,0.11754487550665894,0.11754487550665894,0.11522872032426172,0.08222350897510133,0.09785755645628257,0.1343370005790388,0.10712217718587146,0.17255356108859293,0.1117544875506659,0.14186450492182975,0.1557614360162131,0.1337579617834395,0.09206716850028952,0.10248986682107701,0.13086276780544295,0.1470758540822235,0.1360741169658367,0.11117544875506659,0.10943833236826868,0.1592356687898089,0.10017371163867979,0.10828025477707007,0.16502605674580198,0.09612044006948466,0.07643312101910828,0.0781702374059062,0.05327156919513607,0.18702953097857555,0.11580775911986103,0.09438332368268675,0.06079907353792704,0.10480602200347423,0.1459177764910249,0.13144180660104227,0.052692530399536766,0.14070642733063116,0.12970469021424436,0.1129125651418645,0.12275622466705269,0.05500868558193399,0.13202084539664158,0.11349160393746381,0.10885929357266937,0.1806601042269832,0.15112912565141864,0.044585987261146494,0.05211349160393746,0.05906195715112913,0.11754487550665894,0.10422698320787492,0.12970469021424436,0.11117544875506659,0.12217718587145339,0.12796757382744645,0.10248986682107701,0.07064273306311523,0.06890561667631731,0.05906195715112913,0.09090909090909091,0.10480602200347423,0.1470758540822235,0.15460335842501446,0.06369426751592357,0.08453966415749856,0.10654313839027214,0.08569774174869717,0.045744064852345105,0.08222350897510133,0.07527504342790967,0.1673422119281992,0.09148812970469021,0.07701215981470759,0.09669947886508395,0.07527504342790967,0.09843659525188188,0.10364794441227562,0.13781123335263462,0.10885929357266937,0.1812391430225825,0.05848291835552982,0.08222350897510133,0.10191082802547771,0.11986103068905617,0.06022003474232773,0.1007527504342791,0.06022003474232773,0.10191082802547771,0.05848291835552982,0.13839027214823393,0.09496236247828604,0.05906195715112913,0.0781702374059062,0.08396062536189924,0.12912565141864504,0.07585408222350898,0.09380428488708743,0.05442964678633468,0.06832657788071801,0.04342790966994789,0.12044006948465547,0.12623045744064854,0.16039374638100753,0.07585408222350898,0.123335263462652,0.1013317892298784,0.0787492762015055,0.055587724377533294,0.08511870295309786,0.1789229878401853,0.1117544875506659,0.07006369426751592,0.12275622466705269,0.08222350897510133,0.09669947886508395,0.030689056166763172,0.06948465547191662,0.10712217718587146,0.03705848291835553,0.03705848291835553,0.10364794441227562,0.044585987261146494,0.03821656050955414,0.08801389693109438,0.0671685002895194,0.10306890561667632,0.04748118123914302,0.06832657788071801,0.09959467284308049,0.034163288940359006,0.07411696583671105,0.08685581933989578,0.061378112333526344,0.10306890561667632,0.06253618992472496,0.04400694846554719,0.049797336421540245,0.09843659525188188,0.06485234510712218,0.07411696583671105,0.052692530399536766,0.04111175448755067,0.08106543138390272,0.05790387955993052,0.02895193977996526,0.12565141864504922,0.04632310364794441,0.09438332368268675,0.04169079328314997,0.16155182397220613,0.07353792704111176,0.050955414012738856,0.061378112333526344,0.06253618992472496,0.044585987261146494,0.0335842501447597,0.05327156919513607,0.07469600463231037,0.10943833236826868,0.08859293572669369,0.03647944412275622,0.08743485813549508,0.06369426751592357,0.06485234510712218,0.05848291835552982,0.03937463810075275,0.05906195715112913,0.10017371163867979,0.07759119861030689,0.03532136653155762,0.06311522872032427,0.06079907353792704,0.033005211349160395,0.07411696583671105,0.13144180660104227,0.06601042269832079,0.06195715112912565,0.08164447017950202,0.01910828025477707,0.06601042269832079,0.024319629415170817,0.05327156919513607,0.04400694846554719,0.0677475390851187,0.039953676896352056,0.046902142443543716,0.16386797915460335,0.06079907353792704,0.07237984944991314,0.07527504342790967,0.0451650260567458,0.07990735379270411,0.05153445280833816,0.05906195715112913,0.030110017371163866,0.027793862188766647,0.06253618992472496,0.07643312101910828,0.042848870874348584,0.03126809496236248,0.05327156919513607,0.09554140127388536,0.06369426751592357,0.02374059061957151,0.04863925883034163,0.034163288940359006,0.04111175448755067,0.08743485813549508,0.11696583671105965,0.04863925883034163,0.08222350897510133,0.06890561667631731,0.10596409959467284,0.08453966415749856,0.07006369426751592,0.08338158656629995,0.08048639258830341,0.07411696583671105,0.07064273306311523,0.049797336421540245,0.08048639258830341,0.07295888824551244,0.05848291835552982,0.06948465547191662,0.06601042269832079,0.06832657788071801,0.023161551823972205,0.07122177185871453,0.09264620729588882,0.05732484076433121
nh0031,1.0,0.77088948787062,0.5951482479784367,0.5590296495956874,0.9929919137466308,0.5380053908355795,0.30296495956873315,0.3390835579514825,0.3638814016172507,0.36765498652291106,0.5638814016172506,0.3363881401617251,0.3024258760107817,0.3611859838274933,0.29326145552560645,0.3628032345013477,0.4253369272237197,0.29110512129380056,0.23611859838274932,0.24204851752021564,0.2398921832884097,0.19568733153638815,0.2555256064690027,0.24150943396226415,0.2921832884097035,0.18328840970350405,0.28787061994609164,0.16388140161725068,0.3870619946091644,0.27008086253369273,0.17951482479784367,0.1326145552560647,0.20107816711590296,0.2921832884097035,0.19191374663072777,0.23611859838274932,0.21778975741239892,0.25929919137466306,0.2059299191374663,0.13746630727762804,0.20215633423180593,0.27169811320754716,0.29757412398921834,0.13746630727762804,0.25067385444743934,0.14070080862533693,0.1347708894878706,0.14555256064690028,0.1902964959568733,0.20053908355795147,0.12183288409703504,0.19191374663072777,0.24043126684636118,0.17466307277628032,0.1633423180592992,0.12129380053908356,0.07762803234501348,0.15579514824797844,0.12237196765498652,0.11913746630727763,0.2555256064690027,0.1504043126684636,0.26037735849056604,0.17681940700808627,0.10673854447439353,0.14231805929919136,0.0830188679245283,0.09865229110512129,0.13962264150943396,0.1574123989218329,0.12075471698113208,0.17088948787061994,0.21078167115902965,0.12776280323450134,0.10566037735849057,0.11913746630727763,0.24097035040431267,0.09811320754716982,0.22210242587601078,0.22371967654986524,0.18059299191374664,0.20053908355795147,0.2334231805929919,0.12560646900269543,0.11536388140161725,0.1606469002695418,0.13584905660377358,0.1444743935309973,0.11590296495956873,0.19299191374663072,0.12021563342318059,0.12183288409703504,0.14016172506738545,0.18490566037735848,0.10889487870619946,0.12183288409703504,0.05660377358490566,0.1234501347708895,0.1628032345013477,0.1509433962264151,0.14070080862533693,0.09056603773584905,0.1261455525606469,0.15471698113207547,0.13746630727762804,0.06037735849056604,0.16172506738544473,0.1450134770889488,0.12237196765498652,0.12075471698113208,0.08355795148247978,0.11644204851752021,0.20485175202156333,0.11428571428571428,0.21239892183288409,0.09811320754716982,0.04959568733153639,0.07708894878706199,0.06684636118598383,0.15309973045822103,0.12129380053908356,0.19299191374663072,0.1169811320754717,0.14878706199460917,0.17035040431266846,0.11374663072776281,0.11644204851752021,0.08409703504043127,0.07277628032345014,0.12884097035040432,0.13638814016172507,0.17466307277628032,0.12830188679245283,0.10997304582210242,0.11805929919137466,0.11859838274932614,0.09433962264150944,0.09110512129380054,0.10080862533692722,0.12129380053908356,0.1261455525606469,0.16981132075471697,0.06684636118598383,0.07169811320754717,0.056064690026954175,0.14932614555256066,0.09919137466307278,0.11482479784366577,0.06900269541778976,0.16226415094339622,0.05822102425876011,0.09703504043126684,0.10673854447439353,0.10404312668463613,0.08140161725067385,0.08086253369272237,0.050673854447439354,0.17196765498652292,0.07978436657681941,0.12830188679245283,0.09272237196765498,0.10242587601078167,0.07277628032345014,0.10835579514824797,0.1169811320754717,0.045283018867924525,0.11913746630727763,0.10512129380053908,0.01778975741239892,0.03827493261455526,0.15309973045822103,0.14878706199460917,0.12452830188679245,0.09865229110512129,0.1816711590296496,0.11590296495956873,0.08355795148247978,0.052830188679245285,0.09272237196765498,0.18005390835579516,0.09973045822102426,0.08086253369272237,0.12075471698113208,0.08140161725067385,0.09433962264150944,0.026954177897574125,0.09757412398921833,0.14231805929919136,0.044204851752021566,0.056064690026954175,0.08140161725067385,0.044743935309973046,0.03611859838274933,0.0803234501347709,0.07654986522911052,0.08679245283018867,0.05390835579514825,0.07654986522911052,0.07493261455525606,0.07439353099730459,0.06630727762803235,0.09703504043126684,0.11320754716981132,0.09433962264150944,0.07816711590296496,0.04150943396226415,0.05175202156334232,0.11266846361185984,0.09110512129380054,0.10619946091644204,0.01293800539083558,0.03450134770889488,0.06630727762803235,0.06253369272237197,0.03288409703504043,0.1078167115902965,0.05390835579514825,0.05876010781671159,0.04959568733153639,0.13153638814016172,0.06576819407008086,0.06307277628032346,0.1261455525606469,0.08571428571428572,0.02371967654986523,0.039892183288409704,0.05983827493261455,0.13962264150943396,0.08517520215633423,0.08840970350404313,0.05121293800539083,0.11752021563342319,0.03719676549865229,0.0889487870619946,0.09380053908355795,0.05876010781671159,0.11859838274932614,0.11482479784366577,0.07708894878706199,0.045283018867924525,0.06037735849056604,0.13692722371967656,0.06415094339622641,0.13692722371967656,0.11212938005390835,0.061455525606469004,0.07547169811320754,0.07762803234501348,0.016172506738544475,0.05013477088948787,0.019946091644204852,0.07601078167115903,0.04636118598382749,0.08571428571428572,0.06630727762803235,0.12452830188679245,0.18544474393530996,0.08409703504043127,0.08733153638814016,0.13153638814016172,0.04851752021563342,0.08517520215633423,0.05929919137466307,0.1105121293800539,0.07331536388140161,0.03611859838274933,0.10512129380053908,0.06846361185983828,0.033962264150943396,0.06792452830188679,0.03881401617250674,0.07601078167115903,0.0738544474393531,0.02587601078167116,0.05013477088948787,0.05390835579514825,0.07169811320754717,0.07870619946091645,0.09487870619946091,0.052830188679245285,0.09973045822102426,0.0830188679245283,0.10026954177897573,0.07547169811320754,0.10673854447439353,0.09056603773584905,0.07601078167115903,0.053369272237196765,0.0954177897574124,0.0522911051212938,0.09164420485175202,0.05876010781671159,0.06522911051212937,0.05768194070080863,0.1320754716981132,0.08194070080862534,0.056064690026954175,0.04043126684636118,0.0803234501347709,0.055525606469002696
nh0032,1.0,0.7784711388455539,0.5815132605304212,0.46489859594383776,0.6922776911076443,0.45631825273010923,0.3872854914196568,0.4153666146645866,0.3537441497659906,0.30109204368174725,0.49414976599063964,0.2831513260530421,0.2453198127925117,0.26950078003120126,0.3221528861154446,0.32722308892355695,0.2960218408736349,0.21489859594383776,0.22269890795631825,0.2125585023400936,0.29875195007800315,0.17550702028081122,0.2589703588143526,0.26872074882995317,0.24180967238689546,0.17901716068642745,0.27574102964118563,0.12831513260530422,0.28042121684867394,0.25078003120124803,0.2453198127925117,0.15249609984399376,0.156396255850234,0.2593603744149766,0.20709828393135726,0.15912636505460218,0.15249609984399376,0.16575663026521062,0.1735569422776911,0.14274570982839313,0.10023400936037441,0.26443057722308894,0.20085803432137286,0.11739469578783152,0.24414976599063962,0.18681747269890794,0.11856474258970359,0.15717628705148207,0.1622464898595944,0.187597503900156,0.1314352574102964,0.11622464898595944,0.1922776911076443,0.17745709828393136,0.13650546021840873,0.14469578783151327,0.12168486739469579,0.14898595943837753,0.11232449297971919,0.09945397815912636,0.18408736349453977,0.22932917316692666,0.24180967238689546,0.13689547581903277,0.09867394695787832,0.07449297971918876,0.08307332293291732,0.06630265210608424,0.1517160686427457,0.16341653666146647,0.05343213728549142,0.11856474258970359,0.14703588143525742,0.13065522620904838,0.1267550702028081,0.12207488299531981,0.14235569422776911,0.07995319812792512,0.16302652106084242,0.12792511700468018,0.13884555382215288,0.14781591263650545,0.15366614664586584,0.09789391575663027,0.08970358814352575,0.12324492979719189,0.13806552262090482,0.10920436817472699,0.11388455538221529,0.11700468018720749,0.12012480499219969,0.12402496099843993,0.1372854914196568,0.13377535101404056,0.10647425897035881,0.08775351014040561,0.08970358814352575,0.09477379095163807,0.13689547581903277,0.14508580343213728,0.11037441497659907,0.09282371294851795,0.1029641185647426,0.11817472698907956,0.13611544461778471,0.05499219968798752,0.11778471138845553,0.13065522620904838,0.125195007800312,0.12324492979719189,0.07254290171606864,0.08229329173166927,0.10413416536661467,0.10452418096723869,0.16653666146645865,0.13260530421216848,0.08775351014040561,0.04251170046801872,0.10803432137285492,0.15912636505460218,0.09087363494539781,0.14118564742589704,0.09633385335413416,0.11544461778471139,0.12831513260530422,0.10959438377535101,0.07410296411856475,0.07371294851794072,0.06981279251170047,0.08385335413416536,0.10881435257410296,0.1294851794071763,0.14937597503900157,0.078003120124805,0.11349453978159127,0.11817472698907956,0.11466458658346333,0.054212168486739466,0.07956318252730109,0.09399375975039001,0.10764430577223089,0.11193447737909516,0.08268330733229329,0.08151326053042121,0.07098283931357255,0.10686427457098284,0.09906396255850235,0.08814352574102964,0.10647425897035881,0.15561622464898595,0.07917316692667707,0.07371294851794072,0.09282371294851795,0.0998439937597504,0.08502340093603744,0.08580343213728549,0.05538221528861154,0.12441497659906396,0.06396255850234009,0.12129485179407176,0.07917316692667707,0.06513260530421217,0.03627145085803432,0.08541341653666147,0.10881435257410296,0.0748829953198128,0.10647425897035881,0.07137285491419657,0.0811232449297972,0.0436817472698908,0.10686427457098284,0.16341653666146647,0.10842433697347893,0.09867394695787832,0.11232449297971919,0.09945397815912636,0.09438377535101404,0.060452418096723866,0.093603744149766,0.12831513260530422,0.10491419656786272,0.08970358814352575,0.10647425897035881,0.078003120124805,0.07137285491419657,0.021450858034321372,0.08463338533541341,0.10179407176287052,0.03081123244929797,0.05226209048361934,0.08814352574102964,0.05655226209048362,0.07995319812792512,0.0998439937597504,0.06630265210608424,0.11817472698907956,0.049531981279251174,0.06591263650546021,0.08892355694227769,0.05187207488299532,0.09009360374414976,0.08970358814352575,0.05811232449297972,0.09321372854914196,0.06981279251170047,0.03939157566302652,0.06708268330733229,0.10257410296411856,0.07137285491419657,0.09126365054602184,0.04563182527301092,0.04758190327613104,0.08190327613104524,0.07761310452418096,0.02691107644305772,0.08268330733229329,0.0811232449297972,0.09009360374414976,0.05187207488299532,0.11661466458658347,0.07332293291731669,0.0436817472698908,0.09711388455538221,0.08853354134165367,0.0327613104524181,0.0374414976599064,0.05811232449297972,0.093603744149766,0.09945397815912636,0.09828393135725429,0.039781591263650544,0.07566302652106084,0.06474258970358815,0.06123244929797192,0.0748829953198128,0.035491419656786274,0.08307332293291732,0.09711388455538221,0.046021840873634944,0.02847113884555382,0.05070202808112324,0.08541341653666147,0.040171606864274574,0.0717628705148206,0.11622464898595944,0.0904836193447738,0.05811232449297972,0.0998439937597504,0.008970358814352574,0.11427457098283932,0.008970358814352574,0.06318252730109204,0.0218408736349454,0.05850234009360374,0.04563182527301092,0.05538221528861154,0.18252730109204368,0.06435257410296412,0.11349453978159127,0.10062402496099844,0.05031201248049922,0.08346333853354135,0.056162246489859596,0.05499219968798752,0.046021840873634944,0.0514820592823713,0.06630265210608424,0.07215288611544461,0.051092043681747266,0.03783151326053042,0.05343213728549142,0.078003120124805,0.06591263650546021,0.012090483619344774,0.05499219968798752,0.036661466458658344,0.059282371294851796,0.08034321372854915,0.10374414976599064,0.04251170046801872,0.09750390015600624,0.05538221528861154,0.11544461778471139,0.07722308892355695,0.07722308892355695,0.06474258970358815,0.06786271450858035,0.046411856474258974,0.08502340093603744,0.09321372854914196,0.08970358814352575,0.07449297971918876,0.07254290171606864,0.05343213728549142,0.057332293291731666,0.06435257410296412,0.037051482059282374,0.0421216848673947,0.12324492979719189,0.05538221528861154
nh0033,0.8808208366219415,0.6057616416732439,0.489344909234412,0.4692186266771902,1.0,0.40449881610102606,0.3780584056827151,0.3855564325177585,0.3346487766377269,0.31373322809786897,0.6365430149960537,0.30939226519337015,0.24191002367797948,0.35911602209944754,0.297947908445146,0.3500394632991318,0.35832675611681136,0.2584846093133386,0.19731649565903708,0.19850039463299132,0.22730860299921074,0.17048145224940806,0.2154696132596685,0.26519337016574585,0.21468034727703236,0.17797947908445147,0.22573007103393844,0.14601420678768745,0.32794001578531967,0.2292817679558011,0.1712707182320442,0.1345698500394633,0.15785319652722968,0.23993685872138912,0.1728492501973165,0.17561168113654302,0.17561168113654302,0.16298342541436464,0.1499605367008682,0.1345698500394633,0.09352801894238358,0.30939226519337015,0.23875295974743488,0.14719810576164166,0.24191002367797948,0.15706393054459353,0.16258879242304658,0.15864246250986583,0.2628255722178374,0.1590370955011839,0.11089187056037884,0.164956590370955,0.17482241515390687,0.15509076558800317,0.15074980268350435,0.111681136543015,0.09076558800315707,0.15469613259668508,0.1148382004735596,0.0931333859510655,0.24388318863456984,0.16298342541436464,0.24348855564325178,0.12746645619573796,0.1085240726124704,0.09076558800315707,0.07419100236779795,0.09431728492501973,0.1314127861089187,0.13022888713496447,0.0734017363851618,0.13772691397000789,0.15074980268350435,0.111681136543015,0.14285714285714285,0.10142067876874507,0.18310970797158643,0.059589581689029204,0.1696921862667719,0.21823204419889503,0.16140489344909234,0.18310970797158643,0.19376479873717442,0.13101815311760062,0.07655880031570639,0.15272296764009471,0.1239147592738753,0.10457774269928966,0.1479873717442778,0.1483820047355959,0.11562746645619573,0.1665351223362273,0.12154696132596685,0.1479873717442778,0.12430939226519337,0.10023677979479084,0.07419100236779795,0.11207576953433307,0.15588003157063932,0.12312549329123915,0.11562746645619573,0.07655880031570639,0.09116022099447514,0.12312549329123915,0.20086819258089977,0.06471981057616416,0.1282557221783741,0.10418310970797158,0.1456195737963694,0.11720599842146803,0.08602999210734018,0.12194159431728492,0.12273086029992107,0.07695343330702446,0.19021310181531176,0.11444356748224152,0.06471981057616416,0.11444356748224152,0.06590370955011839,0.12430939226519337,0.11049723756906077,0.15588003157063932,0.07892659826361484,0.13772691397000789,0.14917127071823205,0.1085240726124704,0.08681925808997633,0.0749802683504341,0.0627466456195738,0.10497237569060773,0.14127861089187055,0.13378058405682716,0.11404893449092345,0.06708760852407261,0.09865824782951854,0.10299921073401737,0.08524072612470403,0.08089976322020521,0.0931333859510655,0.132991318074191,0.09352801894238358,0.12312549329123915,0.0627466456195738,0.07932123125493291,0.06077348066298342,0.10299921073401737,0.09865824782951854,0.09037095501183899,0.08760852407261246,0.18705603788476716,0.07695343330702446,0.09194948697711129,0.09865824782951854,0.0856353591160221,0.05367008681925809,0.08958168902920284,0.06708760852407261,0.132991318074191,0.07932123125493291,0.12352012628255722,0.09392265193370165,0.06906077348066299,0.054064719810576166,0.09392265193370165,0.08642462509865825,0.05130228887134965,0.12943962115232832,0.06945540647198106,0.07419100236779795,0.023283346487766376,0.1053670086819258,0.1314127861089187,0.08958168902920284,0.13101815311760062,0.15864246250986583,0.09984214680347277,0.0931333859510655,0.04538279400157853,0.0840568271507498,0.1266771902131018,0.10418310970797158,0.07142857142857142,0.14483030781373324,0.06195737963693765,0.06866614048934491,0.02249408050513023,0.08958168902920284,0.12075769534333071,0.037095501183898975,0.04538279400157853,0.07813733228097869,0.03867403314917127,0.05169692186266772,0.08366219415943173,0.055248618784530384,0.11247040252565114,0.05485398579321231,0.07853196527229676,0.0734017363851618,0.05288082083662194,0.053275453827940016,0.0840568271507498,0.05288082083662194,0.10576164167324388,0.05761641673243883,0.040647198105761645,0.038279400157853194,0.13733228097868982,0.06550907655880031,0.08011049723756906,0.02249408050513023,0.04459352801894238,0.08602999210734018,0.05130228887134965,0.03393843725335438,0.08879242304656669,0.056037884767166535,0.08168902920284135,0.04932912391475927,0.12588792423046566,0.06708760852407261,0.041831097079715863,0.10615627466456196,0.06787687450670876,0.019337016574585635,0.03867403314917127,0.06985003946329914,0.06985003946329914,0.07537490134175218,0.07261247040252565,0.055248618784530384,0.08800315706393054,0.05998421468034728,0.056827150749802685,0.06550907655880031,0.040647198105761645,0.07379636937647988,0.08760852407261246,0.0702446724546172,0.03393843725335438,0.05840568271507498,0.08287292817679558,0.05564325177584846,0.10023677979479084,0.10023677979479084,0.07419100236779795,0.05090765588003157,0.06511444356748224,0.010655090765588003,0.06945540647198106,0.06550907655880031,0.04853985793212313,0.03314917127071823,0.07103393843725335,0.05169692186266772,0.052486187845303865,0.14325177584846094,0.056827150749802685,0.12904498816101026,0.0840568271507498,0.052486187845303865,0.07853196527229676,0.04380426203630623,0.09273875295974743,0.04775059194948698,0.039857932123125495,0.05761641673243883,0.06314127861089187,0.03393843725335438,0.05011838989739542,0.058011049723756904,0.0749802683504341,0.06708760852407261,0.021310181531176007,0.05288082083662194,0.04104183109707971,0.05840568271507498,0.06590370955011839,0.0643251775848461,0.04775059194948698,0.08879242304656669,0.05130228887134965,0.10734017363851618,0.07063930544593527,0.06511444356748224,0.07537490134175218,0.05011838989739542,0.04498816101026046,0.111681136543015,0.06511444356748224,0.07103393843725335,0.06195737963693765,0.07221783741120757,0.04538279400157853,0.09984214680347277,0.07300710339384373,0.039857932123125495,0.036306235201262825,0.10418310970797158,0.06708760852407261
nh0034,1.0,0.7033694344163658,0.5240673886883274,0.34957882069795426,0.3200962695547533,0.4001203369434416,0.28279181708784595,0.4151624548736462,0.2605294825511432,0.3622141997593261,0.25872442839951865,0.2394705174488568,0.253309265944645,0.23104693140794225,0.3110709987966306,0.2496991576413959,0.28941034897713597,0.20156438026474127,0.2292418772563177,0.24247894103489773,0.28038507821901326,0.22322503008423586,0.2918170878459687,0.2184115523465704,0.2490974729241877,0.2003610108303249,0.23465703971119134,0.17749699157641396,0.16125150421179302,0.2075812274368231,0.17448856799037304,0.15042117930204574,0.14500601684717207,0.16726835138387486,0.15703971119133575,0.1407942238267148,0.14921780986762936,0.12815884476534295,0.18110709987966306,0.15282791817087846,0.12093862815884476,0.18772563176895307,0.1444043321299639,0.148014440433213,0.2148014440433213,0.12936221419975932,0.06438026474127558,0.15643802647412755,0.19434416365824309,0.09807460890493382,0.12214199759326114,0.1684717208182912,0.1269554753309266,0.14681107099879662,0.07280385078219014,0.1263537906137184,0.10108303249097472,0.14139590854392298,0.15703971119133575,0.1022864019253911,0.14500601684717207,0.2003610108303249,0.15162454873646208,0.14500601684717207,0.1263537906137184,0.12755716004813478,0.11131167268351384,0.11492178098676294,0.09626955475330927,0.13778580024067388,0.09807460890493382,0.08965102286401926,0.10409145607701564,0.10890493381468111,0.10589651022864019,0.10288808664259928,0.08965102286401926,0.07701564380264742,0.10770156438026474,0.06438026474127558,0.08243080625752106,0.12033694344163658,0.08303249097472924,0.08363417569193743,0.1095066185318893,0.10108303249097472,0.13477737665463296,0.1095066185318893,0.05595667870036101,0.08965102286401926,0.0812274368231047,0.11793020457280386,0.12154031287605295,0.1125150421179302,0.11552346570397112,0.09687123947051744,0.06618531889290012,0.1263537906137184,0.09687123947051744,0.0703971119133574,0.0950661853188929,0.11311672683513839,0.09566787003610108,0.1095066185318893,0.12274368231046931,0.0914560770156438,0.0740072202166065,0.12033694344163658,0.08062575210589651,0.0914560770156438,0.09747292418772563,0.11010830324909747,0.07641395908543923,0.10108303249097472,0.08844765342960288,0.07099879663056559,0.10529482551143202,0.036702767749699154,0.09566787003610108,0.09927797833935018,0.11371841155234658,0.06438026474127558,0.07942238267148015,0.08363417569193743,0.07821901323706378,0.09566787003610108,0.06438026474127558,0.06919374247894103,0.08664259927797834,0.08062575210589651,0.11070998796630566,0.09987966305655836,0.08664259927797834,0.05836341756919374,0.08784596871239471,0.0776173285198556,0.11131167268351384,0.06257521058965103,0.08182912154031288,0.09807460890493382,0.07641395908543923,0.07460890493381468,0.08844765342960288,0.08483754512635379,0.14681107099879662,0.08664259927797834,0.10108303249097472,0.09326113116726835,0.08303249097472924,0.09265944645006016,0.10048134777376655,0.06979542719614922,0.06799037304452467,0.08724428399518652,0.06618531889290012,0.06799037304452467,0.05054151624548736,0.048736462093862815,0.07882069795427196,0.06618531889290012,0.0776173285198556,0.10168471720818291,0.1233453670276775,0.06377858002406739,0.08604091456077016,0.0703971119133574,0.09927797833935018,0.06438026474127558,0.11913357400722022,0.05595667870036101,0.05776173285198556,0.049338146811071,0.049338146811071,0.06919374247894103,0.07460890493381468,0.07942238267148015,0.06678700361010831,0.027677496991576414,0.08303249097472924,0.10649819494584838,0.07521058965102287,0.09085439229843562,0.08724428399518652,0.07340553549939831,0.06377858002406739,0.04512635379061372,0.03850782190132371,0.04151624548736462,0.05114320096269555,0.06799037304452467,0.07882069795427196,0.03730445246690734,0.07280385078219014,0.04753309265944645,0.04151624548736462,0.0776173285198556,0.052948255114320095,0.07521058965102287,0.05595667870036101,0.05415162454873646,0.04693140794223827,0.04632972322503008,0.043922984356197355,0.036101083032490974,0.04091456077015644,0.11793020457280386,0.06257521058965103,0.05836341756919374,0.05595667870036101,0.05174488567990373,0.027677496991576414,0.12274368231046931,0.03790613718411552,0.061371841155234655,0.0421179302045728,0.0703971119133574,0.048134777376654635,0.07521058965102287,0.0457280385078219,0.08604091456077016,0.04512635379061372,0.060770156438026475,0.0631768953068592,0.08904933814681107,0.05475330926594465,0.06919374247894103,0.052948255114320095,0.05896510228640193,0.1095066185318893,0.057160048134777375,0.048134777376654635,0.03489771359807461,0.04332129963898917,0.043922984356197355,0.04271961492178099,0.04753309265944645,0.06558363417569193,0.052948255114320095,0.0631768953068592,0.07340553549939831,0.05174488567990373,0.04332129963898917,0.044524669073405534,0.02888086642599278,0.07521058965102287,0.07220216606498195,0.06016847172081829,0.06738868832731648,0.040312876052948254,0.048736462093862815,0.0006016847172081829,0.05415162454873646,0.029482551143200964,0.040312876052948254,0.048134777376654635,0.029482551143200964,0.06197352587244284,0.0457280385078219,0.0631768953068592,0.044524669073405534,0.05354993983152828,0.048134777376654635,0.04693140794223827,0.05595667870036101,0.05114320096269555,0.05535499398315283,0.05836341756919374,0.05776173285198556,0.048736462093862815,0.05054151624548736,0.08303249097472924,0.05956678700361011,0.06919374247894103,0.04271961492178099,0.028279181708784597,0.04512635379061372,0.0457280385078219,0.043922984356197355,0.04632972322503008,0.0631768953068592,0.04271961492178099,0.04753309265944645,0.05836341756919374,0.056558363417569195,0.04693140794223827,0.049338146811071,0.04151624548736462,0.049338146811071,0.056558363417569195,0.04091456077015644,0.07340553549939831,0.036702767749699154,0.03309265944645006,0.044524669073405534,0.03429602888086643,0.07581227436823104,0.05776173285198556,0.048736462093862815,0.06438026474127558,0.0631768953068592
nh0035,1.0,0.42644790351984296,0.509465713083719,0.3700743233768055,0.2936474547749264,0.3080914317767494,0.24723040246809705,0.3068293366989202,0.19955125508343852,0.2571869303043052,0.23194502874772122,0.21960454354228018,0.21988500911513112,0.19534427149067451,0.253540877857243,0.18118076006170242,0.21567802552236712,0.18384518300378627,0.17851633711961856,0.18566820922731736,0.19562473706352546,0.14696396017388866,0.18104052727527695,0.1804795961295751,0.14415930444537933,0.17066330107979247,0.1675781797784322,0.15565839293226758,0.14401907165895386,0.11555181601458421,0.1398120880661899,0.17599214696396018,0.12550834385079232,0.13728789791053148,0.15201234048520543,0.14766512410601598,0.12578880942364326,0.12088066189875193,0.1055952881783761,0.14107418314401907,0.12003926518019913,0.13420277660917124,0.12172205861730473,0.11597251437386061,0.11162529799467115,0.1072780816154817,0.14990884868882345,0.10531482260552517,0.07726826532043192,0.1110643668489693,0.08652362922451269,0.09704108820642267,0.12200252419015566,0.09577899312859346,0.09129154396297855,0.09381573411863693,0.122703688122283,0.08035338662179217,0.09269387182723321,0.09381573411863693,0.10307109802271772,0.1280325340064507,0.09788248492497546,0.13644650119197868,0.07656710138830458,0.09535829476931706,0.09914458000280466,0.09493759641004067,0.0831580423503015,0.07796942925255924,0.11288739307250036,0.12382555041368672,0.09297433740008414,0.07796942925255924,0.07698779974758098,0.10054690786705932,0.08946851773944749,0.07839012761183564,0.07558547188332632,0.0831580423503015,0.07488430795119899,0.06969569485345674,0.08329827513672697,0.08988921609872388,0.0848408357874071,0.05539195063805918,0.08035338662179217,0.0856822325059599,0.07853036039826111,0.08007292104894125,0.07432337680549712,0.06226335717290703,0.06548871126069275,0.09858364885710279,0.08666386201093816,0.07824989482541019,0.07824989482541019,0.07502454073762446,0.068573832562053,0.06492778011499088,0.08974898331229841,0.06226335717290703,0.07221988500911514,0.06997616042630767,0.051044734258869726,0.048380311316785864,0.059739167017248636,0.08946851773944749,0.06212312438648156,0.06787266862992568,0.0736222128733698,0.0852615341466835,0.06492778011499088,0.07768896367970832,0.07165895386341327,0.05567241621091011,0.08091431776749404,0.09535829476931706,0.055812648997335575,0.07053709157200953,0.06436684896928901,0.06296452110503435,0.07544523909690086,0.06562894404711822,0.07306128172766793,0.06422661618286356,0.06450708175571448,0.05847707193941944,0.06647034076567102,0.04122843920908709,0.0736222128733698,0.08175571448604683,0.06100126209507783,0.08512130136025803,0.0598793998036741,0.06913476370775487,0.05679427850231384,0.05679427850231384,0.05455055391950638,0.06394615061001262,0.06829336698920208,0.05763567522086664,0.05062403589959333,0.06128172766792876,0.04950217360818959,0.050343570326742394,0.06044033094937597,0.07376244565979526,0.04669751787968027,0.08161548169962138,0.05048380311316786,0.05441032113308091,0.055952881783761045,0.05917823587154677,0.06338521946431075,0.08245687841817417,0.04809984574393493,0.05048380311316786,0.06773243584350021,0.05300799326882625,0.06184265881363063,0.05314822605525172,0.07039685878558406,0.05609311457018651,0.04487449165614921,0.05062403589959333,0.06913476370775487,0.04305146543261815,0.05048380311316786,0.09830318328425186,0.06801290141635115,0.039405412985556026,0.05174589819099706,0.051044734258869726,0.04080774084981069,0.04641705230682934,0.0469779834525312,0.042350301500490815,0.048380311316785864,0.050203337540316924,0.0473986818118076,0.05847707193941944,0.06717150469779834,0.05553218342448465,0.04136867199551255,0.09928481278923013,0.048520544103211334,0.034357032674239237,0.05847707193941944,0.055812648997335575,0.044173327724021876,0.04767914738465853,0.05721497686159024,0.03505819660636657,0.04487449165614921,0.033655868742111905,0.03996634413125789,0.0594587014443977,0.06170242602720516,0.05763567522086664,0.03632029168419577,0.037301921189174025,0.03688122282989763,0.03912494741270509,0.04641705230682934,0.03015004908147525,0.05328845884167718,0.030430514654326182,0.04150890478193802,0.0236993409059038,0.1076987799747581,0.03968587855840695,0.030430514654326182,0.03996634413125789,0.04711821623895667,0.03197307530500631,0.03814331790772683,0.040387042490534285,0.04122843920908709,0.05749544243444117,0.04936194082176413,0.04950217360818959,0.04277099985976721,0.03688122282989763,0.03772261954845043,0.046136586733978406,0.027625858925816857,0.03267423923713364,0.03379610152853737,0.036740990043472165,0.030290281867900715,0.04206983592763988,0.03898471462627962,0.034357032674239237,0.040387042490534285,0.049081475248913195,0.0469779834525312,0.045435422801851075,0.03996634413125789,0.045295190015425604,0.02860748843079512,0.0344972654606647,0.03632029168419577,0.03225354087785724,0.06576917683354368,0.0344972654606647,0.04473425886972374,0.049922871967466,0.09213294068153134,0.05062403589959333,0.06633010797924555,0.04277099985976721,0.030430514654326182,0.05370915720095358,0.04305146543261815,0.03828355069415229,0.04501472444257468,0.036600757257046694,0.03281447202355911,0.049081475248913195,0.03603982611134483,0.04192960314121442,0.043612396578320015,0.030290281867900715,0.03758238676202496,0.0598793998036741,0.03393633431496284,0.04557565558827654,0.03589959332491936,0.03519842939279203,0.02636376384798766,0.029168419576496987,0.04094797363623615,0.05370915720095358,0.04501472444257468,0.037442153975599496,0.03323517038283551,0.04277099985976721,0.040527275276959755,0.03688122282989763,0.041088206422661616,0.03197307530500631,0.029448885149347917,0.034357032674239237,0.04150890478193802,0.0353386621792175,0.051044734258869726,0.04473425886972374,0.02902818679007152,0.03267423923713364,0.04557565558827654,0.044173327724021876,0.03379610152853737,0.047258449025382135,0.025522367129434863,0.03632029168419577,0.03968587855840695,0.04487449165614921,0.028467255644369655,0.03758238676202496
nh0036,1.0,0.46368715083798884,0.5230446927374302,0.348463687150838,0.33379888268156427,0.3817504655493482,0.35963687150837986,0.29120111731843573,0.260707635009311,0.3649906890130354,0.21973929236499068,0.2628026070763501,0.21601489757914338,0.2376629422718808,0.2313780260707635,0.1945996275605214,0.1841247672253259,0.23393854748603352,0.21368715083798884,0.21508379888268156,0.24394785847299813,0.1650372439478585,0.1266294227188082,0.20297951582867785,0.16992551210428306,0.21554934823091249,0.18272811918063314,0.1717877094972067,0.1366387337057728,0.13919925512104284,0.1473463687150838,0.19157355679702048,0.15782122905027932,0.17783985102420857,0.13058659217877094,0.17085661080074488,0.15246741154562385,0.1373370577281192,0.1361731843575419,0.1568901303538175,0.11941340782122906,0.11405959031657356,0.11405959031657356,0.15712290502793297,0.11219739292364991,0.11824953445065177,0.16759776536312848,0.14269087523277468,0.11685288640595903,0.08868715083798882,0.1175512104283054,0.11522346368715083,0.11662011173184357,0.10963687150837989,0.1212756052141527,0.1233705772811918,0.1266294227188082,0.10521415270018622,0.10730912476722533,0.10474860335195531,0.10032588454376164,0.13058659217877094,0.09799813780260708,0.08891992551210429,0.10567970204841713,0.11941340782122906,0.12267225325884544,0.11848230912476723,0.09590316573556797,0.0931098696461825,0.1191806331471136,0.09217877094972067,0.1026536312849162,0.11429236499068901,0.10172253258845437,0.0893854748603352,0.10614525139664804,0.10335195530726257,0.09776536312849161,0.10451582867783984,0.1175512104283054,0.08729050279329609,0.09380819366852887,0.09846368715083799,0.11452513966480447,0.09823091247672253,0.0782122905027933,0.08822160148975791,0.08030726256983241,0.08007448789571694,0.08659217877094973,0.08868715083798882,0.09101489757914338,0.09450651769087523,0.10218808193668528,0.08496275605214153,0.08286778398510242,0.09636871508379888,0.07751396648044692,0.07029795158286778,0.09962756052141528,0.07960893854748603,0.09590316573556797,0.07960893854748603,0.08193668528864059,0.059124767225325885,0.10451582867783984,0.06517690875232775,0.09380819366852887,0.08752327746741155,0.06657355679702048,0.1196461824953445,0.0765828677839851,0.08472998137802606,0.06657355679702048,0.07937616387337058,0.05772811918063315,0.12988826815642457,0.0798417132216015,0.07402234636871509,0.10009310986964619,0.06447858472998137,0.0782122905027933,0.08100558659217877,0.06238361266294227,0.05889199255121043,0.07681564245810056,0.0686685288640596,0.0542364990689013,0.0782122905027933,0.08705772811918064,0.08170391061452514,0.06215083798882681,0.08845437616387337,0.07797951582867783,0.052374301675977654,0.05889199255121043,0.054702048417132214,0.08170391061452514,0.087756052141527,0.06191806331471136,0.05889199255121043,0.09939478584729981,0.09427374301675978,0.08007448789571694,0.06261638733705772,0.06098696461824953,0.07262569832402235,0.046089385474860335,0.06215083798882681,0.08635940409683426,0.06587523277467412,0.07960893854748603,0.07495344506517691,0.07169459962756052,0.05819366852886406,0.06680633147113595,0.07076350093109869,0.07216014897579143,0.06191806331471136,0.060288640595903165,0.05493482309124767,0.06005586592178771,0.06005586592178771,0.04888268156424581,0.05074487895716946,0.08845437616387337,0.05749534450651769,0.09776536312849161,0.07402234636871509,0.05935754189944134,0.05307262569832402,0.06005586592178771,0.06261638733705772,0.07565176908752327,0.06447858472998137,0.06005586592178771,0.04399441340782123,0.06238361266294227,0.04981378026070764,0.04771880819366853,0.07053072625698324,0.07402234636871509,0.06378026070763501,0.05540037243947858,0.06959962756052142,0.06052141527001862,0.04585661080074488,0.055865921787709494,0.06121973929236499,0.05865921787709497,0.06308193668528864,0.05772811918063315,0.04003724394785847,0.040968342644320296,0.04027001862197393,0.05330540037243948,0.0633147113594041,0.041666666666666664,0.0616852886405959,0.06610800744878957,0.04655493482309125,0.052374301675977654,0.05190875232774674,0.06261638733705772,0.04399441340782123,0.05493482309124767,0.05074487895716946,0.04515828677839851,0.05865921787709497,0.06354748603351955,0.05842644320297952,0.033752327746741154,0.0446927374301676,0.034916201117318434,0.04539106145251397,0.04306331471135941,0.04585661080074488,0.03468342644320298,0.03584729981378026,0.04981378026070764,0.06098696461824953,0.03212290502793296,0.05726256983240224,0.05540037243947858,0.0595903165735568,0.05935754189944134,0.05144320297951583,0.04445996275605214,0.0446927374301676,0.03840782122905028,0.056797020484171325,0.0467877094972067,0.05446927374301676,0.0356145251396648,0.04864990689013035,0.07146182495344507,0.04981378026070764,0.04352886405959032,0.04632216014897579,0.04399441340782123,0.04748603351955307,0.05074487895716946,0.04771880819366853,0.04515828677839851,0.034916201117318434,0.0521415270018622,0.046089385474860335,0.06471135940409684,0.06843575418994413,0.08449720670391062,0.03840782122905028,0.04911545623836126,0.05609869646182496,0.0356145251396648,0.03957169459962756,0.04864990689013035,0.028165735567970206,0.03514897579143389,0.04073556797020484,0.033054003724394786,0.048417132216014895,0.06401303538175046,0.05190875232774674,0.036080074487895714,0.037011173184357544,0.030493482309124766,0.03957169459962756,0.03328677839851024,0.04236499068901303,0.042132216014897576,0.04585661080074488,0.04958100558659218,0.04771880819366853,0.051210428305400374,0.031890130353817506,0.03677839851024209,0.04981378026070764,0.046089385474860335,0.04632216014897579,0.03677839851024209,0.054702048417132214,0.033054003724394786,0.042132216014897576,0.04283054003724395,0.029562383612662942,0.04259776536312849,0.04585661080074488,0.053538175046554934,0.035381750465549346,0.03026070763500931,0.07192737430167598,0.029329608938547486,0.04655493482309125,0.05446927374301676,0.04702048417132216,0.040502793296089384,0.04888268156424581,0.037011173184357544,0.032588454376163874
nh0037,1.0,0.42840757025425347,0.46836168992544447,0.31982412540623206,0.3138979162683999,0.34333779392085645,0.23991588606385011,0.2653412349455171,0.2462244312750908,0.26706174727585547,0.20512330338367424,0.24603326323838653,0.21104951252150642,0.1856241636398394,0.2261517874211432,0.19155037277767156,0.20091760657618046,0.1861976677499522,0.18658000382336073,0.1525520932900019,0.20053527050277192,0.14203785127126745,0.1567577900974957,0.18791818008029057,0.1743452494742879,0.1582871343911298,0.17243356910724528,0.13783215446377367,0.16153699101510227,0.12922959281208182,0.14261135538138023,0.186771171860065,0.13209711336264576,0.14758172433569108,0.11317147772892372,0.1282737526285605,0.13993500286752056,0.13936149875740775,0.10953928503154273,0.1525520932900019,0.09424584209520168,0.11680367042630473,0.09921621104951252,0.08181991970942458,0.10705410055438731,0.11125979736188109,0.21257885681514052,0.10361307589371058,0.08334926400305868,0.07130567769069011,0.0760848786082967,0.10323073982030205,0.1294207608487861,0.09940737908621679,0.11450965398585357,0.09998088319632957,0.14050850697763334,0.09386350602179315,0.09902504301280826,0.08679028866373542,0.09749569871917416,0.11661250238960046,0.08583444848021411,0.10973045306824698,0.08487860829669279,0.09118715350793348,0.09214299369145479,0.08506977633339706,0.08526094437010132,0.08774612884725674,0.09978971515962531,0.0667176448097878,0.07646721468170523,0.09481934620531447,0.08583444848021411,0.08334926400305868,0.15522844580386158,0.0703498375071688,0.08258459185624163,0.0936723379850889,0.07665838271840948,0.08870196903077805,0.08009940737908622,0.07187918180080291,0.07532020646147965,0.08430510418658001,0.07359969413114127,0.08354043203976295,0.07723188682852226,0.12636207226151788,0.07837889504874784,0.0630854521124068,0.08373160007646721,0.08201108774612885,0.09176065761804626,0.08487860829669279,0.06748231695660485,0.07780539093863506,0.07933473523226917,0.06557063658956222,0.0967310265723571,0.05849741923150449,0.0615561078187727,0.07321735805773275,0.055056394570827755,0.041292295928120816,0.054482890460714965,0.05849741923150449,0.05180653794685529,0.05983559548843433,0.06843815714012617,0.09271649780156757,0.09501051424201873,0.06767348499330912,0.06595297266297075,0.09424584209520168,0.07895239915886064,0.18122729879564137,0.048556681322882815,0.05333588224048939,0.06939399732364748,0.04893901739629134,0.0672911489199006,0.060600267635251386,0.05524756260753202,0.05352705027719366,0.07474670235136685,0.05085069776333397,0.07570254253488817,0.07130567769069011,0.06748231695660485,0.0745555343146626,0.05333588224048939,0.07990823934238195,0.062320779965589754,0.05486522653412349,0.06461479640604091,0.10934811699483846,0.0703498375071688,0.056968074937870386,0.06021793156184286,0.05887975530491302,0.051041865800038236,0.06499713247944944,0.05964442745173007,0.040527623781303763,0.05715924297457465,0.06901166125023896,0.059262091378321544,0.06709998088319633,0.04148346396482508,0.05983559548843433,0.05773274708468744,0.04932135346969987,0.04320397629516345,0.07436436627795832,0.0512330338367425,0.04473332058879755,0.05065952972662971,0.05849741923150449,0.0563945708277576,0.04683616899254445,0.07799655897533932,0.059262091378321544,0.04377748040527624,0.046071496845727394,0.07073217358057733,0.06098260370865991,0.04148346396482508,0.08736379277384822,0.06289428407570254,0.0336455744599503,0.02829286943223093,0.0351749187535844,0.049703689543108394,0.0372777671573313,0.041865800038233605,0.04148346396482508,0.04110112789141655,0.05658573886446186,0.058115083158095965,0.05849741923150449,0.04205696807493787,0.051041865800038236,0.047409673102657236,0.09118715350793348,0.03441024660676735,0.04148346396482508,0.05715924297457465,0.05295354616708087,0.05142420187344676,0.0512330338367425,0.05314471420378513,0.04626266488243166,0.04377748040527624,0.029248709615752246,0.051615369910151025,0.07799655897533932,0.041292295928120816,0.0563945708277576,0.03268973427642898,0.037086599120627034,0.043586312368571974,0.04645383291913592,0.03670426304721851,0.026954693175301088,0.05773274708468744,0.03689543108392277,0.030969221946090614,0.028484037468935193,0.07264385394761996,0.05658573886446186,0.03326323838654177,0.03861594341426113,0.04626266488243166,0.03249856623972472,0.029822213725865035,0.04473332058879755,0.027910533358822404,0.0403364557445995,0.05027719365322118,0.039380615561078185,0.030969221946090614,0.05180653794685529,0.023704836551328618,0.0512330338367425,0.02886637354234372,0.04645383291913592,0.048556681322882815,0.0315427260562034,0.04014528770789524,0.04167463200152934,0.031160389982794877,0.043012808258459184,0.041865800038233605,0.03804243930414835,0.038807111450965395,0.04205696807493787,0.055629898680940544,0.043586312368571974,0.039380615561078185,0.032880902313133245,0.039954119671190974,0.025807684955075513,0.05257121009367234,0.03020454979927356,0.0351749187535844,0.029822213725865035,0.07971707130567769,0.0791435671955649,0.14834639648250814,0.04932135346969987,0.02943987765245651,0.08086407952590327,0.04588032880902313,0.09902504301280826,0.02829286943223093,0.038807111450965395,0.023513668514624355,0.049703689543108394,0.0336455744599503,0.031160389982794877,0.03689543108392277,0.03192506212961193,0.04645383291913592,0.046071496845727394,0.0351749187535844,0.03957178359778245,0.0372777671573313,0.031160389982794877,0.034027910533358824,0.04511565666220608,0.03498375071688014,0.044350984515389026,0.049130185432995604,0.04110112789141655,0.032880902313133245,0.02943987765245651,0.04167463200152934,0.03020454979927356,0.037086599120627034,0.037086599120627034,0.024660676734849934,0.034027910533358824,0.03211623016631619,0.03766010323073982,0.036513095010514245,0.05371821831389792,0.03326323838654177,0.0579239151213917,0.018925635633722043,0.03766010323073982,0.03077805390938635,0.028101701395526667,0.024660676734849934,0.03976295163448671,0.0476008411393615,0.051041865800038236,0.021219652074173197,0.03268973427642898
nh0038,1.0,0.6510866329264662,0.6025602857993451,0.48972908603751114,0.3316463233105091,0.36231021137243224,0.5647514141113427,0.32956236975290265,0.3191426019648705,0.28073831497469487,0.25334921107472463,0.2810360226257815,0.36379874962786546,0.2357844596606133,0.2694254242334028,0.27508186960404885,0.24888359630842513,0.28877642155403394,0.2584102411431974,0.2307234295921405,0.2259601071747544,0.21315867817802917,0.2557308722834177,0.24084548972908604,0.21196784757368264,0.19976183387913068,0.1961893420660911,0.20660910985412326,0.14587674903245013,0.19916641857695744,0.141113426615064,0.26644834772253645,0.1878535278356654,0.18130395951175945,0.20125037213456387,0.16760940756177434,0.16671628460851443,0.16135754688895504,0.15421256326287586,0.18189937481393273,0.14319738017267045,0.10628163143792796,0.14349508782375708,0.13873176540637094,0.12860970526942542,0.08306043465317059,0.10270913962488835,0.12950282822268533,0.08514438821077702,0.150044656147663,0.058350699612980055,0.09973206311402202,0.13962488835963086,0.10687704674010122,0.15986900863352188,0.14319738017267045,0.2098838940160762,0.11312890741292052,0.12414409050312593,0.1482584102411432,0.10806787734444775,0.0922893718368562,0.10866329264662102,0.0985412325096755,0.1303959511759452,0.13009824352485858,0.12712116701399226,0.09258707948794284,0.13605239654659124,0.11044953855314081,0.10241143197380173,0.0723429592140518,0.13158678178029176,0.12771658231616553,0.09437332539446264,0.10896100029770765,0.11312890741292052,0.04376302470973504,0.11044953855314081,0.08990771062816315,0.12146472164334624,0.11283119976183388,0.12533492110747246,0.1491515331944031,0.11759452217922,0.13426615064007144,0.11759452217922,0.09735040190532897,0.12712116701399226,0.1012206013694552,0.12682345936290562,0.06847275974992557,0.08633521881512354,0.10866329264662102,0.11372432271509378,0.11521286097052694,0.16939565346829413,0.08067877344447752,0.07889252753795772,0.0812741887466508,0.10598392378684132,0.14081571896397738,0.08663292646621018,0.07680857398035129,0.070556713307532,0.08603751116403692,0.05924382256623995,0.12652575171181898,0.08990771062816315,0.06877046740101221,0.07085442095861863,0.11610598392378683,0.08633521881512354,0.08901458767490325,0.08752604941947008,0.07115212860970527,0.0750223280738315,0.04465614766299494,0.10598392378684132,0.11997618338791306,0.09020541827924977,0.08752604941947008,0.06877046740101221,0.06966359035427211,0.10479309318249479,0.04733551652277464,0.08008335814230426,0.10687704674010122,0.10389997022923489,0.11431973801726704,0.07978565049121762,0.0812741887466508,0.07472462042274486,0.0741292051205716,0.08484668055969039,0.06043465317058649,0.06757963679666568,0.09705269425424233,0.0714498362607919,0.06847275974992557,0.058648407264066685,0.08782375707055672,0.044060732360821676,0.07085442095861863,0.058350699612980055,0.08782375707055672,0.08663292646621018,0.07115212860970527,0.06906817505209883,0.05715986900863352,0.05805299196189342,0.07770169693361119,0.052396546591247393,0.08663292646621018,0.070556713307532,0.05656445370646026,0.10538850848466806,0.06490026793688598,0.06311402203036617,0.08514438821077702,0.09437332539446264,0.05894611491515332,0.06460256028579935,0.05686216135754689,0.06013694551949985,0.06906817505209883,0.07829711223578446,0.07680857398035129,0.06013694551949985,0.05388508484668056,0.035427210479309315,0.05031259303364097,0.04584697826734147,0.10568621613575468,0.08782375707055672,0.06103006847275975,0.051503423637987496,0.0714498362607919,0.04346531705864841,0.06817505209883894,0.0461446859184281,0.0497171777314677,0.08603751116403692,0.07978565049121762,0.07383149746948496,0.03632033343256922,0.07085442095861863,0.070556713307532,0.05209883894016076,0.07621315867817803,0.0479309318249479,0.10270913962488835,0.0479309318249479,0.0732360821673117,0.07353378981839834,0.051503423637987496,0.07293837451622506,0.03959511759452218,0.04941947008038106,0.0803810657933909,0.08990771062816315,0.055075915451027094,0.04733551652277464,0.0660910985412325,0.07859481988687109,0.04435844001190831,0.07293837451622506,0.06043465317058649,0.052396546591247393,0.0488240547782078,0.0759154510270914,0.05031259303364097,0.05328966954450729,0.05983923786841322,0.05358737719559393,0.06073236082167312,0.04674010122060137,0.05715986900863352,0.04674010122060137,0.03304554927061625,0.07680857398035129,0.06430485263471271,0.0479309318249479,0.06103006847275975,0.0506103006847276,0.055075915451027094,0.055373623102113724,0.0461446859184281,0.0497171777314677,0.03989282524560881,0.055671330753200354,0.0479309318249479,0.041976778803215244,0.054182792497767196,0.055671330753200354,0.05090800833581423,0.05626674605537362,0.06847275974992557,0.04376302470973504,0.05388508484668056,0.038404286990175646,0.03245013396844299,0.0506103006847276,0.03870199464126228,0.0253051503423638,0.05656445370646026,0.054480500148853826,0.08752604941947008,0.02947305745757666,0.05686216135754689,0.008335814230425722,0.0497171777314677,0.04376302470973504,0.041976778803215244,0.04733551652277464,0.041083655849955346,0.03899970229234891,0.05715986900863352,0.045549270616254835,0.05924382256623995,0.048526347127121165,0.04941947008038106,0.05805299196189342,0.048526347127121165,0.051503423637987496,0.058350699612980055,0.05001488538255433,0.05924382256623995,0.04435844001190831,0.05656445370646026,0.03334325692170289,0.04346531705864841,0.05328966954450729,0.04674010122060137,0.08841917237272998,0.05269425424233403,0.055373623102113724,0.038106579339089015,0.04257219410538851,0.03929740994343554,0.027389103899970228,0.041381363501041976,0.04584697826734147,0.05686216135754689,0.05596903840428699,0.05596903840428699,0.051801131289074126,0.041679071152128606,0.05954153021732658,0.05745757665972016,0.044953855314081574,0.051205715986900865,0.029175349806490027,0.06370943733253945,0.06370943733253945,0.05031259303364097,0.04078594819886871,0.038106579339089015,0.03899970229234891,0.026793688597796964
nh0039,1.0,0.9440944881889763,0.5818897637795276,0.4811023622047244,0.511023622047244,0.584251968503937,0.5551181102362205,0.3905511811023622,0.4779527559055118,0.421259842519685,0.37716535433070864,0.33937007874015745,0.4188976377952756,0.3826771653543307,0.3047244094488189,0.34488188976377954,0.2921259842519685,0.27086614173228346,0.2669291338582677,0.38110236220472443,0.2826771653543307,0.41653543307086616,0.3291338582677165,0.25826771653543307,0.27244094488188975,0.19606299212598424,0.31181102362204727,0.2614173228346457,0.25826771653543307,0.29448818897637796,0.20708661417322835,0.3102362204724409,0.21968503937007874,0.2220472440944882,0.2204724409448819,0.2874015748031496,0.2732283464566929,0.2141732283464567,0.21338582677165355,0.22283464566929134,0.2015748031496063,0.18188976377952756,0.2047244094488189,0.2125984251968504,0.15905511811023623,0.13700787401574804,0.14094488188976378,0.13228346456692913,0.22755905511811023,0.18976377952755905,0.17559055118110237,0.17401574803149605,0.18110236220472442,0.1094488188976378,0.1078740157480315,0.14566929133858267,0.25826771653543307,0.16535433070866143,0.18031496062992125,0.13937007874015747,0.14803149606299212,0.12913385826771653,0.1858267716535433,0.16299212598425197,0.14724409448818898,0.1732283464566929,0.1094488188976378,0.1110236220472441,0.13307086614173227,0.11811023622047244,0.10393700787401575,0.13622047244094487,0.23385826771653542,0.10236220472440945,0.14409448818897638,0.14803149606299212,0.10708661417322834,0.12440944881889764,0.16535433070866143,0.16141732283464566,0.16771653543307086,0.16692913385826771,0.20078740157480315,0.10393700787401575,0.11181102362204724,0.14015748031496064,0.1283464566929134,0.1188976377952756,0.17716535433070865,0.16614173228346457,0.15590551181102363,0.20078740157480315,0.1251968503937008,0.13700787401574804,0.1110236220472441,0.12755905511811025,0.15039370078740158,0.10393700787401575,0.23228346456692914,0.1188976377952756,0.12992125984251968,0.16614173228346457,0.13307086614173227,0.14488188976377953,0.17795275590551182,0.17716535433070865,0.10551181102362205,0.13858267716535433,0.1346456692913386,0.1188976377952756,0.22283464566929134,0.14803149606299212,0.13858267716535433,0.15275590551181104,0.14803149606299212,0.09527559055118111,0.08582677165354331,0.08818897637795275,0.10236220472440945,0.1173228346456693,0.08188976377952756,0.13937007874015747,0.1047244094488189,0.12125984251968504,0.13385826771653545,0.1047244094488189,0.08503937007874016,0.1,0.06850393700787402,0.12125984251968504,0.09133858267716535,0.10551181102362205,0.06220472440944882,0.12913385826771653,0.07795275590551182,0.09133858267716535,0.09606299212598425,0.06692913385826772,0.12125984251968504,0.09370078740157481,0.10708661417322834,0.1220472440944882,0.09448818897637795,0.06850393700787402,0.14881889763779527,0.08425196850393701,0.1141732283464567,0.1015748031496063,0.09527559055118111,0.07322834645669292,0.05275590551181102,0.09685039370078741,0.1031496062992126,0.09606299212598425,0.12440944881889764,0.08031496062992126,0.11968503937007874,0.1110236220472441,0.14488188976377953,0.1188976377952756,0.07244094488188976,0.08110236220472442,0.07874015748031496,0.1,0.06692913385826772,0.07637795275590552,0.08346456692913386,0.08661417322834646,0.11181102362204724,0.08818897637795275,0.08582677165354331,0.09921259842519685,0.09921259842519685,0.10551181102362205,0.08425196850393701,0.10236220472440945,0.08661417322834646,0.11023622047244094,0.1188976377952756,0.07086614173228346,0.06771653543307087,0.07322834645669292,0.08425196850393701,0.08582677165354331,0.06535433070866142,0.07007874015748032,0.05669291338582677,0.1346456692913386,0.09055118110236221,0.07559055118110236,0.06850393700787402,0.09055118110236221,0.05748031496062992,0.05511811023622047,0.09763779527559055,0.047244094488188976,0.08031496062992126,0.07874015748031496,0.046456692913385826,0.06456692913385827,0.08897637795275591,0.08582677165354331,0.09685039370078741,0.07559055118110236,0.051181102362204724,0.11968503937007874,0.1062992125984252,0.08346456692913386,0.07952755905511812,0.1125984251968504,0.026771653543307086,0.08740157480314961,0.04409448818897638,0.04251968503937008,0.06850393700787402,0.07401574803149606,0.08188976377952756,0.12755905511811025,0.06692913385826772,0.08267716535433071,0.08425196850393701,0.06929133858267716,0.07480314960629922,0.08267716535433071,0.06614173228346457,0.051181102362204724,0.06692913385826772,0.09212598425196851,0.09921259842519685,0.03700787401574803,0.06614173228346457,0.08818897637795275,0.09212598425196851,0.04173228346456693,0.06771653543307087,0.08110236220472442,0.08346456692913386,0.07007874015748032,0.05196850393700787,0.09763779527559055,0.07322834645669292,0.06062992125984252,0.07480314960629922,0.08661417322834646,0.05826771653543307,0.09921259842519685,0.07637795275590552,0.06377952755905512,0.05826771653543307,0.047244094488188976,0.04015748031496063,0.09448818897637795,0.06377952755905512,0.07007874015748032,0.05196850393700787,0.07165354330708662,0.08503937007874016,0.09291338582677165,0.06614173228346457,0.07244094488188976,0.047244094488188976,0.05669291338582677,0.05511811023622047,0.07559055118110236,0.07480314960629922,0.046456692913385826,0.05826771653543307,0.07322834645669292,0.04251968503937008,0.06299212598425197,0.06456692913385827,0.07716535433070866,0.07559055118110236,0.06062992125984252,0.06220472440944882,0.06692913385826772,0.04173228346456693,0.048031496062992125,0.06377952755905512,0.08897637795275591,0.07480314960629922,0.06614173228346457,0.07559055118110236,0.06299212598425197,0.06456692913385827,0.09133858267716535,0.06850393700787402,0.06535433070866142,0.04566929133858268,0.05590551181102362,0.05826771653543307,0.03858267716535433,0.05748031496062992,0.06771653543307087,0.06377952755905512,0.06771653543307087,0.04094488188976378,0.05590551181102362,0.06062992125984252,0.04566929133858268
nh0040,1.0,0.7693574958813838,0.6688632619439868,0.443163097199341,0.5617792421746294,0.4645799011532125,0.4184514003294893,0.3970345963756178,0.2915980230642504,0.36079077429983525,0.48599670510708404,0.3344316309719934,0.31960461285008235,0.30807248764415157,0.3014827018121911,0.2800658978583196,0.2800658978583196,0.23393739703459637,0.2355848434925865,0.3212520593080725,0.3393739703459638,0.19439868204283361,0.25205930807248766,0.25370675453047775,0.2553542009884679,0.18616144975288304,0.23064250411861614,0.19110378912685339,0.2257001647446458,0.21911037891268534,0.2652388797364086,0.1614497528830313,0.21252059308072488,0.11202635914332784,0.2026359143327842,0.26194398682042835,0.2257001647446458,0.1812191103789127,0.17957166392092258,0.13673805601317957,0.24052718286655683,0.1927512355848435,0.17957166392092258,0.21252059308072488,0.13179571663920922,0.22075782537067545,0.1400329489291598,0.13509060955518945,0.12355848434925865,0.21087314662273476,0.1927512355848435,0.14662273476112025,0.1070840197693575,0.1416803953871499,0.10214168039538715,0.12191103789126853,0.1070840197693575,0.18616144975288304,0.1400329489291598,0.15650741350906094,0.1696869851729819,0.21746293245469522,0.18451400329489293,0.11696869851729819,0.1301482701812191,0.12520593080724876,0.13179571663920922,0.09555189456342669,0.1301482701812191,0.09884678747940692,0.09719934102141681,0.1515650741350906,0.15650741350906094,0.128500823723229,0.15321252059308071,0.13179571663920922,0.12026359143327842,0.14991762767710048,0.11532125205930807,0.1515650741350906,0.128500823723229,0.11367380560131796,0.21252059308072488,0.10543657331136738,0.10543657331136738,0.10214168039538715,0.10873146622734761,0.13673805601317957,0.13344316309719934,0.14827018121911037,0.13344316309719934,0.14332784184514002,0.12520593080724876,0.0757825370675453,0.06589785831960461,0.12685337726523888,0.08237232289950576,0.10873146622734761,0.10543657331136738,0.08237232289950576,0.06589785831960461,0.08072487644151564,0.11696869851729819,0.13509060955518945,0.10049423393739704,0.07084019769357495,0.14497528830313014,0.09884678747940692,0.13509060955518945,0.14662273476112025,0.09390444810543658,0.09719934102141681,0.09884678747940692,0.12355848434925865,0.10873146622734761,0.12355848434925865,0.11202635914332784,0.029654036243822075,0.16474464579901152,0.0757825370675453,0.11037891268533773,0.14991762767710048,0.11037891268533773,0.1301482701812191,0.09719934102141681,0.13179571663920922,0.09555189456342669,0.09555189456342669,0.06754530477759473,0.07413509060955518,0.08072487644151564,0.09719934102141681,0.1696869851729819,0.060955518945634266,0.05930807248764415,0.11037891268533773,0.06919275123558484,0.060955518945634266,0.10378912685337727,0.09884678747940692,0.12355848434925865,0.10214168039538715,0.10049423393739704,0.08731466227347612,0.085667215815486,0.0757825370675453,0.09060955518945635,0.07742998352553541,0.11202635914332784,0.11696869851729819,0.09390444810543658,0.09060955518945635,0.08401976935749589,0.10378912685337727,0.11532125205930807,0.08731466227347612,0.07413509060955518,0.11037891268533773,0.044481054365733116,0.128500823723229,0.05930807248764415,0.08401976935749589,0.042833607907743,0.085667215815486,0.10378912685337727,0.05271828665568369,0.05601317957166392,0.07907742998352553,0.039538714991762765,0.06919275123558484,0.08237232289950576,0.07248764415156507,0.08072487644151564,0.04942339373970346,0.05271828665568369,0.08072487644151564,0.08731466227347612,0.04942339373970346,0.1186161449752883,0.06754530477759473,0.08731466227347612,0.0642504118616145,0.08731466227347612,0.04942339373970346,0.0757825370675453,0.060955518945634266,0.051070840197693576,0.039538714991762765,0.047775947281713346,0.044481054365733116,0.07084019769357495,0.051070840197693576,0.039538714991762765,0.060955518945634266,0.03459637561779242,0.10378912685337727,0.06919275123558484,0.08731466227347612,0.05930807248764415,0.057660626029654036,0.07907742998352553,0.07248764415156507,0.08072487644151564,0.08072487644151564,0.060955518945634266,0.04942339373970346,0.05271828665568369,0.06754530477759473,0.054365733113673806,0.06754530477759473,0.036243822075782535,0.044481054365733116,0.051070840197693576,0.09225700164744646,0.051070840197693576,0.07413509060955518,0.07413509060955518,0.07742998352553541,0.06589785831960461,0.07413509060955518,0.03789126853377265,0.057660626029654036,0.08896210873146623,0.057660626029654036,0.03789126853377265,0.04612850082372323,0.07907742998352553,0.08072487644151564,0.06589785831960461,0.11202635914332784,0.07084019769357495,0.06919275123558484,0.09555189456342669,0.039538714991762765,0.06589785831960461,0.06260296540362438,0.060955518945634266,0.057660626029654036,0.044481054365733116,0.042833607907743,0.07907742998352553,0.08237232289950576,0.03459637561779242,0.09390444810543658,0.09719934102141681,0.04942339373970346,0.05601317957166392,0.054365733113673806,0.04118616144975288,0.06260296540362438,0.0032948929159802307,0.036243822075782535,0.08072487644151564,0.057660626029654036,0.047775947281713346,0.07413509060955518,0.08896210873146623,0.08072487644151564,0.054365733113673806,0.051070840197693576,0.03789126853377265,0.023064250411861616,0.04942339373970346,0.047775947281713346,0.060955518945634266,0.06754530477759473,0.03459637561779242,0.07413509060955518,0.03789126853377265,0.06260296540362438,0.054365733113673806,0.06754530477759473,0.05271828665568369,0.03459637561779242,0.03459637561779242,0.042833607907743,0.051070840197693576,0.07248764415156507,0.05930807248764415,0.04942339373970346,0.057660626029654036,0.06589785831960461,0.10873146622734761,0.054365733113673806,0.036243822075782535,0.02471169686985173,0.08072487644151564,0.06260296540362438,0.07413509060955518,0.0642504118616145,0.07742998352553541,0.03459637561779242,0.08401976935749589,0.0642504118616145,0.05601317957166392,0.05271828665568369,0.044481054365733116,0.0642504118616145,0.057660626029654036,0.042833607907743
nh0041,1.0,0.7353760445682451,0.6086350974930362,0.36768802228412256,0.48467966573816157,0.44428969359331477,0.45264623955431754,0.5027855153203342,0.33008356545961004,0.2298050139275766,0.3147632311977716,0.2841225626740947,0.23537604456824512,0.30362116991643456,0.36908077994428967,0.3064066852367688,0.298050139275766,0.2938718662952646,0.24512534818941503,0.29526462395543174,0.20891364902506965,0.2075208913649025,0.39136490250696376,0.21309192200557103,0.3467966573816156,0.24651810584958217,0.2298050139275766,0.149025069637883,0.23259052924791088,0.22423398328690808,0.2924791086350975,0.16295264623955433,0.21448467966573817,0.18662952646239556,0.25487465181058494,0.14623955431754876,0.17409470752089137,0.16016713091922005,0.19080779944289694,0.1671309192200557,0.13649025069637882,0.21030640668523676,0.1532033426183844,0.12674094707520892,0.21727019498607242,0.23537604456824512,0.1671309192200557,0.116991643454039,0.13788300835654596,0.1977715877437326,0.17409470752089137,0.149025069637883,0.07381615598885793,0.1977715877437326,0.18523676880222842,0.19220055710306408,0.10167130919220056,0.18384401114206128,0.07520891364902507,0.11977715877437325,0.21866295264623956,0.09610027855153204,0.15877437325905291,0.201949860724234,0.11281337047353761,0.12534818941504178,0.15041782729805014,0.09331476323119778,0.0766016713091922,0.1796657381615599,0.0988857938718663,0.15877437325905291,0.10863509749303621,0.13370473537604458,0.10584958217270195,0.1392757660167131,0.16852367688022285,0.14763231197771587,0.16434540389972144,0.08635097493036212,0.10306406685236769,0.08635097493036212,0.11002785515320335,0.149025069637883,0.12395543175487465,0.08356545961002786,0.09192200557103064,0.18523676880222842,0.14623955431754876,0.11559888579387187,0.04596100278551532,0.10445682451253482,0.09749303621169916,0.08913649025069638,0.08356545961002786,0.10167130919220056,0.07103064066852367,0.04735376044568245,0.09192200557103064,0.12395543175487465,0.06267409470752089,0.08774373259052924,0.07799442896935933,0.15598885793871867,0.10306406685236769,0.08635097493036212,0.13509749303621169,0.09331476323119778,0.16991643454038996,0.11002785515320335,0.07381615598885793,0.07520891364902507,0.1573816155988858,0.10445682451253482,0.11838440111420613,0.16295264623955433,0.11977715877437325,0.06963788300835655,0.09749303621169916,0.06267409470752089,0.08495821727019498,0.09749303621169916,0.06824512534818941,0.10027855153203342,0.06128133704735376,0.13231197771587744,0.0905292479108635,0.08774373259052924,0.07938718662952646,0.06685236768802229,0.11142061281337047,0.11420612813370473,0.13370473537604458,0.06824512534818941,0.07381615598885793,0.16434540389972144,0.14763231197771587,0.11281337047353761,0.07381615598885793,0.07242339832869081,0.13649025069637882,0.116991643454039,0.13788300835654596,0.07242339832869081,0.07799442896935933,0.06963788300835655,0.10445682451253482,0.10306406685236769,0.12674094707520892,0.10863509749303621,0.06267409470752089,0.06545961002785515,0.09192200557103064,0.09331476323119778,0.08217270194986072,0.06685236768802229,0.07381615598885793,0.07242339832869081,0.0766016713091922,0.07799442896935933,0.06406685236768803,0.08217270194986072,0.07938718662952646,0.09192200557103064,0.07938718662952646,0.04456824512534819,0.0766016713091922,0.06824512534818941,0.08495821727019498,0.03899721448467967,0.1392757660167131,0.0766016713091922,0.08913649025069638,0.055710306406685235,0.06128133704735376,0.07381615598885793,0.10584958217270195,0.02924791086350975,0.10724233983286909,0.14345403899721448,0.07103064066852367,0.0905292479108635,0.054317548746518104,0.06267409470752089,0.09331476323119778,0.04317548746518106,0.08495821727019498,0.034818941504178275,0.054317548746518104,0.05013927576601671,0.07520891364902507,0.057103064066852366,0.03899721448467967,0.0905292479108635,0.04456824512534819,0.08356545961002786,0.08356545961002786,0.08217270194986072,0.10445682451253482,0.05988857938718663,0.06963788300835655,0.04456824512534819,0.07103064066852367,0.08356545961002786,0.07242339832869081,0.07242339832869081,0.06267409470752089,0.0584958217270195,0.06963788300835655,0.06685236768802229,0.06824512534818941,0.057103064066852366,0.06824512534818941,0.07520891364902507,0.04735376044568245,0.0584958217270195,0.10027855153203342,0.054317548746518104,0.03899721448467967,0.14066852367688024,0.05153203342618384,0.06685236768802229,0.04735376044568245,0.06128133704735376,0.036211699164345405,0.057103064066852366,0.03064066852367688,0.04596100278551532,0.07520891364902507,0.11142061281337047,0.07381615598885793,0.06545961002785515,0.04317548746518106,0.06406685236768803,0.04178272980501393,0.037604456824512536,0.05013927576601671,0.033426183844011144,0.08913649025069638,0.054317548746518104,0.04735376044568245,0.04317548746518106,0.04735376044568245,0.05988857938718663,0.09331476323119778,0.07103064066852367,0.07242339832869081,0.03203342618384401,0.013927576601671309,0.06406685236768803,0.036211699164345405,0.04178272980501393,0.033426183844011144,0.0403899721448468,0.018105849582172703,0.0947075208913649,0.055710306406685235,0.05988857938718663,0.04596100278551532,0.02924791086350975,0.11281337047353761,0.06685236768802229,0.07938718662952646,0.0766016713091922,0.05013927576601671,0.07520891364902507,0.0766016713091922,0.06128133704735376,0.025069637883008356,0.05013927576601671,0.05988857938718663,0.07799442896935933,0.08356545961002786,0.05988857938718663,0.054317548746518104,0.06406685236768803,0.036211699164345405,0.10027855153203342,0.0807799442896936,0.054317548746518104,0.07103064066852367,0.057103064066852366,0.11977715877437325,0.04596100278551532,0.06824512534818941,0.04456824512534819,0.0807799442896936,0.06824512534818941,0.0584958217270195,0.08217270194986072,0.09610027855153204,0.023676880222841225,0.057103064066852366,0.07520891364902507,0.033426183844011144,0.05153203342618384,0.05153203342618384,0.07103064066852367,0.10027855153203342,0.052924791086350974
nh0042,1.0,0.45317410433689503,0.3881206788183532,0.32432432432432434,0.3994343180389692,0.3060967944688875,0.2366436203645506,0.37335009428032684,0.22847265870521685,0.21621621621621623,0.30295411690760526,0.2250157133878064,0.2523570081709617,0.18227529855436833,0.3104965430546826,0.1995600251414205,0.2250157133878064,0.21527341294783156,0.15870521684475172,0.15147705845380263,0.2501571338780641,0.1684475172847266,0.23727215587680703,0.1819610307982401,0.20081709616593338,0.16184789440603395,0.1316781898177247,0.09490886235072282,0.16216216216216217,0.12099308610936518,0.14236329352608423,0.10402262727844123,0.14582023884349465,0.15807668133249528,0.11282212445003142,0.10842237586423632,0.08485229415461974,0.09962287869264613,0.0798240100565682,0.11313639220615965,0.08013827781269642,0.1599622878692646,0.15053425518541796,0.10716530483972345,0.12759270898805783,0.08013827781269642,0.0842237586423633,0.10842237586423632,0.1316781898177247,0.06505342551854179,0.07196731615336266,0.18541797611565053,0.08516656191074795,0.08453802639849152,0.09145191703331239,0.11156505342551855,0.06882463859208045,0.07039597737272156,0.11313639220615965,0.07636706473915776,0.16153362664990573,0.1536769327467002,0.1297925832809554,0.12382149591451917,0.07668133249528598,0.07165304839723445,0.07668133249528598,0.23350094280326839,0.12067881835323696,0.08202388434946574,0.08076681332495286,0.09899434318038969,0.07291011942174733,0.08328095537397863,0.06316781898177247,0.09428032683846638,0.10905091137649277,0.07950974230043997,0.10810810810810811,0.12225015713387806,0.07008170961659334,0.09082338152105594,0.08610936517913262,0.07039597737272156,0.0769956002514142,0.0842237586423633,0.1005656819610308,0.0782526712759271,0.09302325581395349,0.0842237586423633,0.06631049654305468,0.08799497171590195,0.07510999371464487,0.09145191703331239,0.08610936517913262,0.05405405405405406,0.06128221244500314,0.07479572595851666,0.11062225015713388,0.08076681332495286,0.06128221244500314,0.0785669390320553,0.06568196103079824,0.09773727215587681,0.08862350722815839,0.07636706473915776,0.06851037083595223,0.06473915776241358,0.07573852922690132,0.06505342551854179,0.051854179761156506,0.10873664362036455,0.10905091137649277,0.05593966059082338,0.08799497171590195,0.06473915776241358,0.04714016341923319,0.046511627906976744,0.03802639849151477,0.06128221244500314,0.08610936517913262,0.09333752357008171,0.06473915776241358,0.06411062225015714,0.06945317410433689,0.06222501571338781,0.07416719044626022,0.06222501571338781,0.046511627906976744,0.046825895663104966,0.051539912005028284,0.09050911376492772,0.05593966059082338,0.05436832181018227,0.07196731615336266,0.05436832181018227,0.07730986800754243,0.05939660590823381,0.08013827781269642,0.03614079195474544,0.0725958516656191,0.046825895663104966,0.04556882463859208,0.05782526712759271,0.05719673161533627,0.0769956002514142,0.07919547454431175,0.056882463859208046,0.04902576995600252,0.0857950974230044,0.14833438089252043,0.05436832181018227,0.07291011942174733,0.05939660590823381,0.05059710873664362,0.13356379635449403,0.046511627906976744,0.08799497171590195,0.05342551854179761,0.0785669390320553,0.06631049654305468,0.03614079195474544,0.07353865493400377,0.10590823381521056,0.04022627278441232,0.056568196103079824,0.08108108108108109,0.03739786297925833,0.05059710873664362,0.03896920175989944,0.08013827781269642,0.0562539283469516,0.07133878064110623,0.04808296668761785,0.056882463859208046,0.06756756756756757,0.07573852922690132,0.044626021370207415,0.06976744186046512,0.08673790069138906,0.03708359522313011,0.04934003771213073,0.1228786926461345,0.04934003771213073,0.04305468258956631,0.03519798868636078,0.05782526712759271,0.04494028912633564,0.051854179761156506,0.029226901319924576,0.051854179761156506,0.04556882463859208,0.04336895034569453,0.04808296668761785,0.0562539283469516,0.0147705845380264,0.036455059710873663,0.07448145820238844,0.04274041483343809,0.04399748585795098,0.03331238214959145,0.06976744186046512,0.04399748585795098,0.05499685732243872,0.04242614707730987,0.049654305468258955,0.05405405405405406,0.07133878064110623,0.0339409176618479,0.04776869893148963,0.051539912005028284,0.036455059710873663,0.02796983029541169,0.03299811439346323,0.027341294783155248,0.09868007542426147,0.021370207416719043,0.061910747957259586,0.020741671904462602,0.0785669390320553,0.04714016341923319,0.0458830923947203,0.035826524198617225,0.04054054054054054,0.04274041483343809,0.041483343808925204,0.02011313639220616,0.03928346951602765,0.06316781898177247,0.016656191074795726,0.014456316781898177,0.05279698302954117,0.03488372093023256,0.03519798868636078,0.06599622878692646,0.04745443117536141,0.06316781898177247,0.04305468258956631,0.044626021370207415,0.03268384663733501,0.033626649905719674,0.07071024512884978,0.02451288497800126,0.039597737272155875,0.07322438717787555,0.04399748585795098,0.05845380263984915,0.036455059710873663,0.022313010685103708,0.02545568824638592,0.01697045883092395,0.04116907605279698,0.02451288497800126,0.035512256442489,0.048711502199874294,0.03048397234443746,0.06285355122564425,0.028598365807668134,0.03739786297925833,0.03834066624764299,0.05091137649277184,0.07605279698302954,0.04714016341923319,0.06473915776241358,0.0458830923947203,0.020741671904462602,0.0590823381521056,0.0251414204902577,0.04116907605279698,0.027341294783155248,0.03614079195474544,0.05719673161533627,0.05091137649277184,0.031112507856693904,0.0399120050282841,0.06285355122564425,0.03614079195474544,0.03739786297925833,0.06756756756756757,0.04431175361407919,0.03299811439346323,0.041483343808925204,0.026084223758642364,0.03802639849151477,0.05845380263984915,0.041483343808925204,0.041797611565053426,0.04808296668761785,0.039597737272155875,0.03331238214959145,0.03142677561282212,0.01571338780641106,0.01948460087994972,0.07039597737272156,0.0295411690760528,0.023570081709616594,0.04242614707730987,0.04934003771213073,0.04022627278441232,0.04211187932118165
nh0043,1.0,0.7333333333333333,0.5333333333333333,0.5886524822695035,0.37872340425531914,0.5460992907801419,0.39858156028368796,0.47375886524822697,0.275177304964539,0.21843971631205675,0.300709219858156,0.30354609929078014,0.3446808510638298,0.32056737588652484,0.3219858156028369,0.28794326241134754,0.28368794326241137,0.2326241134751773,0.25957446808510637,0.3432624113475177,0.2028368794326241,0.24113475177304963,0.3645390070921986,0.2453900709219858,0.4099290780141844,0.20709219858156028,0.23687943262411348,0.2297872340425532,0.22411347517730495,0.24113475177304963,0.33617021276595743,0.20141843971631207,0.2099290780141844,0.1673758865248227,0.21843971631205675,0.19858156028368795,0.16028368794326242,0.16170212765957448,0.21418439716312057,0.150354609929078,0.16879432624113475,0.19148936170212766,0.1375886524822695,0.16170212765957448,0.18581560283687942,0.28794326241134754,0.1829787234042553,0.14326241134751774,0.15177304964539007,0.15460992907801419,0.1574468085106383,0.12340425531914893,0.10070921985815603,0.1773049645390071,0.18156028368794327,0.13900709219858157,0.10354609929078014,0.22836879432624113,0.07943262411347518,0.14609929078014183,0.20567375886524822,0.10070921985815603,0.1375886524822695,0.1475177304964539,0.12340425531914893,0.12482269503546099,0.15460992907801419,0.12056737588652482,0.12340425531914893,0.1773049645390071,0.10921985815602837,0.17588652482269504,0.13049645390070921,0.17588652482269504,0.14184397163120568,0.17304964539007092,0.10638297872340426,0.150354609929078,0.1475177304964539,0.09078014184397164,0.08794326241134752,0.11063829787234042,0.11773049645390071,0.1773049645390071,0.13617021276595745,0.08085106382978724,0.13617021276595745,0.22695035460992907,0.11205673758865248,0.1475177304964539,0.12907801418439716,0.11631205673758865,0.10921985815602837,0.05531914893617021,0.09929078014184398,0.08794326241134752,0.09078014184397164,0.06950354609929078,0.12482269503546099,0.12482269503546099,0.05815602836879433,0.12907801418439716,0.08085106382978724,0.17304964539007092,0.1148936170212766,0.07943262411347518,0.15319148936170213,0.1276595744680851,0.16170212765957448,0.10354609929078014,0.12907801418439716,0.08368794326241134,0.11063829787234042,0.14609929078014183,0.14609929078014183,0.19432624113475178,0.14609929078014183,0.03404255319148936,0.14326241134751774,0.07801418439716312,0.09787234042553192,0.1049645390070922,0.06808510638297872,0.09929078014184398,0.11063829787234042,0.150354609929078,0.08652482269503546,0.09078014184397164,0.09078014184397164,0.062411347517730496,0.08652482269503546,0.08085106382978724,0.14609929078014183,0.07801418439716312,0.06382978723404255,0.16595744680851063,0.14042553191489363,0.04113475177304964,0.09929078014184398,0.09078014184397164,0.15460992907801419,0.10780141843971631,0.08936170212765958,0.08368794326241134,0.09929078014184398,0.0851063829787234,0.06099290780141844,0.08085106382978724,0.16312056737588654,0.09219858156028368,0.12482269503546099,0.08652482269503546,0.09361702127659574,0.08794326241134752,0.07092198581560284,0.09645390070921986,0.07943262411347518,0.09787234042553192,0.08794326241134752,0.0851063829787234,0.08936170212765958,0.09929078014184398,0.06950354609929078,0.08368794326241134,0.0950354609929078,0.059574468085106386,0.07092198581560284,0.13617021276595745,0.14468085106382977,0.06950354609929078,0.14326241134751774,0.10354609929078014,0.10354609929078014,0.06524822695035461,0.05673758865248227,0.08226950354609928,0.1049645390070922,0.04397163120567376,0.08368794326241134,0.05673758865248227,0.09078014184397164,0.059574468085106386,0.05106382978723404,0.062411347517730496,0.08085106382978724,0.03404255319148936,0.06382978723404255,0.04822695035460993,0.059574468085106386,0.06382978723404255,0.059574468085106386,0.05531914893617021,0.0524822695035461,0.09929078014184398,0.03971631205673759,0.10638297872340426,0.06099290780141844,0.06099290780141844,0.1375886524822695,0.05106382978723404,0.10780141843971631,0.05531914893617021,0.08085106382978724,0.05531914893617021,0.08652482269503546,0.08368794326241134,0.07659574468085106,0.09078014184397164,0.09645390070921986,0.10212765957446808,0.07092198581560284,0.0851063829787234,0.0851063829787234,0.10921985815602837,0.04539007092198582,0.08226950354609928,0.10212765957446808,0.062411347517730496,0.059574468085106386,0.11205673758865248,0.07943262411347518,0.0425531914893617,0.04964539007092199,0.06099290780141844,0.059574468085106386,0.03971631205673759,0.06950354609929078,0.03829787234042553,0.06099290780141844,0.10921985815602837,0.0851063829787234,0.03546099290780142,0.06524822695035461,0.06808510638297872,0.04539007092198582,0.0524822695035461,0.03546099290780142,0.03971631205673759,0.04113475177304964,0.059574468085106386,0.04680851063829787,0.08652482269503546,0.04964539007092199,0.06950354609929078,0.0851063829787234,0.06099290780141844,0.06666666666666667,0.031205673758865248,0.02269503546099291,0.09361702127659574,0.0028368794326241137,0.031205673758865248,0.03546099290780142,0.0524822695035461,0.03546099290780142,0.02695035460992908,0.06382978723404255,0.08936170212765958,0.06382978723404255,0.04964539007092199,0.09645390070921986,0.05390070921985816,0.06382978723404255,0.04822695035460993,0.0425531914893617,0.03687943262411347,0.0524822695035461,0.06666666666666667,0.02269503546099291,0.014184397163120567,0.04822695035460993,0.05815602836879433,0.08226950354609928,0.04964539007092199,0.032624113475177303,0.02553191489361702,0.06099290780141844,0.11631205673758865,0.08652482269503546,0.05106382978723404,0.059574468085106386,0.0524822695035461,0.09929078014184398,0.06382978723404255,0.059574468085106386,0.03971631205673759,0.07801418439716312,0.06099290780141844,0.05815602836879433,0.06808510638297872,0.07234042553191489,0.04397163120567376,0.05815602836879433,0.05673758865248227,0.059574468085106386,0.07092198581560284,0.02553191489361702,0.06524822695035461,0.10638297872340426,0.04680851063829787
nh0044,1.0,0.8177458033573142,0.6522781774580336,0.41247002398081534,0.38369304556354916,0.4940047961630695,0.46522781774580335,0.47721822541966424,0.38609112709832133,0.3537170263788969,0.2997601918465228,0.37290167865707435,0.2589928057553957,0.3009592326139089,0.3345323741007194,0.3261390887290168,0.302158273381295,0.24700239808153476,0.2733812949640288,0.2709832134292566,0.24700239808153476,0.3345323741007194,0.4148681055155875,0.3333333333333333,0.29136690647482016,0.23741007194244604,0.2170263788968825,0.18345323741007194,0.22182254196642687,0.23741007194244604,0.20503597122302158,0.23860911270983212,0.2026378896882494,0.20023980815347722,0.23621103117505995,0.21942446043165467,0.2278177458033573,0.17985611510791366,0.18944844124700239,0.1618705035971223,0.19544364508393286,0.2026378896882494,0.14268585131894485,0.13069544364508393,0.1630695443645084,0.17026378896882494,0.1486810551558753,0.1474820143884892,0.14388489208633093,0.17625899280575538,0.17985611510791366,0.1366906474820144,0.2170263788968825,0.11990407673860912,0.1366906474820144,0.14268585131894485,0.13908872901678657,0.1642685851318945,0.11031175059952038,0.14628297362110312,0.1750599520383693,0.12709832134292565,0.16786570743405277,0.11510791366906475,0.16546762589928057,0.16546762589928057,0.09112709832134293,0.09832134292565947,0.1091127098321343,0.1498800959232614,0.11630695443645084,0.09712230215827339,0.12709832134292565,0.1342925659472422,0.13788968824940048,0.145083932853717,0.10551558752997602,0.1510791366906475,0.13069544364508393,0.14268585131894485,0.12350119904076738,0.1354916067146283,0.14628297362110312,0.1498800959232614,0.09832134292565947,0.15227817745803357,0.12949640287769784,0.11750599520383694,0.12589928057553956,0.12350119904076738,0.1510791366906475,0.11270983213429256,0.12949640287769784,0.10071942446043165,0.1223021582733813,0.11510791366906475,0.09712230215827339,0.12470023980815348,0.17625899280575538,0.12709832134292565,0.14028776978417265,0.1354916067146283,0.1474820143884892,0.12589928057553956,0.11031175059952038,0.14268585131894485,0.11390887290167866,0.07194244604316546,0.145083932853717,0.11630695443645084,0.12709832134292565,0.13069544364508393,0.10311750599520383,0.09832134292565947,0.11390887290167866,0.11270983213429256,0.09112709832134293,0.10431654676258993,0.1366906474820144,0.09832134292565947,0.07434052757793765,0.1354916067146283,0.08393285371702638,0.1091127098321343,0.09232613908872901,0.10071942446043165,0.10431654676258993,0.09952038369304557,0.08752997601918465,0.09832134292565947,0.11031175059952038,0.08513189448441247,0.11630695443645084,0.09352517985611511,0.08752997601918465,0.09112709832134293,0.09592326139088729,0.08633093525179857,0.09232613908872901,0.13309352517985612,0.11630695443645084,0.0815347721822542,0.10671462829736211,0.07194244604316546,0.13069544364508393,0.09712230215827339,0.0803357314148681,0.09712230215827339,0.08513189448441247,0.13309352517985612,0.06115107913669065,0.09472422062350119,0.1354916067146283,0.08633093525179857,0.1091127098321343,0.06594724220623502,0.10431654676258993,0.12350119904076738,0.12470023980815348,0.08273381294964029,0.08273381294964029,0.1079136690647482,0.07194244604316546,0.10071942446043165,0.07673860911270983,0.05875299760191847,0.07194244604316546,0.0683453237410072,0.08992805755395683,0.05755395683453238,0.07553956834532374,0.09472422062350119,0.09592326139088729,0.09112709832134293,0.09712230215827339,0.08393285371702638,0.08992805755395683,0.07074340527577938,0.08752997601918465,0.07793764988009592,0.05275779376498801,0.08872901678657075,0.09112709832134293,0.08633093525179857,0.0671462829736211,0.03597122302158273,0.06354916067146282,0.09712230215827339,0.047961630695443645,0.07913669064748201,0.05755395683453238,0.08513189448441247,0.10431654676258993,0.05155875299760192,0.08393285371702638,0.06474820143884892,0.06235011990407674,0.05155875299760192,0.0803357314148681,0.09712230215827339,0.1079136690647482,0.07913669064748201,0.07314148681055156,0.05275779376498801,0.07434052757793765,0.09832134292565947,0.07074340527577938,0.08992805755395683,0.05995203836930456,0.09112709832134293,0.04316546762589928,0.05755395683453238,0.0539568345323741,0.06235011990407674,0.06235011990407674,0.06954436450839328,0.0671462829736211,0.0671462829736211,0.06474820143884892,0.05875299760191847,0.04316546762589928,0.04436450839328537,0.05635491606714628,0.0683453237410072,0.07074340527577938,0.047961630695443645,0.07074340527577938,0.11510791366906475,0.06354916067146282,0.05275779376498801,0.07913669064748201,0.07913669064748201,0.07553956834532374,0.05515587529976019,0.07314148681055156,0.05515587529976019,0.06354916067146282,0.07194244604316546,0.05875299760191847,0.08872901678657075,0.05275779376498801,0.0671462829736211,0.07434052757793765,0.0683453237410072,0.09712230215827339,0.06954436450839328,0.0815347721822542,0.049160671462829736,0.023980815347721823,0.03717026378896882,0.06235011990407674,0.08273381294964029,0.07074340527577938,0.05755395683453238,0.046762589928057555,0.03836930455635491,0.0803357314148681,0.07074340527577938,0.13908872901678657,0.10671462829736211,0.049160671462829736,0.09352517985611511,0.05755395683453238,0.03836930455635491,0.049160671462829736,0.06594724220623502,0.07194244604316546,0.04196642685851319,0.03597122302158273,0.05755395683453238,0.06354916067146282,0.07913669064748201,0.08513189448441247,0.05755395683453238,0.04436450839328537,0.06594724220623502,0.05875299760191847,0.09832134292565947,0.06354916067146282,0.07074340527577938,0.039568345323741004,0.03717026378896882,0.05995203836930456,0.04316546762589928,0.06115107913669065,0.0683453237410072,0.0539568345323741,0.05155875299760192,0.07434052757793765,0.05755395683453238,0.03717026378896882,0.02158273381294964,0.07074340527577938,0.05635491606714628,0.0671462829736211,0.0671462829736211,0.03237410071942446,0.05155875299760192,0.06954436450839328,0.046762589928057555
nh0045,1.0,0.5968559837728195,0.49137931034482757,0.4406693711967546,0.26217038539553755,0.35699797160243407,0.2829614604462475,0.32150101419878296,0.20233265720081137,0.2865111561866126,0.18914807302231237,0.2581135902636917,0.2606490872210953,0.236815415821501,0.20841784989858012,0.3174442190669371,0.21602434077079108,0.22616632860040567,0.2013184584178499,0.2281947261663286,0.1526369168356998,0.23580121703853954,0.22008113590263692,0.1678498985801217,0.19016227180527384,0.1947261663286004,0.1643002028397566,0.21196754563894524,0.15618661257606492,0.18661257606490872,0.18407707910750506,0.13032454361054766,0.20486815415821502,0.13539553752535496,0.21399594320486814,0.2114604462474645,0.2013184584178499,0.15415821501014199,0.1374239350912779,0.12525354969574037,0.14655172413793102,0.12018255578093306,0.09888438133874239,0.12778904665314403,0.11967545638945233,0.16835699797160245,0.10243407707910751,0.11815415821501014,0.12322515212981744,0.16227180527383367,0.1744421906693712,0.10801217038539554,0.0654158215010142,0.10243407707910751,0.09888438133874239,0.15060851926977686,0.08113590263691683,0.1744421906693712,0.16937119675456389,0.1343813387423935,0.12525354969574037,0.0755578093306288,0.1262677484787018,0.14908722109533468,0.09178498985801217,0.08620689655172414,0.18864097363083165,0.09482758620689655,0.07606490872210954,0.1612576064908722,0.07657200811359026,0.16531440162271804,0.10902636916835699,0.08113590263691683,0.15872210953346855,0.11004056795131846,0.07657200811359026,0.13133874239350912,0.10496957403651115,0.07961460446247465,0.12677484787018256,0.08975659229208925,0.10344827586206896,0.07657200811359026,0.08671399594320486,0.0922920892494929,0.0806288032454361,0.10598377281947262,0.0720081135902637,0.09584178498985801,0.08316430020283976,0.0973630831643002,0.09989858012170386,0.07961460446247465,0.08569979716024341,0.11359026369168357,0.07860040567951318,0.09127789046653144,0.07251521298174442,0.07150101419878296,0.06744421906693712,0.04969574036511156,0.11815415821501014,0.0821501014198783,0.07809330628803246,0.09482758620689655,0.0872210953346856,0.0755578093306288,0.08519269776876268,0.051217038539553755,0.1206896551724138,0.09178498985801217,0.07910750507099391,0.07707910750507099,0.061866125760649086,0.09989858012170386,0.07961460446247465,0.03955375253549696,0.09888438133874239,0.06896551724137931,0.0654158215010142,0.06795131845841786,0.10243407707910751,0.07454361054766734,0.06288032454361055,0.08265720081135902,0.05273833671399594,0.06795131845841786,0.06490872210953347,0.08417849898580122,0.0552738336713996,0.0720081135902637,0.0922920892494929,0.06440162271805273,0.0720081135902637,0.07251521298174442,0.04766734279918864,0.037525354969574036,0.06795131845841786,0.09888438133874239,0.06693711967545639,0.0704868154158215,0.07454361054766734,0.07302231237322515,0.06947261663286004,0.06643002028397565,0.0720081135902637,0.060851926977687626,0.07505070993914807,0.04513184584178499,0.09888438133874239,0.06643002028397565,0.056795131845841784,0.08417849898580122,0.08265720081135902,0.05831643002028398,0.06896551724137931,0.04462474645030426,0.07809330628803246,0.06135902636916836,0.053245436105476676,0.07150101419878296,0.06237322515212982,0.09787018255578094,0.07505070993914807,0.04513184584178499,0.07910750507099391,0.05933062880324544,0.04158215010141988,0.058823529411764705,0.06338742393509128,0.0552738336713996,0.05425963488843814,0.05425963488843814,0.06490872210953347,0.07758620689655173,0.08620689655172414,0.04056795131845842,0.05730223123732252,0.053245436105476676,0.07505070993914807,0.04006085192697769,0.03144016227180527,0.06440162271805273,0.06795131845841786,0.051217038539553755,0.052231237322515216,0.04665314401622718,0.07809330628803246,0.055780933062880324,0.051217038539553755,0.06440162271805273,0.05831643002028398,0.0603448275862069,0.048174442190669374,0.09026369168356999,0.04259634888438134,0.06237322515212982,0.05831643002028398,0.04462474645030426,0.04969574036511156,0.04411764705882353,0.0436105476673428,0.056795131845841784,0.03955375253549696,0.061866125760649086,0.06744421906693712,0.04259634888438134,0.09533468559837728,0.04665314401622718,0.03904665314401623,0.0552738336713996,0.03955375253549696,0.06592292089249494,0.0486815415821501,0.049188640973630834,0.06845841784989858,0.037525354969574036,0.07657200811359026,0.04158215010141988,0.04158215010141988,0.04766734279918864,0.049188640973630834,0.0552738336713996,0.02738336713995943,0.03296146044624747,0.06795131845841786,0.036511156186612576,0.03296146044624747,0.10547667342799188,0.09432048681541583,0.04056795131845842,0.06896551724137931,0.04766734279918864,0.04107505070993915,0.03955375253549696,0.03803245436105477,0.04158215010141988,0.04766734279918864,0.061866125760649086,0.08367139959432049,0.034482758620689655,0.0552738336713996,0.04462474645030426,0.02738336713995943,0.04513184584178499,0.036511156186612576,0.04158215010141988,0.04107505070993915,0.058823529411764705,0.002535496957403651,0.04006085192697769,0.06338742393509128,0.04056795131845842,0.04056795131845842,0.028904665314401622,0.06490872210953347,0.0720081135902637,0.04665314401622718,0.02281947261663286,0.050202839756592295,0.030933062880324543,0.04310344827586207,0.060851926977687626,0.04969574036511156,0.04208924949290061,0.04158215010141988,0.04969574036511156,0.02383367139959432,0.04969574036511156,0.04107505070993915,0.04259634888438134,0.04462474645030426,0.03600405679513185,0.0218052738336714,0.04462474645030426,0.050202839756592295,0.036511156186612576,0.033468559837728194,0.04259634888438134,0.04563894523326572,0.03803245436105477,0.04563894523326572,0.057809330628803245,0.04969574036511156,0.027890466531440162,0.034482758620689655,0.03144016227180527,0.05070993914807302,0.03955375253549696,0.05730223123732252,0.03701825557809331,0.05425963488843814,0.050202839756592295,0.030933062880324543,0.03904665314401623,0.03397565922920893,0.03144016227180527,0.038539553752535496,0.053245436105476676
nh0046,1.0,0.549519586104952,0.46082779009608277,0.4131559497413156,0.4116777531411678,0.35846267553584626,0.45048041389504806,0.3048780487804878,0.3181818181818182,0.2668144863266814,0.32409460458240946,0.28233555062823357,0.2738359201773836,0.22394678492239467,0.2974870657797487,0.23170731707317074,0.2812269031781227,0.237620103473762,0.1973392461197339,0.2394678492239468,0.21655580192165558,0.21655580192165558,0.15484109386548411,0.25535846267553586,0.2712490761271249,0.1991869918699187,0.13562453806356245,0.1574279379157428,0.21840354767184036,0.1662971175166297,0.19623059866962306,0.11382113821138211,0.18218773096821878,0.20029563932002956,0.139320029563932,0.1345158906134516,0.1319290465631929,0.15077605321507762,0.1319290465631929,0.1278640059127864,0.11566888396156688,0.139320029563932,0.17997043606799704,0.15631929046563192,0.1326681448632668,0.11936437546193644,0.14153732446415374,0.15114560236511457,0.1736881005173688,0.12564671101256467,0.131189948263119,0.14116777531411678,0.09645232815964523,0.18329637841832963,0.15225424981522542,0.09645232815964523,0.08240946045824095,0.1130820399113082,0.12305986696230599,0.12158167036215817,0.12453806356245381,0.12269031781226904,0.13747228381374724,0.10014781966001478,0.14079822616407983,0.12121212121212122,0.0646711012564671,0.11899482631189948,0.08758314855875832,0.10753880266075388,0.090169992609017,0.10753880266075388,0.12823355506282336,0.09645232815964523,0.11825572801182557,0.12195121951219512,0.07982261640798226,0.10606060606060606,0.12675535846267555,0.11566888396156688,0.13082039911308205,0.12379896526237989,0.11899482631189948,0.09238728750923873,0.09940872135994087,0.1326681448632668,0.1467110125646711,0.1197339246119734,0.12158167036215817,0.11382113821138211,0.14116777531411678,0.1334072431633407,0.1008869179600887,0.11492978566149298,0.1319290465631929,0.08869179600886919,0.10310421286031042,0.10458240946045824,0.14745011086474502,0.1090169992609017,0.0827790096082779,0.1326681448632668,0.08758314855875832,0.09940872135994087,0.14634146341463414,0.09940872135994087,0.10532150776053215,0.09940872135994087,0.1204730229120473,0.07612712490761271,0.05543237250554324,0.0713229859571323,0.0861049519586105,0.08388765705838877,0.10199556541019955,0.08647450110864745,0.11456023651145603,0.10421286031042129,0.06577974870657798,0.09460458240946046,0.06245380635624538,0.09497413155949741,0.10975609756097561,0.07760532150776053,0.10310421286031042,0.058758314855875834,0.07908351810790835,0.07760532150776053,0.07982261640798226,0.0942350332594235,0.08758314855875832,0.10716925351071692,0.08943089430894309,0.06097560975609756,0.07058388765705839,0.11529933481152993,0.06947524020694752,0.06984478935698447,0.0672579453067258,0.0672579453067258,0.1049519586104952,0.08647450110864745,0.08130081300813008,0.05432372505543237,0.10421286031042129,0.07538802660753881,0.07834441980783444,0.08056171470805618,0.09977827050997783,0.08425720620842572,0.0639320029563932,0.0565410199556541,0.08499630450849963,0.07058388765705839,0.0646711012564671,0.08573540280857354,0.07649667405764966,0.08056171470805618,0.0565410199556541,0.10532150776053215,0.07834441980783444,0.06836659275683665,0.07169253510716925,0.10236511456023652,0.059127864005912786,0.059127864005912786,0.06060606060606061,0.05321507760532151,0.10532150776053215,0.07280118255728012,0.0835181079083518,0.07649667405764966,0.11677753141167775,0.08758314855875832,0.052106430155210645,0.0713229859571323,0.08240946045824095,0.03954175905395418,0.0794530672579453,0.0835181079083518,0.06245380635624538,0.06023651145602365,0.0794530672579453,0.043976348854397634,0.07723577235772358,0.07021433850702144,0.0794530672579453,0.08647450110864745,0.05321507760532151,0.06651884700665188,0.05469327420546933,0.08869179600886919,0.04951958610495196,0.03547671840354767,0.043237250554323724,0.04730229120473023,0.06060606060606061,0.0646711012564671,0.059127864005912786,0.06134515890613452,0.06060606060606061,0.06282335550628233,0.07206208425720621,0.05469327420546933,0.04730229120473023,0.07760532150776053,0.04804138950480414,0.08536585365853659,0.0794530672579453,0.0565410199556541,0.03215077605321508,0.07317073170731707,0.07169253510716925,0.058758314855875834,0.05580192165558019,0.05432372505543237,0.050997782705099776,0.07354028085735403,0.04841093865484109,0.08462675535846267,0.04767184035476718,0.058758314855875834,0.051367331855136734,0.0450849963045085,0.06541019955654102,0.06208425720620843,0.04582409460458241,0.0598669623059867,0.058388765705838876,0.0450849963045085,0.03510716925351072,0.038433111603843315,0.051367331855136734,0.050628233555062824,0.06319290465631928,0.06282335550628233,0.06245380635624538,0.06504065040650407,0.04841093865484109,0.04582409460458241,0.04841093865484109,0.052106430155210645,0.04212860310421286,0.05321507760532151,0.05543237250554324,0.03621581670362158,0.0787139689578714,0.04656319290465632,0.05580192165558019,0.036585365853658534,0.0672579453067258,0.05543237250554324,0.06430155210643015,0.04286770140428677,0.07575757575757576,0.03917220990391722,0.06134515890613452,0.04582409460458241,0.07390983000739099,0.036585365853658534,0.044715447154471545,0.046193643754619367,0.043237250554323724,0.04028085735402809,0.029563932002956393,0.0598669623059867,0.05580192165558019,0.052845528455284556,0.0450849963045085,0.0417590539541759,0.07760532150776053,0.05358462675535846,0.04656319290465632,0.04028085735402809,0.05728011825572801,0.028824833702882482,0.05469327420546933,0.04138950480413895,0.04767184035476718,0.06023651145602365,0.046193643754619367,0.04028085735402809,0.05580192165558019,0.051367331855136734,0.038433111603843315,0.08240946045824095,0.06282335550628233,0.04804138950480414,0.051367331855136734,0.08314855875831485,0.05432372505543237,0.06651884700665188,0.04138950480413895,0.050628233555062824,0.03917220990391722,0.04138950480413895,0.03399852180339985,0.04434589800443459,0.051736881005173686,0.025868440502586843
nh0047,1.0,0.528052805280528,0.44994499449944997,0.4144664466446645,0.33828382838283827,0.37486248624862484,0.42024202420242024,0.3041804180418042,0.3281078107810781,0.28052805280528054,0.227997799779978,0.22964796479647964,0.2871287128712871,0.18206820682068206,0.2700770077007701,0.21699669966996699,0.23157315731573158,0.21122112211221122,0.21397139713971397,0.21974697469746976,0.22002200220022003,0.16254125412541254,0.15759075907590758,0.21754675467546755,0.21864686468646866,0.1573157315731573,0.16584158415841585,0.15759075907590758,0.1782178217821782,0.13036303630363036,0.16611661166116612,0.1817931793179318,0.15649064906490648,0.17491749174917492,0.13476347634763478,0.14988998899889988,0.1342134213421342,0.10616061606160616,0.1254125412541254,0.132013201320132,0.10286028602860287,0.13558855885588558,0.14466446644664466,0.16419141914191418,0.1333883388338834,0.11468646864686469,0.14493949394939493,0.15786578657865788,0.15951595159515952,0.10698569856985699,0.11441144114411442,0.08415841584158416,0.12843784378437845,0.12348734873487349,0.08085808580858085,0.1001100110011001,0.13861386138613863,0.13613861386138615,0.12926292629262925,0.09378437843784379,0.07783278327832784,0.1265126512651265,0.09598459845984599,0.10726072607260725,0.12293729372937294,0.09873487348734873,0.06903190319031903,0.07590759075907591,0.11166116611661166,0.09708470847084709,0.11083608360836084,0.08030803080308031,0.11276127612761276,0.10698569856985699,0.10643564356435643,0.09020902090209021,0.08773377337733773,0.1034103410341034,0.11331133113311331,0.10533553355335533,0.09570957095709572,0.11056105610561057,0.0924092409240924,0.10093509350935094,0.11606160616061606,0.11991199119911991,0.13063806380638063,0.09983498349834984,0.09350935093509351,0.09185918591859187,0.10066006600660066,0.12266226622662266,0.11826182618261827,0.12348734873487349,0.13503850385038504,0.08525852585258525,0.10121012101210121,0.09075907590759076,0.1353135313531353,0.11083608360836084,0.10671067106710672,0.11743674367436743,0.07508250825082509,0.09295929592959296,0.11798679867986799,0.07150715071507151,0.09323432343234324,0.09625962596259625,0.08443344334433443,0.06683168316831684,0.07068206820682069,0.10726072607260725,0.09020902090209021,0.07563256325632563,0.08003300330033003,0.07618261826182618,0.10671067106710672,0.1001100110011001,0.06408140814081408,0.07233223322332233,0.0858085808580858,0.07095709570957096,0.07948294829482948,0.0704070407040704,0.0737073707370737,0.06133113311331133,0.06215621562156216,0.06215621562156216,0.08415841584158416,0.10863586358635864,0.06793179317931793,0.08085808580858085,0.06078107810781078,0.07095709570957096,0.05500550055005501,0.07865786578657866,0.048954895489548955,0.06353135313531354,0.08388338833883388,0.05253025302530253,0.07838283828382839,0.07178217821782178,0.07398239823982398,0.0737073707370737,0.13806380638063806,0.059130913091309134,0.08085808580858085,0.09048404840484048,0.0539053905390539,0.08498349834983498,0.0374037403740374,0.07205720572057206,0.07618261826182618,0.08278327832783278,0.0539053905390539,0.06105610561056106,0.08773377337733773,0.08223322332233224,0.07315731573157316,0.07948294829482948,0.10368536853685369,0.05528052805280528,0.06848184818481848,0.06765676567656766,0.047304730473047306,0.05720572057205721,0.0627062706270627,0.0627062706270627,0.11963696369636964,0.06848184818481848,0.05253025302530253,0.07233223322332233,0.09075907590759076,0.07838283828382839,0.0539053905390539,0.05638063806380638,0.059130913091309134,0.04097909790979098,0.0539053905390539,0.08965896589658966,0.04592959295929593,0.06848184818481848,0.06243124312431243,0.0638063806380638,0.058305830583058306,0.0627062706270627,0.038778877887788776,0.08443344334433443,0.047304730473047306,0.07178217821782178,0.05885588558855886,0.09598459845984599,0.05198019801980198,0.034928492849284926,0.04152915291529153,0.043454345434543455,0.06793179317931793,0.05638063806380638,0.06848184818481848,0.07123212321232124,0.048954895489548955,0.04262926292629263,0.0627062706270627,0.04757975797579758,0.0462046204620462,0.08938393839383939,0.05473047304730473,0.06683168316831684,0.05335533553355336,0.04950495049504951,0.04372937293729373,0.09818481848184818,0.03987898789878988,0.05005500550055005,0.0462046204620462,0.047304730473047306,0.04647964796479648,0.0671067106710671,0.04537953795379538,0.06463146314631463,0.05308030803080308,0.05473047304730473,0.040429042904290426,0.07205720572057206,0.05143014301430143,0.07178217821782178,0.036303630363036306,0.06298129812981298,0.05693069306930693,0.041254125412541254,0.03272827282728273,0.03932893289328933,0.04867986798679868,0.040429042904290426,0.03657865786578658,0.05308030803080308,0.04592959295929593,0.05473047304730473,0.04977997799779978,0.0429042904290429,0.05583058305830583,0.03850385038503851,0.03685368536853685,0.03712871287128713,0.07205720572057206,0.038778877887788776,0.061606160616061605,0.04977997799779978,0.058305830583058306,0.057755775577557754,0.06133113311331133,0.04097909790979098,0.04317931793179318,0.03932893289328933,0.04757975797579758,0.028877887788778877,0.041804180418041806,0.037953795379537955,0.04785478547854786,0.041804180418041806,0.0484048404840484,0.054455445544554455,0.04317931793179318,0.044279427942794276,0.027502750275027504,0.03850385038503851,0.05253025302530253,0.05335533553355336,0.039603960396039604,0.03382838283828383,0.08250825082508251,0.039603960396039604,0.057755775577557754,0.040429042904290426,0.0627062706270627,0.027227722772277228,0.03987898789878988,0.05033003300330033,0.05528052805280528,0.050605060506050605,0.03382838283828383,0.04785478547854786,0.04400440044004401,0.05253025302530253,0.056105610561056105,0.07590759075907591,0.04152915291529153,0.04317931793179318,0.03932893289328933,0.040429042904290426,0.03822882288228823,0.07645764576457646,0.02557755775577558,0.036303630363036306,0.03905390539053905,0.03547854785478548,0.035753575357535754,0.04262926292629263,0.05335533553355336,0.029977997799779978
nh0048,1.0,0.4597532314923619,0.43537015276145713,0.30699177438307873,0.23266745005875442,0.27438307873090484,0.36486486486486486,0.22855464159811986,0.3128672150411281,0.2573443008225617,0.21269095182138661,0.23061104582843714,0.20799059929494712,0.16333725029377202,0.1927144535840188,0.19947121034077556,0.21327849588719153,0.14482961222091656,0.15687426556991774,0.1736192714453584,0.22679200940070504,0.1653936545240893,0.12074030552291422,0.22238542890716803,0.158930669800235,0.1489424206815511,0.12426556991774383,0.1345475910693302,0.12661574618096358,0.1410105757931845,0.17126909518213865,0.1072267920094007,0.1653936545240893,0.15716803760282022,0.11368977673325499,0.1245593419506463,0.11956521739130435,0.14482961222091656,0.12867215041128086,0.10752056404230317,0.11192714453584018,0.10223266745005875,0.11750881316098707,0.14218566392479437,0.1301410105757932,0.13249118683901293,0.1045828437132785,0.12132784958871916,0.10428907168037603,0.0781433607520564,0.10781433607520564,0.09518213866039953,0.09929494712103408,0.11368977673325499,0.07314923619271445,0.08372502937720329,0.08783783783783784,0.09371327849588719,0.13337250293772032,0.09400705052878966,0.077262044653349,0.1462984723854289,0.10135135135135136,0.09371327849588719,0.11310223266745006,0.08284371327849589,0.06756756756756757,0.09929494712103408,0.09048178613396005,0.06257344300822562,0.07579318448883667,0.08607520564042304,0.07491186839012925,0.08666274970622796,0.09136310223266746,0.09900117508813161,0.04964747356051704,0.09488836662749706,0.07873090481786134,0.0754994124559342,0.07373678025851939,0.08960047003525265,0.06786133960047004,0.07079905992949471,0.08930669800235018,0.09165687426556991,0.09518213866039953,0.07256169212690952,0.07873090481786134,0.06580493537015276,0.09400705052878966,0.08871915393654524,0.09253819036427732,0.09371327849588719,0.08372502937720329,0.0655111633372503,0.09165687426556991,0.07843713278495887,0.08871915393654524,0.09077555816686252,0.07931844888366628,0.09283196239717979,0.06698002350176263,0.07403055229142186,0.09283196239717979,0.07168037602820211,0.07285546415981199,0.0746180963572268,0.07432432432432433,0.07256169212690952,0.06786133960047004,0.05875440658049354,0.07491186839012925,0.060223266745005874,0.055522914218566394,0.05963572267920094,0.1263219741480611,0.06609870740305523,0.06933019976498238,0.06903642773207991,0.057579318448883664,0.06257344300822562,0.07873090481786134,0.06139835487661575,0.0754994124559342,0.040834312573443006,0.05376028202115159,0.058166862514688604,0.07784958871915394,0.07344300822561692,0.06286721504112809,0.06668625146886016,0.06433607520564043,0.060810810810810814,0.07432432432432433,0.06492361927144535,0.06492361927144535,0.04435957696827262,0.06433607520564043,0.060223266745005874,0.05170387779083431,0.05199764982373678,0.060517038777908344,0.05875440658049354,0.07520564042303172,0.06110458284371328,0.057873090481786134,0.0754994124559342,0.04935370152761457,0.05875440658049354,0.0655111633372503,0.05376028202115159,0.06580493537015276,0.060517038777908344,0.05669800235017626,0.060810810810810814,0.06639247943595769,0.05611045828437133,0.052878965922444184,0.07138660399529964,0.06903642773207991,0.043772032902467686,0.05934195064629847,0.06521739130434782,0.05170387779083431,0.05170387779083431,0.041128084606345476,0.041421856639247946,0.0699177438307873,0.030846063454759105,0.05376028202115159,0.04494712103407755,0.05258519388954171,0.06433607520564043,0.033196239717978845,0.05376028202115159,0.05405405405405406,0.031139835487661575,0.0399529964747356,0.055229142185663924,0.057873090481786134,0.03936545240893067,0.04670975323149236,0.05023501762632197,0.04524089306698002,0.02937720329024677,0.0399529964747356,0.04524089306698002,0.03202115158636898,0.04700352526439483,0.05141010575793185,0.05904817861339601,0.04494712103407755,0.057873090481786134,0.03525264394829612,0.04876615746180964,0.057579318448883664,0.055229142185663924,0.041421856639247946,0.05346650998824912,0.052878965922444184,0.05493537015276146,0.03936545240893067,0.03701527614571093,0.04318448883666275,0.05052878965922444,0.03437132784958872,0.06169212690951821,0.03760282021151586,0.04318448883666275,0.02144535840188014,0.060810810810810814,0.05875440658049354,0.038777908343125736,0.04905992949471211,0.03936545240893067,0.036427732079905996,0.04406580493537015,0.041128084606345476,0.04318448883666275,0.03407755581668625,0.045828437132784956,0.046415981198589897,0.03701527614571093,0.046122209165687426,0.05346650998824912,0.04289071680376028,0.05258519388954171,0.04876615746180964,0.03554641598119859,0.02702702702702703,0.03701527614571093,0.046415981198589897,0.04171562867215041,0.0373090481786134,0.04200940070505288,0.05229142185663925,0.06286721504112809,0.038777908343125736,0.04024676850763807,0.04759106933019976,0.03055229142185664,0.03231492361927144,0.02673325499412456,0.04524089306698002,0.041128084606345476,0.04935370152761457,0.03231492361927144,0.019388954171562868,0.03760282021151586,0.036133960047003526,0.041128084606345476,0.046122209165687426,0.03936545240893067,0.0499412455934195,0.024676850763807285,0.03407755581668625,0.04318448883666275,0.04524089306698002,0.038484136310223266,0.0373090481786134,0.040834312573443006,0.03437132784958872,0.03172737955346651,0.03495887191539365,0.05229142185663925,0.043772032902467686,0.043478260869565216,0.038484136310223266,0.04553466509988249,0.05669800235017626,0.04318448883666275,0.04230317273795535,0.036427732079905996,0.05023501762632197,0.019388954171562868,0.04024676850763807,0.03055229142185664,0.035840188014101056,0.04054054054054054,0.035840188014101056,0.03525264394829612,0.04759106933019976,0.04759106933019976,0.035840188014101056,0.040834312573443006,0.04318448883666275,0.028789659224441832,0.02673325499412456,0.031139835487661575,0.03466509988249119,0.052878965922444184,0.029083431257344302,0.045828437132784956,0.02790834312573443,0.03672150411280846,0.025851938895417155,0.0282021151586369,0.031139835487661575,0.019388954171562868
nh0049,1.0,0.5137069753274444,0.5138592750533049,0.47867803837953093,0.24002436795613769,0.2983551629607067,0.2869326835211697,0.2584526347852574,0.24809625342674382,0.2764240024367956,0.16859579652756626,0.23378007919585744,0.22479439537008833,0.15702101736216875,0.20560462991166617,0.17971367651538228,0.2260127931769723,0.24459335973195248,0.26682911970758455,0.17027109351203168,0.20088333840999087,0.2021017362168748,0.2043862321047822,0.1789521778860798,0.15763021626561072,0.15245202558635396,0.1558026195552848,0.16402680475175144,0.12351507767286019,0.11087420042643924,0.1606762107828206,0.20530003045994516,0.14224794395370088,0.15778251599147122,0.16692049954310081,0.127779469996954,0.139506548888212,0.1187937861711849,0.12869326835211697,0.15199512640877247,0.10584830947304295,0.1513859275053305,0.11422479439537009,0.11833688699360341,0.127779469996954,0.12625647273834908,0.08010965580261956,0.1424002436795614,0.09975632043862322,0.0720377703320134,0.10782820590922937,0.09503502893694792,0.11239719768504416,0.11590009137983552,0.11133109960402071,0.1579348157173317,0.12747487054523302,0.12884556807797745,0.0976241242765763,0.11909838562290588,0.08513554675601584,0.11559549192811452,0.07584526347852574,0.12077368260737131,0.10341151385927505,0.08102345415778252,0.08665854401462077,0.10249771550411209,0.07812975936643314,0.10417301248857752,0.1069144075540664,0.13356685957965275,0.07051477307340846,0.12153518123667377,0.08300335059396893,0.07158087115443192,0.08056655498020103,0.11468169357295156,0.1139201949436491,0.05254340542187024,0.11742308863844045,0.06533658239415169,0.05939689308559245,0.11224489795918367,0.12610417301248858,0.15245202558635396,0.07416996649406031,0.08513554675601584,0.08010965580261956,0.057416996649406034,0.0836125494974109,0.05924459335973195,0.09000913798355163,0.0767590618336887,0.0977764240024368,0.06838257691136156,0.08346024977155041,0.09229363387145903,0.06396588486140725,0.09122753579043558,0.09000913798355163,0.08422174840085288,0.07066707279926897,0.06883947608894304,0.05619859884252208,0.08726774291806275,0.07416996649406031,0.06244288760280232,0.07249466950959488,0.06807797745964057,0.05528480048735912,0.06807797745964057,0.07508376484922327,0.08711544319220225,0.04157782515991471,0.060615290892476394,0.08818154127322571,0.022388059701492536,0.07371306731647884,0.0837648492232714,0.07812975936643314,0.04706061529089248,0.08315565031982942,0.060615290892476394,0.046146816935729515,0.0977764240024368,0.061072190070057875,0.07797745964057265,0.08422174840085288,0.13341455985379228,0.07310386841303686,0.06366128540968627,0.05498020103563814,0.07599756320438623,0.05528480048735912,0.08955223880597014,0.03975022844958879,0.04721291501675297,0.08848614072494669,0.05665549802010356,0.057873895826987515,0.05482790130977764,0.04797441364605544,0.061376789521778864,0.0628997867803838,0.06548888212001218,0.05878769418215047,0.0557416996649406,0.09031373743527261,0.05269570514773073,0.07401766676819982,0.056350898568382574,0.05650319829424307,0.06564118184587268,0.046299116661590006,0.07234236978373439,0.06579348157173318,0.038988729820286325,0.05863539445628998,0.039445628997867806,0.08300335059396893,0.04066402680475175,0.05452330185805666,0.057416996649406034,0.041730124885775204,0.08422174840085288,0.0604629911666159,0.042948522692659155,0.09198903441973805,0.09518732866280841,0.05650319829424307,0.05939689308559245,0.03289674078586659,0.05193420651842827,0.05939689308559245,0.0418824246116357,0.04035942735303077,0.06792567773378008,0.045994517209869024,0.04721291501675297,0.05939689308559245,0.0581784952787085,0.04447151995126409,0.0534572037770332,0.043100822418519646,0.09655802619555284,0.06015839171489491,0.05498020103563814,0.054066402680475176,0.06685957965275663,0.06716417910447761,0.049649710630520864,0.04401462077368261,0.07401766676819982,0.0581784952787085,0.05025890953396284,0.0604629911666159,0.03639963448065794,0.061224489795918366,0.06548888212001218,0.04584221748400853,0.0487359122753579,0.04538531830642705,0.028023149558330795,0.07081937252512946,0.03670423393237892,0.0721900700578739,0.049649710630520864,0.030155345720377702,0.052848004873591224,0.11650929028327749,0.046603716113310996,0.06944867499238501,0.0534572037770332,0.046603716113310996,0.035333536399634484,0.035942735303076456,0.04766981419433445,0.03990252817544929,0.038988729820286325,0.05696009747182455,0.046603716113310996,0.03975022844958879,0.043100822418519646,0.04477611940298507,0.04843131282363692,0.031069144075540664,0.027109351203167834,0.03091684434968017,0.05102040816326531,0.05665549802010356,0.03411513859275053,0.023301858056655498,0.050411209259823335,0.04203472433749619,0.03045994517209869,0.03320134023758757,0.03457203777033201,0.03670423393237892,0.03396283886689004,0.04797441364605544,0.035333536399634484,0.039445628997867806,0.028784648187633263,0.03411513859275053,0.03777033201340237,0.05970149253731343,0.05254340542187024,0.08437404812671337,0.06366128540968627,0.00045689917758148037,0.02771855010660981,0.035028936947913494,0.04081632653061224,0.05208650624428876,0.01903746573256168,0.02908924763935425,0.04477611940298507,0.02116966189460859,0.034724337496192505,0.06564118184587268,0.07386536704233933,0.04035942735303077,0.029698446542796225,0.05513250076149863,0.05193420651842827,0.039141029546146816,0.034724337496192505,0.05421870240633567,0.04096862625647274,0.05452330185805666,0.029850746268656716,0.04766981419433445,0.03975022844958879,0.04279622296679866,0.042948522692659155,0.0581784952787085,0.05102040816326531,0.03746573256168139,0.03655193420651843,0.029241547365214744,0.057264696923545536,0.03761803228754188,0.03655193420651843,0.039445628997867806,0.05543710021321962,0.03350593968930856,0.04919281145293938,0.03213524215656412,0.04706061529089248,0.04508071885470606,0.0720377703320134,0.028175449284191287,0.03883643009442583,0.029698446542796225,0.027566250380749314,0.03746573256168139,0.05071580871154432,0.0325921413341456,0.06366128540968627
nh0050,1.0,0.5524891774891775,0.571969696969697,0.5514069264069265,0.5221861471861472,0.35443722943722944,0.38095238095238093,0.31114718614718617,0.3658008658008658,0.34794372294372294,0.31764069264069267,0.270021645021645,0.341991341991342,0.2656926406926407,0.22510822510822512,0.25054112554112556,0.24675324675324675,0.31006493506493504,0.27813852813852813,0.22186147186147187,0.2905844155844156,0.2115800865800866,0.2765151515151515,0.18668831168831168,0.22510822510822512,0.19913419913419914,0.1937229437229437,0.22294372294372294,0.18993506493506493,0.17965367965367965,0.16774891774891776,0.18506493506493507,0.17857142857142858,0.1829004329004329,0.17586580086580086,0.20292207792207792,0.1699134199134199,0.1590909090909091,0.15963203463203463,0.14989177489177488,0.21103896103896103,0.16558441558441558,0.14285714285714285,0.12878787878787878,0.15638528138528138,0.09902597402597403,0.237012987012987,0.12932900432900432,0.12932900432900432,0.11525974025974026,0.12554112554112554,0.17694805194805194,0.16666666666666666,0.13744588744588745,0.1829004329004329,0.14393939393939395,0.1525974025974026,0.1066017316017316,0.13041125541125542,0.1747835497835498,0.1185064935064935,0.15746753246753248,0.1066017316017316,0.11796536796536797,0.14502164502164502,0.13257575757575757,0.08982683982683982,0.17045454545454544,0.11038961038961038,0.11904761904761904,0.1066017316017316,0.10606060606060606,0.12608225108225107,0.11147186147186147,0.1130952380952381,0.10930735930735931,0.16504329004329005,0.11417748917748918,0.10822510822510822,0.09632034632034632,0.12283549783549784,0.12824675324675325,0.13906926406926406,0.08333333333333333,0.1314935064935065,0.11417748917748918,0.11363636363636363,0.10551948051948051,0.10768398268398269,0.12824675324675325,0.13365800865800867,0.09686147186147186,0.07954545454545454,0.09632034632034632,0.14285714285714285,0.12012987012987013,0.13041125541125542,0.12283549783549784,0.09848484848484848,0.10443722943722944,0.11147186147186147,0.07088744588744589,0.1038961038961039,0.09415584415584416,0.08008658008658008,0.07467532467532467,0.22564935064935066,0.12012987012987013,0.0854978354978355,0.07575757575757576,0.0882034632034632,0.1066017316017316,0.11147186147186147,0.08279220779220779,0.08225108225108226,0.0882034632034632,0.08333333333333333,0.18073593073593072,0.0762987012987013,0.07954545454545454,0.10119047619047619,0.08712121212121213,0.09848484848484848,0.09253246753246754,0.0882034632034632,0.08766233766233766,0.07413419913419914,0.09415584415584416,0.08495670995670995,0.07738095238095238,0.0735930735930736,0.09307359307359307,0.05627705627705628,0.09740259740259741,0.07467532467532467,0.08387445887445888,0.05032467532467533,0.11634199134199134,0.08441558441558442,0.10064935064935066,0.09307359307359307,0.07034632034632035,0.11904761904761904,0.07034632034632035,0.0698051948051948,0.0817099567099567,0.09361471861471861,0.06385281385281386,0.0735930735930736,0.07088744588744589,0.11634199134199134,0.08982683982683982,0.07521645021645022,0.07846320346320346,0.07792207792207792,0.05303030303030303,0.07305194805194805,0.07738095238095238,0.07846320346320346,0.09415584415584416,0.07305194805194805,0.08225108225108226,0.08603896103896104,0.08766233766233766,0.0735930735930736,0.09632034632034632,0.08658008658008658,0.06872294372294373,0.10443722943722944,0.04383116883116883,0.07034632034632035,0.07305194805194805,0.08441558441558442,0.055735930735930736,0.10768398268398269,0.08333333333333333,0.05519480519480519,0.0882034632034632,0.07900432900432901,0.06060606060606061,0.05357142857142857,0.07521645021645022,0.07738095238095238,0.07954545454545454,0.08008658008658008,0.04004329004329004,0.08766233766233766,0.07034632034632035,0.08495670995670995,0.07738095238095238,0.05140692640692641,0.08333333333333333,0.05519480519480519,0.06060606060606061,0.06764069264069264,0.06764069264069264,0.07521645021645022,0.0670995670995671,0.05411255411255411,0.08441558441558442,0.08441558441558442,0.07142857142857142,0.061147186147186144,0.06493506493506493,0.07738095238095238,0.056818181818181816,0.06168831168831169,0.07251082251082251,0.07521645021645022,0.06655844155844155,0.1001082251082251,0.05519480519480519,0.04274891774891775,0.05140692640692641,0.08387445887445888,0.0633116883116883,0.041666666666666664,0.06601731601731602,0.07900432900432901,0.04924242424242424,0.06818181818181818,0.05627705627705628,0.08766233766233766,0.05248917748917749,0.08008658008658008,0.050865800865800864,0.046536796536796536,0.05248917748917749,0.054653679653679656,0.04924242424242424,0.04220779220779221,0.045454545454545456,0.05735930735930736,0.05194805194805195,0.04816017316017316,0.07142857142857142,0.061147186147186144,0.05357142857142857,0.047619047619047616,0.04274891774891775,0.07305194805194805,0.06926406926406926,0.03787878787878788,0.05627705627705628,0.03787878787878788,0.037337662337662336,0.03787878787878788,0.045454545454545456,0.025974025974025976,0.08008658008658008,0.13690476190476192,0.05357142857142857,0.05248917748917749,0.046536796536796536,0.05357142857142857,0.07792207792207792,0.04816017316017316,0.050865800865800864,0.07251082251082251,0.06818181818181818,0.07034632034632035,0.07683982683982683,0.050865800865800864,0.07034632034632035,0.057900432900432904,0.055735930735930736,0.05735930735930736,0.05194805194805195,0.0633116883116883,0.05411255411255411,0.035173160173160176,0.044372294372294376,0.03787878787878788,0.04599567099567099,0.06926406926406926,0.07467532467532467,0.050865800865800864,0.050865800865800864,0.04707792207792208,0.04491341991341991,0.04383116883116883,0.049783549783549784,0.056818181818181816,0.05194805194805195,0.060064935064935064,0.07413419913419914,0.056818181818181816,0.05357142857142857,0.06493506493506493,0.056818181818181816,0.05248917748917749,0.06601731601731602,0.035173160173160176,0.045454545454545456,0.08008658008658008,0.03354978354978355,0.05140692640692641,0.054653679653679656,0.0698051948051948,0.055735930735930736
nh0051,1.0,0.6279174147217235,0.5363554757630161,0.3388689407540395,0.37073608617594256,0.30610412926391384,0.4151705565529623,0.3108168761220826,0.263689407540395,0.23159784560143626,0.263689407540395,0.28388689407540396,0.24416517055655296,0.23675942549371634,0.2324955116696589,0.26772890484739675,0.24820466786355475,0.17302513464991023,0.2004039497307002,0.2122980251346499,0.2073608617594255,0.1992818671454219,0.27131956912028726,0.24573608617594256,0.19052962298025133,0.16853680430879714,0.18514362657091563,0.20354578096947937,0.1570915619389587,0.20421903052064633,0.223967684021544,0.16853680430879714,0.19838420107719928,0.16988330341113106,0.17212746858168762,0.17818671454219032,0.1570915619389587,0.14699281867145422,0.1752692998204668,0.1490125673249551,0.19142728904847398,0.13420107719928187,0.18043087971274685,0.12791741472172352,0.12612208258527827,0.22217235188509873,0.1330789946140036,0.12769299820466787,0.131508078994614,0.18536804308797128,0.14070915619389587,0.09605026929982047,0.14564631956912027,0.14497307001795331,0.12432675044883304,0.14519748653500897,0.13577199281867144,0.1306104129263914,0.12881508078994613,0.14474865350089766,0.11669658886894076,0.11938958707360861,0.10906642728904847,0.10771992818671454,0.12253141831238779,0.1124326750448833,0.08123877917414722,0.08280969479353681,0.08348294434470377,0.10839317773788151,0.06328545780969479,0.08415619389587074,0.10121184919210054,0.11826750448833034,0.09470377019748653,0.10816876122082585,0.10121184919210054,0.11377917414721724,0.09829443447037702,0.08460502692998205,0.08931777378815081,0.0843806104129264,0.09178635547576301,0.10457809694793536,0.09762118491921006,0.07293536804308798,0.10368043087971275,0.0843806104129264,0.11579892280071813,0.07854578096947935,0.12163375224416517,0.08662477558348294,0.10951526032315978,0.08954219030520646,0.06395870736086176,0.0742818671454219,0.09896768402154399,0.0998653500897666,0.09201077199281867,0.09223518850987433,0.08909335727109516,0.11377917414721724,0.08325852782764812,0.0872980251346499,0.09492818671454219,0.08303411131059246,0.09268402154398564,0.09447935368043088,0.09380610412926392,0.10502692998204669,0.0763016157989228,0.09111310592459605,0.07069120287253142,0.08819569120287253,0.08393177737881508,0.09896768402154399,0.0913375224416517,0.09447935368043088,0.09649910233393177,0.07562836624775583,0.0783213644524237,0.0913375224416517,0.10906642728904847,0.09694793536804308,0.07091561938958707,0.08617594254937164,0.04690305206463196,0.07271095152603231,0.08954219030520646,0.06956912028725314,0.07719928186714542,0.08213644524236983,0.0913375224416517,0.06867145421903052,0.06710053859964094,0.07495511669658887,0.06620287253141831,0.05587971274685817,0.0572262118491921,0.07271095152603231,0.08909335727109516,0.057899461400359065,0.08123877917414722,0.07899461400359066,0.06934470377019748,0.07742369838420107,0.06283662477558348,0.05453321364452424,0.07742369838420107,0.07271095152603231,0.049820466786355475,0.09268402154398564,0.0742818671454219,0.07607719928186714,0.10704667863554758,0.07854578096947935,0.08168761220825853,0.07024236983842011,0.06059245960502693,0.06395870736086176,0.06597845601436265,0.06508078994614004,0.08460502692998205,0.08123877917414722,0.078770197486535,0.06799820466786355,0.04106822262118492,0.03478456014362657,0.06418312387791741,0.052737881508078996,0.06440754039497307,0.06687612208258528,0.04488330341113106,0.08595152603231598,0.06620287253141831,0.06306104129263913,0.04847396768402154,0.053635547576301616,0.08370736086175942,0.055206463195691204,0.05453321364452424,0.07764811490125673,0.06283662477558348,0.057899461400359065,0.06687612208258528,0.05116696588868941,0.06126570915619389,0.06395870736086176,0.04600538599640933,0.06261220825852783,0.05947037701974865,0.08999102333931777,0.04533213644524237,0.06552962298025135,0.044434470377019746,0.058797127468581685,0.06104129263913824,0.04959605026929982,0.07921903052064631,0.07248653500897666,0.0718132854578097,0.04914721723518851,0.044658886894075406,0.03927289048473968,0.05543087971274686,0.05408438061041292,0.06149012567324955,0.06844703770197487,0.03680430879712747,0.06440754039497307,0.05655296229802514,0.05632854578096948,0.08999102333931777,0.07697486535008977,0.0531867145421903,0.05498204667863555,0.07046678635547576,0.05049371633752244,0.05385996409335727,0.051615798922800715,0.055206463195691204,0.042639138240574505,0.046454219030520646,0.04622980251346499,0.04959605026929982,0.04578096947935368,0.042639138240574505,0.045556552962298026,0.05004488330341113,0.06193895870736086,0.036355475763016155,0.052737881508078996,0.057899461400359065,0.0531867145421903,0.036355475763016155,0.03343806104129264,0.04129263913824058,0.048922800718132854,0.0381508078994614,0.05834829443447038,0.04824955116696589,0.06306104129263913,0.06149012567324955,0.039946140035906644,0.050718132854578095,0.061714542190305206,0.05453321364452424,0.046454219030520646,0.03500897666068223,0.07158886894075404,0.06642728904847396,0.04241472172351885,0.04488330341113106,0.035457809694793535,0.07046678635547576,0.043761220825852785,0.059021543985637345,0.04847396768402154,0.05251346499102334,0.06597845601436265,0.04735188509874327,0.06934470377019748,0.044658886894075406,0.03770197486535009,0.06463195691202872,0.0486983842010772,0.03882405745062836,0.05004488330341113,0.03792639138240574,0.039946140035906644,0.059919210053859966,0.05453321364452424,0.043761220825852785,0.03254039497307002,0.05049371633752244,0.036355475763016155,0.048922800718132854,0.04735188509874327,0.037477558348294436,0.0466786355475763,0.039946140035906644,0.0361310592459605,0.06418312387791741,0.04488330341113106,0.03702872531418312,0.028052064631956912,0.048025134649910234,0.059919210053859966,0.046454219030520646,0.04196588868940754,0.04510771992818671,0.03231597845601436,0.04308797127468582,0.038375224416517056,0.0361310592459605,0.04735188509874327,0.042639138240574505,0.04937163375224417,0.09380610412926392,0.04533213644524237
nh0052,1.0,0.6449657353716395,0.5303110173958883,0.45677385345282023,0.37664733790195043,0.3555614127569847,0.3484449130205588,0.2764891934633632,0.2878228782287823,0.30021085925144964,0.35687928307854505,0.3297311544544017,0.33816552451238796,0.3260411175540327,0.20848708487084872,0.29230363732208753,0.2554032683183975,0.3294675803900896,0.28993147074327885,0.29362150764364786,0.28518713758566155,0.22746441750131788,0.21903004744333157,0.24855034264628362,0.24723247232472326,0.19109119662625199,0.17185028993147075,0.18002108592514496,0.20216130732735899,0.19715340010542962,0.20532419609910385,0.158144438587243,0.20084343700579863,0.21797575118608328,0.20558777016341592,0.16710595677385345,0.13863995782814972,0.16315234580917237,0.12625197680548234,0.15445440168687402,0.11149182920400633,0.12967843964153927,0.161834475487612,0.15788086452293093,0.11043753294675804,0.15946230890880336,0.2177121771217712,0.19873484449130205,0.15682656826568267,0.1033210332103321,0.15102793885081708,0.17264101212440697,0.14206642066420663,0.13494992092778071,0.15577227200843438,0.13389562467053243,0.09198734844491302,0.1816025303110174,0.12071692145492884,0.16789667896678967,0.16157090142329994,0.17105956773853453,0.15445440168687402,0.12704269899841855,0.14786505007907222,0.11386399578281498,0.11808118081180811,0.19346336320506063,0.13811280969952558,0.13257775434897207,0.09857670005271481,0.09383236689509752,0.09936742224565102,0.11544544016868741,0.15867158671586715,0.11280969952556669,0.12361623616236163,0.1238798102266737,0.14918292040063258,0.13574064312071693,0.15524512387981024,0.13336847654190828,0.11887190300474433,0.1441750131787032,0.12493410648392199,0.14549288350026357,0.14575645756457564,0.10226673695308382,0.11623616236162361,0.08487084870848709,0.16631523458091724,0.13363205060622035,0.06457564575645756,0.14074855034264627,0.12308908803373748,0.0940959409594096,0.08829731154454401,0.11887190300474433,0.14391143911439114,0.09435951502372167,0.12124406958355298,0.10938323668950975,0.1378492356352135,0.10463890353189247,0.1404849762783342,0.10173958882445967,0.11860832894043226,0.10358460727464418,0.16209804955192408,0.09515023721665788,0.08803373748023194,0.12783342119135477,0.12546125461254612,0.08302583025830258,0.09725882973115445,0.1014760147601476,0.0782814971006853,0.17185028993147075,0.07248286768581971,0.09040590405904059,0.0940959409594096,0.08513442277279916,0.10490247759620454,0.09804955192409066,0.1265155508697944,0.049288350026357404,0.05429625724828677,0.0959409594095941,0.08249868212967844,0.11597258829731154,0.11544544016868741,0.1014760147601476,0.08118081180811808,0.08065366367949393,0.08065366367949393,0.08829731154454401,0.0996309963099631,0.06088560885608856,0.08777016341591988,0.08961518186610437,0.08618871903004745,0.07801792303637323,0.051924090669478125,0.12177121771217712,0.08539799683711123,0.09356879283078545,0.0764364786505008,0.05245123879810227,0.09936742224565102,0.07749077490774908,0.10648392198207696,0.11149182920400633,0.09172377438060095,0.10094886663152346,0.07221929362150764,0.054032683183974695,0.08987875593041644,0.09673168160253032,0.0911966262519768,0.12124406958355298,0.0893516078017923,0.06852925672113865,0.08645229309435952,0.09646810753821825,0.06536636794939378,0.07696362677912494,0.09778597785977859,0.09093305218766473,0.15629942013705853,0.11755403268318397,0.04217185028993147,0.08328940432261465,0.1117554032683184,0.05851344227727991,0.1099103848181339,0.09541381128096996,0.1088560885608856,0.05719557195571956,0.07485503426462836,0.059831312598840274,0.051924090669478125,0.06826568265682657,0.1014760147601476,0.0632577754348972,0.080917237743806,0.11280969952556669,0.07380073800738007,0.11992619926199262,0.10121244069583553,0.1088560885608856,0.0716921454928835,0.07959936742224565,0.11544544016868741,0.054032683183974695,0.06879283078545072,0.06879283078545072,0.0595677385345282,0.07406431207169215,0.05139694254085398,0.09040590405904059,0.08829731154454401,0.08223510806536637,0.05798629414865577,0.06431207169214549,0.07590933052187665,0.0838165524512388,0.05640484976278334,0.09778597785977859,0.056668423827095415,0.09778597785977859,0.0856615709014233,0.06352134949920928,0.08223510806536637,0.06404849762783342,0.08724301528729574,0.08249868212967844,0.06747496046389036,0.06984712704269899,0.07485503426462836,0.03110173958882446,0.09146020031628888,0.04401686874011597,0.08408012651555087,0.05640484976278334,0.05640484976278334,0.07195571955719557,0.07327358987875593,0.07301001581444386,0.06220347917764892,0.05824986821296784,0.04876120189773326,0.04823405376910912,0.08065366367949393,0.05455983131259884,0.056668423827095415,0.054032683183974695,0.06431207169214549,0.06378492356352135,0.043753294675803904,0.04797047970479705,0.049551924090669476,0.06905640484976279,0.05429625724828677,0.07301001581444386,0.04348972061149183,0.05508697944122298,0.05640484976278334,0.044807590933052185,0.10727464417501317,0.03979968371112282,0.11412756984712705,0.057722720084343704,0.06642066420664207,0.040063257775434895,0.047179757511860834,0.046125461254612546,0.07011070110701106,0.04876120189773326,0.07485503426462836,0.04401686874011597,0.07090142329994728,0.06562994201370585,0.05561412756984713,0.07327358987875593,0.05350553505535055,0.03083816552451239,0.0455983131259884,0.05561412756984713,0.04032683183974697,0.04348972061149183,0.05614127569847127,0.04322614654717976,0.05719557195571956,0.06773853452820243,0.0521876647337902,0.04638903531892462,0.05271481286241434,0.0558777016341592,0.05614127569847127,0.05350553505535055,0.07037427517132314,0.05455983131259884,0.059831312598840274,0.05640484976278334,0.04428044280442804,0.05640484976278334,0.0790722192936215,0.04428044280442804,0.08039008961518186,0.033210332103321034,0.040063257775434895,0.0419082762256194,0.05113336847654191,0.03953610964681075,0.08829731154454401,0.04164470216130733,0.037954665260938325,0.050869794412229836,0.05904059040590406,0.015023721665788086
nh0053,1.0,0.475736568457539,0.3921143847487002,0.2634315424610052,0.26559792027729634,0.3373050259965338,0.33665511265164644,0.3648180242634315,0.2571490467937608,0.2365684575389948,0.14688041594454074,0.27751299826689774,0.20992201039861352,0.1477469670710572,0.27079722703639514,0.14059792027729637,0.16832755632582322,0.2019064124783362,0.19930675909878684,0.14189774696707105,0.19064124783362218,0.18219237435008664,0.1839254766031196,0.197790294627383,0.13908145580589254,0.2123050259965338,0.1975736568457539,0.16356152512998268,0.14449740034662045,0.18024263431542462,0.1291161178509532,0.21685441941074524,0.13388214904679377,0.12954939341421143,0.1237001733102253,0.115684575389948,0.10918544194107452,0.10658578856152513,0.07365684575389948,0.1293327556325823,0.1009532062391681,0.15922876949740034,0.1301993067590988,0.09640381282495668,0.1291161178509532,0.11785095320623917,0.10333622183708839,0.11893414211438474,0.059358752166377815,0.07647313691507798,0.18219237435008664,0.0886048526863085,0.08752166377816291,0.11633448873483536,0.09532062391681109,0.08968804159445408,0.19562391681109184,0.06694107452339688,0.07192374350086655,0.09662045060658579,0.06824090121317157,0.08253899480069324,0.06564124783362218,0.06737435008665511,0.10918544194107452,0.09467071057192375,0.07062391681109186,0.05285961871750433,0.08448873483535528,0.06022530329289428,0.10420277296360485,0.05199306759098787,0.06369150779896014,0.08145580589254767,0.0751733102253033,0.07690641247833623,0.06260831889081456,0.15164644714038128,0.08210571923743501,0.045710571923743504,0.06477469670710571,0.04744367417677643,0.048093587521663775,0.07538994800693241,0.10181975736568458,0.048743500866551125,0.08925476603119584,0.08232235701906412,0.0725736568457539,0.04592720970537262,0.06780762564991334,0.03487868284228769,0.07907279029462738,0.14818024263431542,0.06889081455805893,0.07885615251299827,0.09033795493934142,0.06759098786828423,0.0792894280762565,0.04917677642980936,0.06174176776429809,0.07885615251299827,0.06412478336221837,0.0831889081455806,0.0402946273830156,0.09142114384748701,0.12153379549393414,0.08037261698440208,0.06737435008665511,0.06195840554592721,0.06932409012131716,0.09445407279029462,0.11351819757365685,0.06932409012131716,0.0632582322357019,0.0511265164644714,0.036395147313691506,0.06997400346620451,0.05480935875216638,0.04679376083188908,0.0738734835355286,0.047660311958405546,0.05090987868284229,0.07409012131715771,0.048743500866551125,0.12326689774696707,0.07668977469670711,0.06022530329289428,0.06304159445407279,0.047660311958405546,0.043110918544194105,0.0524263431542461,0.0738734835355286,0.043327556325823226,0.0805892547660312,0.14428076256499134,0.07842287694974004,0.05827556325823224,0.04636048526863085,0.05957538994800693,0.05979202772963605,0.042027729636048526,0.11265164644714037,0.07668977469670711,0.053942807625649916,0.03162911611785095,0.0632582322357019,0.07993934142114385,0.030329289428076257,0.06867417677642981,0.024263431542461005,0.0873050259965338,0.05524263431542461,0.05199306759098787,0.048960138648180246,0.03964471403812825,0.060008665511265165,0.06390814558058926,0.05177642980935875,0.03292894280762565,0.06932409012131716,0.04397746967071057,0.03249566724436742,0.03466204506065858,0.04636048526863085,0.05849220103986135,0.033145580589254764,0.0899046793760832,0.02079722703639515,0.026646447140381283,0.05285961871750433,0.054376083188908145,0.04224436741767764,0.06022530329289428,0.03466204506065858,0.048960138648180246,0.038128249566724434,0.042027729636048526,0.06607452339688041,0.054376083188908145,0.05719237435008666,0.048743500866551125,0.043760831889081454,0.04679376083188908,0.049393414211438474,0.01624783362218371,0.0511265164644714,0.08947140381282495,0.027512998266897747,0.033795493934142114,0.03747833622183709,0.05480935875216638,0.037045060658578856,0.05957538994800693,0.03726169844020797,0.024696707105719237,0.05459272097053726,0.048960138648180246,0.060658578856152515,0.048743500866551125,0.04527729636048527,0.027512998266897747,0.03249566724436742,0.033795493934142114,0.03986135181975736,0.04289428076256499,0.043110918544194105,0.023830155979202773,0.026646447140381283,0.05762564991334489,0.04246100519930676,0.032712305025996535,0.03119584055459272,0.03292894280762565,0.03076256499133449,0.0415944540727903,0.04072790294627383,0.04289428076256499,0.033145580589254764,0.05285961871750433,0.03661178509532063,0.06412478336221837,0.0201473136915078,0.042677642980935876,0.0255632582322357,0.04982668977469671,0.03401213171577123,0.038344887348353555,0.038128249566724434,0.044410745233968804,0.03119584055459272,0.059358752166377815,0.04657712305025997,0.05480935875216638,0.030979202772963604,0.03401213171577123,0.04094454072790295,0.033578856152513,0.06412478336221837,0.02837954939341421,0.03747833622183709,0.030979202772963604,0.0402946273830156,0.017114384748700175,0.06477469670710571,0.03964471403812825,0.035745233968804156,0.055025996533795495,0.010398613518197574,0.029246100519930675,0.03617850953206239,0.03596187175043328,0.03856152512998267,0.024480069324090123,0.031412478336221836,0.03986135181975736,0.03726169844020797,0.035745233968804156,0.024263431542461005,0.037045060658578856,0.02058058925476603,0.035745233968804156,0.03682842287694974,0.027512998266897747,0.03509532062391681,0.026429809358752165,0.037694974003466206,0.03552859618717504,0.04982668977469671,0.017114384748700175,0.03466204506065858,0.05697573656845754,0.025996533795493933,0.0402946273830156,0.041377816291161176,0.04181109185441941,0.021880415944540727,0.0255632582322357,0.05740901213171577,0.01624783362218371,0.02274696707105719,0.021447140381282495,0.029679376083188908,0.03856152512998267,0.044410745233968804,0.033795493934142114,0.029679376083188908,0.0389948006932409,0.01776429809358752,0.019714038128249567,0.030329289428076257,0.05350953206239168,0.024046793760831887,0.03119584055459272,0.01624783362218371,0.04181109185441941,0.03292894280762565,0.041377816291161176,0.023613518197573655,0.08210571923743501
nh0054,1.0,0.44920653307077496,0.407737750492297,0.2437159735897139,0.23885092088497625,0.2840264102861114,0.27279045522993167,0.25344607899918914,0.36499478744353064,0.23248001853353412,0.15440750608131587,0.22981582300474923,0.1854511757210703,0.19633962701262597,0.2080389204216379,0.14386655855438435,0.1592725587860535,0.19251708560176067,0.20525889030464498,0.15162747596432294,0.1824394764276613,0.21661067994903277,0.1505849646704506,0.21533649947874436,0.1193096258542801,0.1640217769025831,0.17664774701725935,0.17363604772385033,0.1416657013784316,0.1454882427892969,0.14282404726051198,0.19691879995366615,0.1262597011467624,0.16263176184408665,0.12811305455809105,0.10054442256457778,0.11583458820803892,0.1329781072628287,0.09811189621220896,0.16008340090350978,0.09498436233059192,0.09289933974284721,0.11537124985520676,0.07448164021776903,0.1431715510251361,0.13761149079115023,0.09869106915324916,0.11282288891462991,0.06255067763234101,0.09718521950654466,0.12556469361751418,0.06880574539557512,0.15336499478744353,0.10969535503301285,0.09035097880227036,0.09533186609521603,0.1765319124290513,0.04563882775396733,0.13031391173404377,0.10066025715278583,0.0717016101007761,0.08942430209660604,0.05571643692806672,0.06683655739603846,0.11849878373682382,0.09857523456504112,0.06475153480829375,0.054210587281362216,0.08583342986215683,0.05282057222286575,0.11120120467971736,0.04598633151859145,0.05293640681107379,0.08815012162631762,0.058264797868643574,0.07737750492297,0.11293872350283794,0.12776555079346694,0.09301517433105526,0.06799490327811884,0.061971504691300826,0.06405652727904552,0.06475153480829375,0.09232016680180702,0.0732074597474806,0.05930730916251593,0.08432758021545234,0.06382485810262944,0.07482914398239314,0.08815012162631762,0.06370902351442141,0.0428587976369744,0.08166338468666744,0.06834240704274297,0.06729989574887062,0.08038920421637902,0.08340090350978802,0.06984825668944747,0.08108421174562724,0.043437970578014594,0.10842117456272443,0.11826711456040774,0.051314722576161244,0.08201088845129155,0.04031043669639754,0.08954013668481409,0.08386424186262018,0.08015753503996294,0.06289818139696514,0.04957720375304066,0.08398007645082822,0.09278350515463918,0.09428935480134368,0.0690374145719912,0.05965481292714005,0.04563882775396733,0.08038920421637902,0.05699061739835515,0.04783968492992007,0.06382485810262944,0.07552415151164138,0.03787791034402873,0.04459631646009499,0.05258890304644967,0.0580331286922275,0.07228078304181629,0.09984941503532956,0.07065909880690374,0.07042742963048766,0.05768562492760338,0.05258890304644967,0.05015637669408085,0.04448048187188695,0.054094752693154176,0.09289933974284721,0.033476195992123245,0.058959805397891814,0.12869222749913123,0.07100660257152785,0.05050388045870497,0.03834124869686088,0.051430557164369284,0.04251129387235028,0.07552415151164138,0.04749218116529596,0.04841885787096027,0.06336151974979728,0.06289818139696514,0.031622842580794626,0.05258890304644967,0.03486621105061972,0.049113865400208505,0.039036256226109116,0.0553689331634426,0.03741457199119657,0.06266651222054906,0.07610332445268157,0.03729873740298853,0.04934553457662458,0.025367774817560522,0.04471215104830302,0.043669639754430674,0.03463454187420364,0.021892737171319357,0.056063940692690835,0.06116066257384455,0.03509788022703579,0.05050388045870497,0.03115950422796247,0.012162631761844086,0.05189389551720144,0.025367774817560522,0.03799374493223676,0.04424881269547087,0.038920421637901076,0.039383759990733236,0.03671956446194834,0.04227962469593421,0.025251940229352485,0.03822541410865284,0.058380632456851614,0.03787791034402873,0.04088960963743774,0.04841885787096027,0.03254951928645894,0.008108421174562725,0.03787791034402873,0.03949959457894127,0.039383759990733236,0.054210587281362216,0.03231785011004286,0.0580331286922275,0.025136105641144445,0.0381095795204448,0.046449669871423606,0.036256226109116184,0.03857291787327696,0.04181628634310205,0.041352947990269895,0.05675894822193907,0.04540715857755126,0.018649368701494265,0.0345187072859956,0.031507007992586586,0.031391173404378546,0.03695123363836442,0.05305224139928182,0.01598517317270937,0.025483609405768562,0.03556121857986795,0.029421985404841887,0.03498204563882775,0.025251940229352485,0.031507007992586586,0.04540715857755126,0.025020271052936405,0.0324336846982509,0.04737634657708792,0.03463454187420364,0.036256226109116184,0.05154639175257732,0.05502142939881849,0.024209428935480136,0.058380632456851614,0.03208618093362678,0.058496467045059654,0.034055368933163445,0.04610216610679949,0.036372060697324224,0.02490443646472837,0.04482798563651106,0.02988532375767404,0.03000115834588208,0.048650527047376345,0.033592030580331285,0.041352947990269895,0.04946136916483262,0.04251129387235028,0.0690374145719912,0.035908722344492064,0.02907448164021777,0.03312869222749913,0.048882196223792425,0.021892737171319357,0.043322135989806554,0.0366037298737403,0.043437970578014594,0.039383759990733236,0.0041700451754894015,0.024093594347272096,0.03706706822657246,0.038804587049693036,0.03822541410865284,0.03521371481524383,0.034171203521371485,0.05339974516390594,0.03011699293409012,0.04309046681339048,0.022124406347735433,0.06046565504459632,0.026178616935016795,0.04042627128460558,0.031391173404378546,0.017838526584037995,0.03208618093362678,0.05710645198656319,0.028147804934553457,0.038920421637901076,0.04830302328275223,0.03220201552183482,0.022935248465191706,0.04042627128460558,0.020039383759990734,0.04772385034171203,0.06370902351442141,0.026989459052473068,0.033592030580331285,0.026989459052473068,0.038804587049693036,0.018881037877910345,0.027452797405305224,0.02015521834819877,0.021661067994903277,0.03845708328506892,0.023398586818023863,0.01830186493687015,0.01633267693733349,0.043553805166222634,0.024209428935480136,0.027568631993513264,0.02247191011235955,0.05780145951581142,0.028263639522761497,0.028031970346345417,0.028726977875593654,0.04726051198887988,0.0381095795204448,0.03857291787327696,0.017954361172246032,0.036372060697324224
nh0055,1.0,0.4379460745440127,0.369746233148295,0.25793021411578115,0.3719270420301348,0.3435765265662173,0.2955987311657415,0.2720063441712926,0.37490087232355274,0.23116574147501984,0.17783505154639176,0.24762093576526567,0.1998413957176844,0.20023790642347344,0.23017446471054717,0.14948453608247422,0.16534496431403647,0.21728786677240286,0.19607454401268834,0.15166534496431403,0.19389373513084854,0.21768437747819191,0.14175257731958762,0.23493259318001586,0.13183980967486122,0.1647501982553529,0.16752577319587628,0.15602696272799366,0.18893735130848532,0.14214908802537668,0.1308485329103886,0.22006344171292624,0.11796193497224425,0.18061062648691514,0.10309278350515463,0.10527359238699445,0.11439333862014274,0.1360031720856463,0.08822363203806503,0.140761300555115,0.10646312450436161,0.09615384615384616,0.13897700237906424,0.08128469468675655,0.13778747026169708,0.1401665344964314,0.07791435368754956,0.09674861221252974,0.09674861221252974,0.08822363203806503,0.14631245043616178,0.12708168120539254,0.1401665344964314,0.10785091197462332,0.11677240285487708,0.09694686756542427,0.20598731165741474,0.03390166534496431,0.1252973830293418,0.08366375892149087,0.1070578905630452,0.08842188739095956,0.07751784298176051,0.09496431403647898,0.10547184773988898,0.10388580491673276,0.055709754163362414,0.12906423473433784,0.09278350515463918,0.061855670103092786,0.09595559080095163,0.06046788263283109,0.0753370340999207,0.09397303727200634,0.05749405233941316,0.07434575733544806,0.12034099920697859,0.14809674861221253,0.08465503568596353,0.10031720856463125,0.058485329103885805,0.07295796986518636,0.05967486122125298,0.07632831086439335,0.07375099127676447,0.045995241871530534,0.09060269627279936,0.055114988104678825,0.10031720856463125,0.126883425852498,0.057295796986518634,0.063441712926249,0.09496431403647898,0.07355273592386995,0.07375099127676447,0.0753370340999207,0.08743061062648691,0.07573354480570975,0.1007137192704203,0.06086439333862014,0.0993259318001586,0.11994448850118954,0.04520222045995242,0.07910388580491673,0.05590800951625694,0.09179222839016653,0.12232355273592387,0.08723235527359238,0.04440919904837431,0.05947660586835844,0.07216494845360824,0.09873116574147502,0.10309278350515463,0.08049167327517844,0.07731958762886598,0.0549167327517843,0.07295796986518636,0.03271213322759715,0.04639175257731959,0.07513877874702617,0.07355273592386995,0.04440919904837431,0.039849325931800156,0.055709754163362414,0.049563838223632035,0.08187946074544013,0.09496431403647898,0.06205392545598731,0.06701030927835051,0.0499603489294211,0.04401268834258525,0.043219666931007136,0.03588421887390959,0.07692307692307693,0.09813639968279143,0.04916732751784298,0.06859635210150675,0.14888977002379064,0.07335448057097542,0.04480570975416336,0.046788263283108644,0.05947660586835844,0.05253766851704996,0.0689928628072958,0.043417922283901664,0.04520222045995242,0.07275971451229184,0.06245043616177637,0.028548770816812053,0.04500396510705789,0.06245043616177637,0.03766851704996035,0.047581284694686754,0.055114988104678825,0.03409992069785884,0.07692307692307693,0.09000793021411578,0.043417922283901664,0.04619349722442506,0.028548770816812053,0.04896907216494845,0.048770816812053926,0.04976209357652656,0.028152260111022998,0.05452022204599524,0.07831086439333862,0.028548770816812053,0.05590800951625694,0.02696272799365583,0.023394131641554322,0.06086439333862014,0.04916732751784298,0.044607454401268835,0.03687549563838224,0.052339413164155434,0.039056304520222046,0.040444091990483745,0.0422283901665345,0.03509119746233148,0.03865979381443299,0.06641554321966693,0.04143536875495638,0.03350515463917526,0.05055511498810468,0.03112609040444092,0.01823949246629659,0.04619349722442506,0.054321966693100715,0.04103885804916733,0.043219666931007136,0.03330689928628073,0.07950039651070578,0.03251387787470262,0.037073750991276765,0.04639175257731959,0.01942902458366376,0.03885804916732752,0.04163362410785091,0.035685963521015066,0.05412371134020619,0.03211736716891356,0.022799365582870736,0.04421094369547978,0.03271213322759715,0.030531324345757335,0.04896907216494845,0.05670103092783505,0.017644726407613005,0.02458366375892149,0.045796986518636,0.02240285487708168,0.04004758128469469,0.022204599524187154,0.02557494052339413,0.06284694686756542,0.044607454401268835,0.027359238699444885,0.04976209357652656,0.03132434575733545,0.04302141157811261,0.04004758128469469,0.05789056304520222,0.022799365582870736,0.04837430610626487,0.028152260111022998,0.05967486122125298,0.04361617763679619,0.043417922283901664,0.04401268834258525,0.011697065820777161,0.04520222045995242,0.03469468675654243,0.02914353687549564,0.06284694686756542,0.029936558287073752,0.04817605075337034,0.05134813639968279,0.04103885804916733,0.07870737509912767,0.035685963521015066,0.0317208564631245,0.02577319587628866,0.04559873116574147,0.028152260111022998,0.03409992069785884,0.024781919111816018,0.03965107057890563,0.04817605075337034,0.012291831879460745,0.019627279936558287,0.021808088818398096,0.03766851704996035,0.03965107057890563,0.0344964314036479,0.03885804916732752,0.05551149881046788,0.026169706582077717,0.031522601110229975,0.021808088818398096,0.056502775574940524,0.024187153053132435,0.029341792228390166,0.02458366375892149,0.017842981760507533,0.01804123711340206,0.05313243457573354,0.03766851704996035,0.04163362410785091,0.0626486915146709,0.03390166534496431,0.02656621728786677,0.05253766851704996,0.01704996034892942,0.045995241871530534,0.06978588421887391,0.033703409992069784,0.02458366375892149,0.023790642347343377,0.03271213322759715,0.02141157811260904,0.024187153053132435,0.027359238699444885,0.01843774781919112,0.03885804916732752,0.024781919111816018,0.019627279936558287,0.01605868358445678,0.050951625693893735,0.021015067406819986,0.03965107057890563,0.03013481363996828,0.06403647898493259,0.029540047581284694,0.026367961934972244,0.027557494052339412,0.045995241871530534,0.056304520222045996,0.040444091990483745,0.012490087232355274,0.04659000793021412
nh0056,1.0,0.40187481100695494,0.3554581191412156,0.27063804052010887,0.30329603870577565,0.3093438161475658,0.27970970668279405,0.2532506803749622,0.34714242515875415,0.2583912912004838,0.1513456304807983,0.22921076504384638,0.19307529482915028,0.1728152403991533,0.20396129422437254,0.1552766858179619,0.14832174175990323,0.21802237677653463,0.18823707287571817,0.14136679770184457,0.203054127608104,0.20456607196855156,0.1439371031146054,0.21469609918355004,0.1315391593589356,0.16087087995161778,0.16238282431206533,0.14272754762624734,0.17160568491079528,0.14847293619594798,0.12095554883580284,0.22633807075899606,0.10855760508013305,0.14363471424251587,0.12156032657998185,0.10659207741155126,0.1191412156032658,0.14363471424251587,0.08436649531297248,0.14469307529482914,0.106138494103417,0.08557605080133052,0.10931357726035681,0.08542485636528575,0.15603265799818566,0.13395827033565164,0.08224977320834594,0.09419413365588146,0.09525249470819473,0.09011188388267312,0.14121560326579982,0.07605080133051104,0.1406108255216208,0.11974599334744482,0.10780163289990928,0.09736921681282129,0.19745993347444815,0.045811914121560326,0.14015724221348655,0.08240096764439069,0.09646205019655277,0.09888116117326883,0.05926821892954339,0.07287571817357122,0.10825521620804354,0.08844874508618082,0.0595706078016329,0.07015421832476565,0.08436649531297248,0.051557302691260964,0.07756274569095857,0.05095252494708195,0.05639552464469307,0.09449652252797097,0.057302691260961595,0.06592077411551255,0.09888116117326883,0.13199274266706984,0.07242213486543696,0.0765043846386453,0.055185969156335044,0.05941941336558815,0.05488358028424554,0.09404293921983671,0.07862110674327184,0.04505594194133656,0.08859993952222558,0.05579074690051406,0.09706682794073178,0.11657091019050499,0.05322044148775325,0.05412760810402177,0.0914726338070759,0.06622316298760206,0.08285455095252495,0.09237980042334443,0.08754157846991231,0.07892349561536136,0.07484124584215301,0.05185969156335047,0.11037193831267009,0.10734804959177502,0.05412760810402177,0.0830057453885697,0.049289386150589656,0.08693680072573329,0.10674327184759601,0.09101905049894164,0.05201088599939522,0.054429996976111276,0.08255216208043543,0.10205624433020864,0.08739038403386755,0.06486241306319927,0.06047777441790142,0.05473238584820079,0.08406410644088297,0.04112488660417297,0.040217719987904445,0.07151496824916843,0.08482007862110674,0.039008164499546416,0.03779860901118839,0.043090414272754764,0.04611430299364983,0.062292107650438466,0.07786513456304808,0.07574841245842152,0.0703054127608104,0.040217719987904445,0.04399758088902329,0.044753553069247054,0.04792863622618688,0.053825219231932266,0.10084668884185062,0.04838221953432114,0.060628968853946176,0.13879649228908375,0.06637435742364681,0.04097369216812821,0.0403689144239492,0.04293921983671001,0.051557302691260964,0.062443302086483216,0.05065013607499244,0.0468702751738736,0.058361052313274875,0.0576050801330511,0.027366192924100394,0.04913819171454491,0.027214998488055638,0.04747505291805262,0.04218324765648624,0.03537949803447233,0.031750831569398244,0.05987299667372241,0.07967946779558513,0.04157846991230723,0.04641669186573934,0.03144844269730874,0.0426368309646205,0.050498941638947685,0.0511037193831267,0.025400665255518595,0.043695192016933775,0.06864227396431812,0.027819776232234653,0.04052010885999395,0.027819776232234653,0.01527063804052011,0.05140610825521621,0.02978530390081645,0.03280919262171152,0.045811914121560326,0.04445116419715754,0.03704263683096462,0.03129724826126398,0.048835802842455395,0.030994859389174477,0.04082249773208346,0.07892349561536136,0.03628666465074085,0.0403689144239492,0.050347747202902936,0.03069247051708497,0.009222860598729966,0.04807983066223163,0.043695192016933775,0.04142727547626247,0.0449047475052918,0.031599637133353495,0.06214091321439371,0.02630783187178712,0.03265799818566677,0.04550952524947082,0.02797097066827941,0.03265799818566677,0.03915935893559117,0.031146053825219233,0.04550952524947082,0.03265799818566677,0.01995766555790747,0.035530692470517086,0.032053220441487756,0.02812216510432416,0.045358330813426065,0.05095252494708195,0.029634109464771696,0.02252797097066828,0.04097369216812821,0.022830359842757785,0.037345025703054126,0.035077109162382825,0.03749622013909888,0.05881463562140913,0.038403386755367405,0.03144844269730874,0.04671908073782885,0.033413970365890534,0.04611430299364983,0.04596310855760508,0.05473238584820079,0.024644693075294828,0.055488358028424556,0.02812216510432416,0.06047777441790142,0.025249470819473843,0.039008164499546416,0.03810099788327789,0.021771998790444513,0.045811914121560326,0.022376776534623527,0.030390081644995463,0.04384638645297853,0.03432113698215906,0.04324160870879951,0.04429996976111279,0.03870577562745691,0.06168732990625945,0.041880858784396735,0.03462352585424856,0.02645902630783187,0.040671303296038706,0.028273359540368914,0.031146053825219233,0.03356516480193529,0.04399758088902329,0.04777744179014212,0.0031750831569398244,0.038403386755367405,0.026610220743876624,0.03492591472633807,0.03250680374962201,0.02887813728454793,0.0341699425461143,0.03296038705775627,0.022376776534623527,0.03764741457514364,0.022679165406713032,0.05140610825521621,0.0211672210462655,0.031902026005443,0.0234351375869368,0.012397943755669792,0.025703054127608104,0.05201088599939522,0.039612942243725434,0.04293921983671001,0.055185969156335044,0.035077109162382825,0.027819776232234653,0.04974296945872392,0.02419110976716057,0.04777744179014212,0.06879346840036286,0.03583308134260659,0.02222558209857877,0.020713637738131237,0.03764741457514364,0.025854248563652857,0.022830359842757785,0.021923193226489265,0.01995766555790747,0.04293921983671001,0.02933172059268219,0.015119443604475355,0.014968249168430602,0.04097369216812821,0.02041124886604173,0.02419110976716057,0.026610220743876624,0.07393407922588449,0.0234351375869368,0.03023888720895071,0.0276685817961899,0.045358330813426065,0.03779860901118839,0.036891442394919864,0.020108859993952222,0.025400665255518595
nh0057,1.0,0.6879718168092602,0.5530951182687468,0.3719174635128334,0.3794665324609965,0.38500251635631605,0.18218419728233518,0.3392048314041268,0.24308002013085053,0.38147961751383996,0.30598892803220934,0.2506290890790136,0.2637141419224962,0.2279818822345244,0.2747861097131354,0.20030196275792653,0.2677403120281832,0.20835430296930046,0.20332159033719174,0.21640664318067437,0.3155510820332159,0.2682435832913941,0.24811273276295923,0.22043281328636136,0.20634121791645696,0.1972823351786613,0.233517866129844,0.1746351283341721,0.1560140915953699,0.1922496225465526,0.16406643180674382,0.10719677906391545,0.13789632611977856,0.20130850528434827,0.14242576748867639,0.16054353296426774,0.16708605938600907,0.1474584801207851,0.1746351283341721,0.15198792148968293,0.13990941117262204,0.18671363865123303,0.13789632611977856,0.13135379969803723,0.14192249622546552,0.08605938600905888,0.10770005032712632,0.16758933064921994,0.16406643180674382,0.0976346250629089,0.08706592853548062,0.14695520885757424,0.10619023653749371,0.14645193759436337,0.0498238550578762,0.11424257674886763,0.03975842979365878,0.12833417211877202,0.1746351283341721,0.10971313537996981,0.12833417211877202,0.19677906391545041,0.14997483643683945,0.15047810770005032,0.10971313537996981,0.12732762959235028,0.08958228485153498,0.09562154001006543,0.13085052843482636,0.08102667337695017,0.10820332159033719,0.11575239053850025,0.11424257674886763,0.11927528938097634,0.10719677906391545,0.11122294916960242,0.11373930548565676,0.051333668847508805,0.101157523905385,0.10065425264217413,0.11021640664318068,0.1268243583291394,0.09914443885254152,0.08152994464016104,0.1132360342224459,0.10619023653749371,0.15551082033215904,0.11726220432813286,0.046804227478610974,0.10719677906391545,0.09360845495722195,0.10870659285354806,0.11172622043281329,0.13990941117262204,0.11625566180171112,0.0926019124308002,0.046804227478610974,0.11021640664318068,0.1268243583291394,0.0961248112732763,0.08706592853548062,0.08706592853548062,0.116758933064922,0.11373930548565676,0.11071967790639155,0.1217916456970307,0.0840463009562154,0.1217916456970307,0.10015098137896326,0.0926019124308002,0.09914443885254152,0.13135379969803723,0.08857574232511324,0.09008555611474585,0.0976346250629089,0.08958228485153498,0.12028183190739809,0.0770005032712632,0.08505284348263714,0.0926019124308002,0.12279818822345244,0.07045797684952189,0.07750377453447409,0.0805234021137393,0.09813789632611977,0.10669350780070458,0.08958228485153498,0.058379466532461,0.07599396074484147,0.08958228485153498,0.10820332159033719,0.1132360342224459,0.07800704579768496,0.08354302969300453,0.06995470558631102,0.09562154001006543,0.06391545042778057,0.07045797684952189,0.07851031706089583,0.11021640664318068,0.0790135883241067,0.08303975842979366,0.0634121791645697,0.09713135379969803,0.10518369401107197,0.0825364871665828,0.12481127327629592,0.10971313537996981,0.09159536990437846,0.0825364871665828,0.06391545042778057,0.08203321590337191,0.08152994464016104,0.08756919979869149,0.08303975842979366,0.08303975842979366,0.042274786109713136,0.0805234021137393,0.0926019124308002,0.07951685958731756,0.0669350780070458,0.07146451937594363,0.08907901358832411,0.05284348263714142,0.07951685958731756,0.06441872169099144,0.07498741821841973,0.0790135883241067,0.08656265727226975,0.06542526421741318,0.06844489179667841,0.06139909411172622,0.08505284348263714,0.05234021137393055,0.04831404126824358,0.08857574232511324,0.06039255158530448,0.0377453447408153,0.07045797684952189,0.0961248112732763,0.05385002516356316,0.07951685958731756,0.09058882737795672,0.0790135883241067,0.06945143432310015,0.058379466532461,0.03170608958228485,0.0634121791645697,0.043281328636134875,0.07448414695520886,0.059386009058882736,0.03170608958228485,0.08857574232511324,0.0412682435832914,0.04479114242576749,0.054856567689984904,0.04831404126824358,0.06492199295420231,0.05636638147961751,0.059386009058882736,0.04881731253145445,0.054856567689984904,0.06492199295420231,0.05234021137393055,0.042778057372924005,0.09058882737795672,0.05737292400603926,0.07096124811273276,0.06089582284851535,0.05586311021640664,0.021137393054856568,0.08203321590337191,0.0291897332662305,0.059386009058882736,0.05636638147961751,0.0754906894816306,0.043784599899345744,0.0840463009562154,0.058882737795671866,0.0926019124308002,0.051333668847508805,0.05234021137393055,0.06290890790135883,0.05988928032209361,0.04932058379466533,0.05988928032209361,0.07045797684952189,0.05988928032209361,0.09008555611474585,0.055359838953195774,0.05334675390035229,0.042274786109713136,0.05234021137393055,0.04177151484650227,0.04831404126824358,0.058379466532461,0.07448414695520886,0.058379466532461,0.07448414695520886,0.058882737795671866,0.04831404126824358,0.04831404126824358,0.05234021137393055,0.03925515853044791,0.06089582284851535,0.06643180674383492,0.05988928032209361,0.0634121791645697,0.04579768495218923,0.042274786109713136,0.03069954705586311,0.05737292400603926,0.04579768495218923,0.050830397584297936,0.05787619526925013,0.05385002516356316,0.06089582284851535,0.04781077000503271,0.08454957221942627,0.04026170105686965,0.07146451937594363,0.06290890790135883,0.06039255158530448,0.07951685958731756,0.0412682435832914,0.06492199295420231,0.051836940110719675,0.06190236537493709,0.051333668847508805,0.058882737795671866,0.07498741821841973,0.06492199295420231,0.04026170105686965,0.042274786109713136,0.020130850528434826,0.05334675390035229,0.043784599899345744,0.0412682435832914,0.05284348263714142,0.06290890790135883,0.04026170105686965,0.05435329642677403,0.043281328636134875,0.04932058379466533,0.046804227478610974,0.06542526421741318,0.050327126321087066,0.03824861600402617,0.050327126321087066,0.04076497232008052,0.035228988424760944,0.03220936084549572,0.03824861600402617,0.04730749874182184,0.035732259687971814,0.07297433316557625,0.05435329642677403,0.03170608958228485,0.04177151484650227,0.07498741821841973
nh0058,1.0,0.681360201511335,0.6706549118387909,0.4086901763224181,0.44269521410579343,0.36272040302267,0.5629722921914357,0.5302267002518891,0.31297229219143574,0.3343828715365239,0.3583123425692695,0.3211586901763224,0.31738035264483627,0.23614609571788414,0.37279596977329976,0.2707808564231738,0.37405541561712846,0.20591939546599497,0.23173803526448364,0.2594458438287154,0.25818639798488663,0.2336272040302267,0.23551637279596976,0.24370277078085642,0.25629722921914355,0.27581863979848864,0.16435768261964737,0.20025188916876574,0.20277078085642317,0.20906801007556675,0.2052896725440806,0.1385390428211587,0.2172544080604534,0.15931989924433249,0.18073047858942065,0.2084382871536524,0.15994962216624686,0.15931989924433249,0.17506297229219145,0.17191435768261965,0.1756926952141058,0.11083123425692695,0.16876574307304787,0.16876574307304787,0.1190176322418136,0.1574307304785894,0.11020151133501259,0.11964735516372796,0.17506297229219145,0.1618387909319899,0.14987405541561713,0.11586901763224182,0.11586901763224182,0.11775818639798488,0.11146095717884132,0.1473551637279597,0.10390428211586902,0.12090680100755667,0.11335012594458438,0.13916876574307305,0.14042821158690177,0.15554156171284636,0.17947103274559195,0.1309823677581864,0.13664987405541562,0.10894206549118388,0.095088161209068,0.08123425692695214,0.10768261964735516,0.10327455919395466,0.11397984886649874,0.11460957178841309,0.1253148614609572,0.10768261964735516,0.11397984886649874,0.11397984886649874,0.12846347607052896,0.11020151133501259,0.16750629722921914,0.10201511335012595,0.14546599496221663,0.13727959697732997,0.1530226700251889,0.13350125944584382,0.12468513853904283,0.14231738035264482,0.15050377833753148,0.11775818639798488,0.16750629722921914,0.12405541561712846,0.1353904282115869,0.1442065491183879,0.10831234256926953,0.09886649874055416,0.1026448362720403,0.10075566750629723,0.1574307304785894,0.09886649874055416,0.1265743073047859,0.11964735516372796,0.07808564231738035,0.07745591939546599,0.11964735516372796,0.1190176322418136,0.14609571788413098,0.13664987405541562,0.12216624685138538,0.12468513853904283,0.10831234256926953,0.10957178841309824,0.06108312342569269,0.10768261964735516,0.13350125944584382,0.09256926952141058,0.12720403022670027,0.09319899244332494,0.07178841309823678,0.0743073047858942,0.086272040302267,0.06926952141057935,0.0818639798488665,0.10516372795969774,0.07997481108312343,0.07682619647355164,0.09634760705289673,0.03904282115869018,0.06801007556675064,0.11209068010075567,0.10201511335012595,0.11649874055415617,0.0698992443324937,0.09193954659949623,0.07493702770780857,0.07052896725440806,0.04785894206549118,0.061712846347607056,0.10390428211586902,0.0818639798488665,0.08123425692695214,0.0818639798488665,0.11020151133501259,0.0906801007556675,0.07304785894206549,0.07682619647355164,0.0654911838790932,0.07997481108312343,0.10012594458438287,0.0818639798488665,0.086272040302267,0.06675062972292191,0.036523929471032744,0.07997481108312343,0.0743073047858942,0.08249370277078086,0.05919395465994962,0.05415617128463476,0.09319899244332494,0.08816120906801007,0.05982367758186398,0.09886649874055416,0.10957178841309824,0.055415617128463476,0.08438287153652393,0.08879093198992444,0.06926952141057935,0.09571788413098237,0.04659949622166247,0.08816120906801007,0.04030226700251889,0.07997481108312343,0.04534005037783375,0.052267002518891686,0.09319899244332494,0.11209068010075567,0.06423173803526448,0.07619647355163728,0.07745591939546599,0.06801007556675064,0.0654911838790932,0.09193954659949623,0.044710327455919394,0.057304785894206546,0.10390428211586902,0.06108312342569269,0.0698992443324937,0.07682619647355164,0.05667506297229219,0.07304785894206549,0.04345088161209068,0.08816120906801007,0.04785894206549118,0.13350125944584382,0.060453400503778336,0.06612090680100756,0.07745591939546599,0.039672544080604534,0.08123425692695214,0.04345088161209068,0.06612090680100756,0.08249370277078086,0.04848866498740554,0.07052896725440806,0.09256926952141058,0.08438287153652393,0.06926952141057935,0.07808564231738035,0.06297229219143577,0.05667506297229219,0.05667506297229219,0.08942065491183879,0.005667506297229219,0.06801007556675064,0.061712846347607056,0.03841309823677582,0.06297229219143577,0.07367758186397985,0.04534005037783375,0.0818639798488665,0.05793450881612091,0.0654911838790932,0.07556675062972293,0.07241813602015114,0.05163727959697733,0.05919395465994962,0.05478589420654912,0.05982367758186398,0.0491183879093199,0.05604534005037783,0.055415617128463476,0.02518891687657431,0.05415617128463476,0.04659949622166247,0.061712846347607056,0.04785894206549118,0.031486146095717885,0.06234256926952141,0.05604534005037783,0.07241813602015114,0.07178841309823678,0.04848866498740554,0.05604534005037783,0.05919395465994962,0.04534005037783375,0.04345088161209068,0.039672544080604534,0.0491183879093199,0.11272040302267003,0.044710327455919394,0.06738035264483627,0.05667506297229219,0.037783375314861464,0.061712846347607056,0.06612090680100756,0.04848866498740554,0.04785894206549118,0.03400503778337532,0.06612090680100756,0.05415617128463476,0.0743073047858942,0.06234256926952141,0.05604534005037783,0.11775818639798488,0.044710327455919394,0.061712846347607056,0.05478589420654912,0.030856423173803528,0.05037783375314862,0.06423173803526448,0.07304785894206549,0.057304785894206546,0.07304785894206549,0.07178841309823678,0.0535264483627204,0.03841309823677582,0.05982367758186398,0.052267002518891686,0.041561712846347604,0.034634760705289674,0.05415617128463476,0.05100755667506297,0.037783375314861464,0.05982367758186398,0.031486146095717885,0.055415617128463476,0.042821158690176324,0.0906801007556675,0.06486146095717885,0.04722921914357683,0.060453400503778336,0.052267002518891686,0.031486146095717885,0.052267002518891686,0.0327455919395466,0.07556675062972293,0.04345088161209068,0.03589420654911839,0.03904282115869018,0.04722921914357683,0.03589420654911839,0.01700251889168766
nh0059,1.0,0.7937293729372937,0.6727172717271728,0.4988998899889989,0.5726072607260726,0.6116611661166117,0.4807480748074808,0.4251925192519252,0.3063806380638064,0.29592959295929594,0.3910891089108911,0.4053905390539054,0.3432343234323432,0.30583058305830585,0.34983498349834985,0.3404840484048405,0.2948294829482948,0.1628162816281628,0.2068206820682068,0.25962596259625964,0.36688668866886687,0.2739273927392739,0.31298129812981296,0.3096809680968097,0.3047304730473047,0.21067106710671066,0.29812981298129815,0.21067106710671066,0.31353135313531355,0.2524752475247525,0.16666666666666666,0.2733773377337734,0.21122112211221122,0.15346534653465346,0.17271727172717272,0.23157315731573158,0.20407040704070406,0.19086908690869087,0.20132013201320131,0.18921892189218922,0.18976897689768976,0.19966996699669967,0.19471947194719472,0.11276127612761276,0.16886688668866887,0.10451045104510451,0.10506050605060506,0.14026402640264027,0.3393839383938394,0.2667766776677668,0.10176017601760176,0.15071507150715072,0.15016501650165018,0.18206820682068206,0.0891089108910891,0.13916391639163916,0.22002200220022003,0.12871287128712872,0.11661166116611661,0.12816281628162815,0.1573157315731573,0.25742574257425743,0.15676567656765678,0.15071507150715072,0.12871287128712872,0.1551155115511551,0.1573157315731573,0.10121012101210121,0.12101210121012101,0.16061606160616063,0.08800880088008801,0.13916391639163916,0.16556655665566555,0.1408140814081408,0.12926292629262925,0.10836083608360836,0.13641364136413642,0.06985698569856985,0.10451045104510451,0.12706270627062707,0.13861386138613863,0.19801980198019803,0.22552255225522552,0.09405940594059406,0.10396039603960396,0.08415841584158416,0.13586358635863585,0.19141914191419143,0.18151815181518152,0.18041804180418042,0.08525852585258525,0.19801980198019803,0.12706270627062707,0.11991199119911991,0.11496149614961496,0.12981298129812982,0.1496149614961496,0.12156215621562157,0.12046204620462046,0.13806380638063806,0.11056105610561057,0.12376237623762376,0.1342134213421342,0.10286028602860287,0.21507150715071507,0.14246424642464248,0.10561056105610561,0.14356435643564355,0.12871287128712872,0.13146314631463146,0.1001100110011001,0.15016501650165018,0.07755775577557755,0.1254125412541254,0.17766776677667767,0.0924092409240924,0.10561056105610561,0.05555555555555555,0.11441144114411442,0.07975797579757976,0.09845984598459846,0.11331133113311331,0.10396039603960396,0.1034103410341034,0.11221122112211221,0.1331133113311331,0.08085808580858085,0.09625962596259625,0.0891089108910891,0.0781078107810781,0.11496149614961496,0.08965896589658966,0.09955995599559957,0.12871287128712872,0.0814081408140814,0.09845984598459846,0.08030803080308031,0.0924092409240924,0.08415841584158416,0.11716171617161716,0.11056105610561057,0.1188118811881188,0.06985698569856985,0.057755775577557754,0.18206820682068206,0.0627062706270627,0.1001100110011001,0.12376237623762376,0.07535753575357536,0.09625962596259625,0.05885588558855886,0.10561056105610561,0.07700770077007701,0.09570957095709572,0.11551155115511551,0.0704070407040704,0.06985698569856985,0.0847084708470847,0.06820682068206821,0.1111111111111111,0.09185918591859187,0.10726072607260725,0.07150715071507151,0.09405940594059406,0.10066006600660066,0.06050605060506051,0.06655665566556655,0.07095709570957096,0.043454345434543455,0.04565456545654566,0.07260726072607261,0.0627062706270627,0.11936193619361936,0.09350935093509351,0.06435643564356436,0.09460946094609461,0.08030803080308031,0.0638063806380638,0.07425742574257425,0.10396039603960396,0.04565456545654566,0.06985698569856985,0.08085808580858085,0.07755775577557755,0.06435643564356436,0.024752475247524754,0.032453245324532455,0.0594059405940594,0.045104510451045104,0.0539053905390539,0.058305830583058306,0.12101210121012101,0.039603960396039604,0.041804180418041806,0.0671067106710671,0.058305830583058306,0.07315731573157316,0.05335533553355336,0.13036303630363036,0.04785478547854786,0.06325632563256325,0.07150715071507151,0.07755775577557755,0.09515951595159516,0.061606160616061605,0.1111111111111111,0.04455445544554455,0.05335533553355336,0.06545654565456546,0.052255225522552254,0.028602860286028604,0.0858085808580858,0.041254125412541254,0.06655665566556655,0.054455445544554455,0.06215621562156216,0.05665566556655666,0.07755775577557755,0.0627062706270627,0.08525852585258525,0.041254125412541254,0.043454345434543455,0.1034103410341034,0.07425742574257425,0.043454345434543455,0.057755775577557754,0.054455445544554455,0.07315731573157316,0.06820682068206821,0.052805280528052806,0.06215621562156216,0.054455445544554455,0.09790979097909791,0.045104510451045104,0.056105610561056105,0.041804180418041806,0.047304730473047306,0.07205720572057206,0.04950495049504951,0.09515951595159516,0.0704070407040704,0.07975797579757976,0.06875687568756876,0.06215621562156216,0.0671067106710671,0.07095709570957096,0.06655665566556655,0.047304730473047306,0.015401540154015401,0.02695269526952695,0.012651265126512651,0.0781078107810781,0.08965896589658966,0.06325632563256325,0.04950495049504951,0.0704070407040704,0.07920792079207921,0.0814081408140814,0.07975797579757976,0.06435643564356436,0.054455445544554455,0.06985698569856985,0.06490649064906491,0.05555555555555555,0.052255225522552254,0.06435643564356436,0.09020902090209021,0.066006600660066,0.04400440044004401,0.058305830583058306,0.06435643564356436,0.06050605060506051,0.05335533553355336,0.041804180418041806,0.08030803080308031,0.058305830583058306,0.04785478547854786,0.0517051705170517,0.08085808580858085,0.05720572057205721,0.06765676567656766,0.040154015401540157,0.07425742574257425,0.045104510451045104,0.057755775577557754,0.06435643564356436,0.06765676567656766,0.0704070407040704,0.08690869086908691,0.043454345434543455,0.057755775577557754,0.007150715071507151,0.052255225522552254,0.054455445544554455,0.04400440044004401,0.05665566556655666,0.03850385038503851,0.058305830583058306,0.0671067106710671,0.07150715071507151
nh0060,1.0,0.5669916937522571,0.482484651498736,0.3607800650054171,0.4344528710725894,0.37775370169736366,0.3593355001805706,0.36222462983026366,0.2676056338028169,0.31238714337305884,0.27555074033947274,0.27410617551462624,0.26796677500902855,0.25966052726616107,0.27591188154568436,0.25821596244131456,0.24196460816179127,0.2322137955940773,0.18815456843625858,0.24846514987360058,0.22788010111953774,0.20801733477789816,0.25785482123510295,0.19718309859154928,0.21560130010834236,0.18996027446731673,0.17659804983748645,0.20151679306608883,0.19646081617912603,0.1769591910436981,0.13651137594799567,0.1318165402672445,0.1834597327555074,0.14734561213434452,0.15926327193932827,0.18562657999277718,0.14301191765980498,0.1444564824846515,0.12784398699891658,0.13001083423618634,0.14915131816540267,0.15890213073311665,0.1545684362585771,0.12170458649331889,0.08992416034669556,0.1094257854821235,0.11773203322499097,0.13253882267966774,0.1708197905381004,0.11412062116287468,0.11989888046226074,0.09823040808956301,0.11159263271939328,0.10473094980137233,0.08703503069700252,0.09425785482123511,0.08197905381003973,0.09895269050198628,0.10762007945106537,0.1130371975442398,0.1318165402672445,0.12531599855543518,0.11989888046226074,0.11520404478150957,0.107981220657277,0.15240158902130732,0.09534127843986999,0.0866738894907909,0.1130371975442398,0.10978692668833515,0.08631274828457927,0.09064644275911882,0.1635969664138678,0.08811845431563742,0.13289996388587938,0.11159263271939328,0.11087035030697003,0.09461899602744674,0.10003611412062116,0.11953773925604912,0.11773203322499097,0.10725893824485373,0.12892741061755147,0.08992416034669556,0.09136872517154207,0.07836764174792343,0.1105092091007584,0.11881545684362586,0.10328638497652583,0.1119537739256049,0.10184182015167931,0.11700975081256772,0.07331166486096063,0.1043698085951607,0.08703503069700252,0.09859154929577464,0.10075839653304441,0.10184182015167931,0.1130371975442398,0.11592632719393282,0.08847959552184904,0.07258938244853738,0.11448176236908632,0.09931383170819791,0.10220296135789093,0.09245214879017696,0.09064644275911882,0.09967497291440953,0.12134344528710726,0.08197905381003973,0.09100758396533044,0.09281328999638859,0.0830624774286746,0.09100758396533044,0.1130371975442398,0.09209100758396534,0.06681112314915132,0.07367280606717226,0.07295052365474901,0.08017334777898158,0.07475622968580715,0.09642470205850487,0.10220296135789093,0.07836764174792343,0.09281328999638859,0.0892018779342723,0.08017334777898158,0.08234019501625135,0.06933911159263272,0.051643192488262914,0.07692307692307693,0.07150595882990249,0.07439508847959553,0.06681112314915132,0.0527266161068978,0.06392199349945829,0.053810039725532686,0.08450704225352113,0.07981220657276995,0.07367280606717226,0.08486818345973275,0.10292524377031419,0.08197905381003973,0.06319971108703504,0.08378475984109787,0.0805344889851932,0.06753340556157457,0.0816179126038281,0.0552546045503792,0.07547851209823041,0.03791982665222102,0.06247742867461177,0.07511737089201878,0.06681112314915132,0.07475622968580715,0.05922715781870711,0.05489346334416757,0.08739617190321415,0.09064644275911882,0.0816179126038281,0.08342361863488625,0.07295052365474901,0.07367280606717226,0.09281328999638859,0.04911520404478151,0.07475622968580715,0.07475622968580715,0.07295052365474901,0.07114481762369086,0.04622607439508848,0.04550379198266522,0.10978692668833515,0.08739617190321415,0.07764535933550018,0.06789454676778621,0.048392921632358255,0.0866738894907909,0.051643192488262914,0.08125677139761647,0.08378475984109787,0.04803178042614662,0.062116287468400144,0.08197905381003973,0.058866016612495485,0.07222824124232576,0.04333694474539545,0.045142650776453595,0.0653665583243048,0.048392921632358255,0.05200433369447454,0.04622607439508848,0.06897797038642109,0.04658721560130011,0.0415312387143373,0.04008667388949079,0.036475261827374504,0.055615745756590826,0.048392921632358255,0.07114481762369086,0.05128205128205128,0.045142650776453595,0.04983748645720477,0.060310581437342,0.08775731310942579,0.03791982665222102,0.05200433369447454,0.05344889851932105,0.06175514626218852,0.12784398699891658,0.04803178042614662,0.05308775731310943,0.062116287468400144,0.03936439147706754,0.04622607439508848,0.045142650776453595,0.05417118093174431,0.047670639219934995,0.056338028169014086,0.03828096785843265,0.05308775731310943,0.043698085951607075,0.045142650776453595,0.04586493318887685,0.0527266161068978,0.0628385698808234,0.04622607439508848,0.050920910075839654,0.059588299024918745,0.04911520404478151,0.036475261827374504,0.04803178042614662,0.06103286384976526,0.05128205128205128,0.04080895630191405,0.06067172264355363,0.05236547490068617,0.05669916937522571,0.06464427591188154,0.04947634525099314,0.05453232213795594,0.055615745756590826,0.07295052365474901,0.05236547490068617,0.07511737089201878,0.05922715781870711,0.033947273383893105,0.04947634525099314,0.033224990971469845,0.032502708559046585,0.02600216684723727,0.04008667388949079,0.04622607439508848,0.061394005055976884,0.040447815095702416,0.03936439147706754,0.05994944023113037,0.056338028169014086,0.04658721560130011,0.07692307692307693,0.04803178042614662,0.03539183820873962,0.044420368364030335,0.04983748645720477,0.0527266161068978,0.06175514626218852,0.043698085951607075,0.05200433369447454,0.043698085951607075,0.04911520404478151,0.04297580353918382,0.047670639219934995,0.03936439147706754,0.03791982665222102,0.033947273383893105,0.045142650776453595,0.03430841459010473,0.050920910075839654,0.056338028169014086,0.05922715781870711,0.06464427591188154,0.04730949801372337,0.062116287468400144,0.043698085951607075,0.04803178042614662,0.047670639219934995,0.04911520404478151,0.045142650776453595,0.041170097508125676,0.06861682918020946,0.029974720115565186,0.03503069700252799,0.04333694474539545,0.035752979414951244,0.04225352112676056,0.05742145178764897,0.03466955579631636,0.03214156735283496,0.0415312387143373,0.055615745756590826,0.05055976886962803
nh0061,1.0,0.6443202979515829,0.547486033519553,0.40130353817504655,0.4655493482309125,0.462756052141527,0.47392923649906893,0.3649906890130354,0.2811918063314711,0.31191806331471134,0.33891992551210426,0.33426443202979517,0.2569832402234637,0.3435754189944134,0.319366852886406,0.2616387337057728,0.3333333333333333,0.29236499068901306,0.260707635009311,0.27001862197392923,0.22811918063314712,0.20670391061452514,0.19925512104283055,0.276536312849162,0.23184357541899442,0.2085661080074488,0.24581005586592178,0.22625698324022347,0.19646182495344505,0.24394785847299813,0.2718808193668529,0.24394785847299813,0.22160148975791433,0.2048417132216015,0.18808193668528864,0.1945996275605214,0.19180633147113593,0.2122905027932961,0.164804469273743,0.17225325884543763,0.18342644320297952,0.14618249534450653,0.1713221601489758,0.1154562383612663,0.12011173184357542,0.1685288640595903,0.17783985102420857,0.13687150837988826,0.14618249534450653,0.14059590316573556,0.1154562383612663,0.12197392923649907,0.09776536312849161,0.1191806331471136,0.2011173184357542,0.1750465549348231,0.20204841713221602,0.15456238361266295,0.09404096834264432,0.14618249534450653,0.13594040968342644,0.1154562383612663,0.12476722532588454,0.14338919925512103,0.15549348230912477,0.18435754189944134,0.09962756052141528,0.0893854748603352,0.17690875232774675,0.0856610800744879,0.09962756052141528,0.12942271880819367,0.15083798882681565,0.1266294227188082,0.10986964618249534,0.11824953445065177,0.09124767225325885,0.14618249534450653,0.10335195530726257,0.12104283054003724,0.14338919925512103,0.13128491620111732,0.1303538175046555,0.1191806331471136,0.10521415270018622,0.1042830540037244,0.10893854748603352,0.12290502793296089,0.15176908752327747,0.1378026070763501,0.10893854748603352,0.1154562383612663,0.10242085661080075,0.1378026070763501,0.10242085661080075,0.12197392923649907,0.1154562383612663,0.1340782122905028,0.12104283054003724,0.09590316573556797,0.06052141527001862,0.09683426443202979,0.08845437616387337,0.11359404096834265,0.09869646182495345,0.1005586592178771,0.10800744878957169,0.1340782122905028,0.06890130353817504,0.14338919925512103,0.0633147113594041,0.12942271880819367,0.11824953445065177,0.12756052141527002,0.12011173184357542,0.09404096834264432,0.09683426443202979,0.10707635009310987,0.0893854748603352,0.07635009310986965,0.09683426443202979,0.07635009310986965,0.0670391061452514,0.11173184357541899,0.08472998137802606,0.07169459962756052,0.07076350093109869,0.10335195530726257,0.08472998137802606,0.0782122905027933,0.05493482309124767,0.10148975791433892,0.06238361266294227,0.07728119180633147,0.10614525139664804,0.08752327746741155,0.08659217877094973,0.08752327746741155,0.07914338919925512,0.08193668528864059,0.061452513966480445,0.1042830540037244,0.11266294227188083,0.074487895716946,0.0782122905027933,0.07169459962756052,0.0782122905027933,0.0893854748603352,0.07076350093109869,0.08659217877094973,0.04189944134078212,0.07728119180633147,0.10335195530726257,0.06983240223463687,0.08379888268156424,0.07635009310986965,0.07355679702048418,0.074487895716946,0.05865921787709497,0.06424581005586592,0.0931098696461825,0.0856610800744879,0.08007448789571694,0.08845437616387337,0.08100558659217877,0.06890130353817504,0.07541899441340782,0.07262569832402235,0.07355679702048418,0.10148975791433892,0.09124767225325885,0.09031657355679702,0.07635009310986965,0.09217877094972067,0.09962756052141528,0.09124767225325885,0.04655493482309125,0.06052141527001862,0.06610800744878957,0.07635009310986965,0.07169459962756052,0.05865921787709497,0.043761638733705775,0.06983240223463687,0.0521415270018622,0.10614525139664804,0.09497206703910614,0.07076350093109869,0.04748603351955307,0.06424581005586592,0.05865921787709497,0.0782122905027933,0.05307262569832402,0.0633147113594041,0.06238361266294227,0.027001862197392923,0.054003724394785846,0.08100558659217877,0.043761638733705775,0.056797020484171325,0.06424581005586592,0.0670391061452514,0.055865921787709494,0.05865921787709497,0.06890130353817504,0.07355679702048418,0.0521415270018622,0.0521415270018622,0.07076350093109869,0.05772811918063315,0.040968342644320296,0.06052141527001862,0.0446927374301676,0.037243947858473,0.05027932960893855,0.06424581005586592,0.04748603351955307,0.04562383612662942,0.056797020484171325,0.07262569832402235,0.07541899441340782,0.05493482309124767,0.038175046554934824,0.07355679702048418,0.04655493482309125,0.06983240223463687,0.0670391061452514,0.04189944134078212,0.07355679702048418,0.0223463687150838,0.06983240223463687,0.06424581005586592,0.06238361266294227,0.055865921787709494,0.06052141527001862,0.043761638733705775,0.0446927374301676,0.061452513966480445,0.07541899441340782,0.04003724394785847,0.04283054003724395,0.03445065176908752,0.0856610800744879,0.06052141527001862,0.0670391061452514,0.05865921787709497,0.06797020484171322,0.05307262569832402,0.08659217877094973,0.06983240223463687,0.0633147113594041,0.07635009310986965,0.061452513966480445,0.074487895716946,0.0595903165735568,0.0446927374301676,0.051210428305400374,0.05865921787709497,0.0297951582867784,0.0446927374301676,0.051210428305400374,0.04283054003724395,0.051210428305400374,0.028864059590316574,0.04283054003724395,0.05027932960893855,0.06424581005586592,0.07076350093109869,0.04748603351955307,0.048417132216014895,0.0633147113594041,0.10614525139664804,0.074487895716946,0.06424581005586592,0.08379888268156424,0.05493482309124767,0.036312849162011177,0.03165735567970205,0.07635009310986965,0.0260707635009311,0.055865921787709494,0.04748603351955307,0.032588454376163874,0.04189944134078212,0.04655493482309125,0.027932960893854747,0.0521415270018622,0.049348230912476726,0.036312849162011177,0.05307262569832402,0.03165735567970205,0.027001862197392923,0.037243947858473,0.0633147113594041,0.07076350093109869,0.08472998137802606,0.07635009310986965,0.051210428305400374,0.027932960893854747,0.04562383612662942
nh0062,1.0,0.6041979010494752,0.6251874062968515,0.424287856071964,0.30434782608695654,0.3748125937031484,0.3073463268365817,0.4077961019490255,0.3613193403298351,0.2638680659670165,0.36731634182908546,0.2098950524737631,0.31334332833583206,0.32983508245877063,0.2983508245877061,0.2608695652173913,0.239880059970015,0.23388305847076463,0.21739130434782608,0.2638680659670165,0.26686656671664166,0.21739130434782608,0.3868065967016492,0.1889055472263868,0.2518740629685157,0.24287856071964017,0.19640179910044978,0.22038980509745126,0.22938530734632684,0.1469265367316342,0.25487256371814093,0.14842578710644677,0.15442278860569716,0.17541229385307347,0.19490254872563717,0.1469265367316342,0.11094452773613193,0.13943028485757122,0.09895052473763119,0.15442278860569716,0.16041979010494753,0.19640179910044978,0.23238380809595202,0.13343328335832083,0.12443778110944528,0.18140929535232383,0.1904047976011994,0.13943028485757122,0.1469265367316342,0.15442278860569716,0.23088455772113944,0.10644677661169415,0.14992503748125938,0.15292353823088456,0.11694152923538231,0.11544227886056972,0.10194902548725637,0.1889055472263868,0.13193403298350825,0.13193403298350825,0.12443778110944528,0.14392803598200898,0.15142428785607195,0.10194902548725637,0.1409295352323838,0.08845577211394302,0.08695652173913043,0.10344827586206896,0.15142428785607195,0.13343328335832083,0.12443778110944528,0.07946026986506746,0.0944527736131934,0.10044977511244378,0.10494752623688156,0.13493253373313344,0.10494752623688156,0.19640179910044978,0.09295352323838081,0.10344827586206896,0.10944527736131934,0.1199400299850075,0.10044977511244378,0.07496251874062969,0.12143928035982009,0.136431784107946,0.1664167916041979,0.12443778110944528,0.08845577211394302,0.08695652173913043,0.1184407796101949,0.10044977511244378,0.10494752623688156,0.12893553223388307,0.10044977511244378,0.08245877061469266,0.11394302848575712,0.11244377811094453,0.1424287856071964,0.13943028485757122,0.11544227886056972,0.06446776611694154,0.07946026986506746,0.136431784107946,0.15292353823088456,0.07796101949025487,0.11394302848575712,0.07646176911544228,0.1199400299850075,0.06596701649175413,0.12293853073463268,0.10194902548725637,0.09145427286356822,0.10644677661169415,0.10194902548725637,0.10494752623688156,0.07496251874062969,0.10644677661169415,0.095952023988006,0.07196401799100449,0.0944527736131934,0.07196401799100449,0.12893553223388307,0.11544227886056972,0.10494752623688156,0.09745127436281859,0.05997001499250375,0.08995502248875563,0.06896551724137931,0.1199400299850075,0.13043478260869565,0.0734632683658171,0.08695652173913043,0.06446776611694154,0.053973013493253376,0.09745127436281859,0.035982008995502246,0.06596701649175413,0.07196401799100449,0.0704647676161919,0.10494752623688156,0.11244377811094453,0.07496251874062969,0.06446776611694154,0.0734632683658171,0.06146926536731634,0.07196401799100449,0.09145427286356822,0.08245877061469266,0.10944527736131934,0.06746626686656672,0.16941529235382308,0.08245877061469266,0.10494752623688156,0.11094452773613193,0.050974512743628186,0.07196401799100449,0.0704647676161919,0.095952023988006,0.10344827586206896,0.06746626686656672,0.06596701649175413,0.053973013493253376,0.08695652173913043,0.07646176911544228,0.08245877061469266,0.10644677661169415,0.08695652173913043,0.10494752623688156,0.09145427286356822,0.06296851574212893,0.06896551724137931,0.10494752623688156,0.05697151424287856,0.10344827586206896,0.0734632683658171,0.04047976011994003,0.06446776611694154,0.07196401799100449,0.09295352323838081,0.044977511244377814,0.08395802098950525,0.06146926536731634,0.07196401799100449,0.07796101949025487,0.09145427286356822,0.06896551724137931,0.10494752623688156,0.049475262368815595,0.08995502248875563,0.09745127436281859,0.08845577211394302,0.06296851574212893,0.0944527736131934,0.06296851574212893,0.05247376311844078,0.043478260869565216,0.053973013493253376,0.08845577211394302,0.06746626686656672,0.050974512743628186,0.08845577211394302,0.041979010494752625,0.06596701649175413,0.049475262368815595,0.047976011994003,0.07796101949025487,0.10644677661169415,0.08695652173913043,0.06296851574212893,0.10194902548725637,0.037481259370314844,0.10194902548725637,0.0734632683658171,0.049475262368815595,0.044977511244377814,0.08695652173913043,0.0704647676161919,0.0734632683658171,0.05547226386806597,0.07196401799100449,0.06296851574212893,0.03298350824587706,0.05547226386806597,0.050974512743628186,0.04047976011994003,0.043478260869565216,0.053973013493253376,0.06596701649175413,0.06296851574212893,0.07946026986506746,0.043478260869565216,0.050974512743628186,0.04047976011994003,0.043478260869565216,0.06746626686656672,0.046476761619190406,0.050974512743628186,0.05247376311844078,0.05547226386806597,0.049475262368815595,0.031484257871064465,0.04047976011994003,0.049475262368815595,0.07796101949025487,0.041979010494752625,0.044977511244377814,0.037481259370314844,0.07946026986506746,0.11094452773613193,0.08095952023988005,0.05997001499250375,0.03298350824587706,0.038980509745127435,0.043478260869565216,0.038980509745127435,0.043478260869565216,0.07496251874062969,0.050974512743628186,0.047976011994003,0.05847076461769116,0.044977511244377814,0.041979010494752625,0.05847076461769116,0.08095952023988005,0.047976011994003,0.05847076461769116,0.05547226386806597,0.047976011994003,0.041979010494752625,0.05847076461769116,0.053973013493253376,0.05847076461769116,0.029985007496251874,0.06446776611694154,0.041979010494752625,0.035982008995502246,0.08245877061469266,0.05847076461769116,0.07196401799100449,0.06446776611694154,0.044977511244377814,0.08545727136431784,0.06146926536731634,0.02848575712143928,0.046476761619190406,0.05247376311844078,0.06746626686656672,0.04047976011994003,0.09145427286356822,0.053973013493253376,0.034482758620689655,0.050974512743628186,0.05997001499250375,0.050974512743628186,0.035982008995502246,0.025487256371814093,0.07646176911544228,0.05697151424287856,0.050974512743628186
nh0063,1.0,0.44991637242148297,0.48931425385616056,0.3653595985876231,0.2832187325775878,0.26444898717710463,0.2579446199591154,0.2687232856346404,0.232670507340643,0.2609180449730533,0.2073963947221706,0.24326333395279687,0.2544136777550641,0.19420182122282104,0.20776807284891285,0.19048503995539862,0.1810072477234715,0.21520163538375767,0.18621074149786285,0.1523880319643189,0.16558260546366846,0.16372421482995725,0.15554729604162795,0.2254227838691693,0.12655640215573313,0.15498977885151458,0.1299015052964133,0.1533172272811745,0.13045902248652666,0.16465341014681287,0.08771603791116893,0.12246794276156849,0.11986619587437279,0.13863594127485598,0.11354766771975469,0.1434677569225051,0.12934398810629993,0.1650250882735551,0.11373350678312581,0.1531313882178034,0.1481137335067831,0.09459208325590039,0.10165396766400298,0.09440624419252927,0.1163352536703215,0.06374279873629438,0.0802824753763241,0.13696338970451588,0.10611410518490987,0.1027690020442297,0.0559375580747073,0.0838134175803754,0.08009663631295298,0.10091061141051849,0.09998141609366289,0.0856718082140866,0.08753019884779781,0.10592826612153874,0.08102583162980859,0.08362757851700428,0.08158334881992195,0.07860992380598401,0.07340643003159264,0.07563649879204609,0.11745028805054822,0.08176918788329307,0.0866010035309422,0.07786656755249953,0.07433562534844824,0.09087530198847797,0.09942389890354952,0.04794647834974912,0.09589295669949824,0.08455677383385987,0.07043300501765472,0.06207024716595429,0.1254413677755064,0.06374279873629438,0.07340643003159264,0.09737966920646719,0.08957442854488014,0.10425571455119866,0.1055565879947965,0.06318528154618101,0.09068946292510685,0.08344173945363316,0.08994610667162238,0.06708790187697454,0.09087530198847797,0.08158334881992195,0.11168927708604348,0.08065415350306634,0.09068946292510685,0.07377810815833488,0.07619401598215945,0.09087530198847797,0.09719383014309609,0.07972495818621074,0.05445084556773834,0.053521650250882735,0.06299944248280989,0.0828842222635198,0.07545065972867497,0.05445084556773834,0.0641144768630366,0.06467199405314997,0.04645976584278015,0.04515889239918231,0.043858018955584464,0.0540791674409961,0.07117636127113919,0.07693737223564394,0.034380226723657314,0.08232670507340643,0.05222077680728489,0.05129158149042929,0.07080468314439695,0.032707675153317226,0.07953911912283962,0.058353465898531874,0.07489314253856161,0.061512729975840924,0.06374279873629438,0.06076937372235644,0.061698569039212045,0.05946850027875859,0.0613268909124698,0.0496190299200892,0.06281360341943877,0.07136220033451031,0.07823824567924177,0.06448615498977885,0.05277829399739825,0.06653038468686118,0.06931797063742799,0.04794647834974912,0.06467199405314997,0.07452146441181937,0.0559375580747073,0.06114105184909868,0.037725329864337485,0.04850399553986248,0.04515889239918231,0.06653038468686118,0.06021185653224308,0.06262776435606765,0.056680914328191785,0.056680914328191785,0.045530570525924546,0.042371306448615496,0.047388961159635756,0.04887567366660472,0.04348634082884222,0.04924735179334696,0.03976955956141981,0.037911168927708606,0.040884593941646535,0.05538004088459394,0.05110574242705817,0.06114105184909868,0.0613268909124698,0.04571640958929567,0.07043300501765472,0.040884593941646535,0.05129158149042929,0.05129158149042929,0.07006132689091248,0.05091990336368705,0.05612339713807842,0.11391934584649693,0.03307935328005947,0.03047760639286378,0.04757480022300688,0.05073406430031593,0.0559375580747073,0.05110574242705817,0.03530942204051291,0.05129158149042929,0.036052778293997396,0.04014123768816205,0.04887567366660472,0.047760639286378,0.040884593941646535,0.042185467385244375,0.03958372049804869,0.11410518490986805,0.047017283032893514,0.04311466270209998,0.03809700799107973,0.05222077680728489,0.04980486898346032,0.056680914328191785,0.056680914328191785,0.03865452518119308,0.036981973610853,0.03735365173759524,0.04999070804683144,0.04831815647649136,0.0351235829771418,0.037539490800966364,0.03345103140680171,0.048689834603233596,0.04645976584278015,0.05296413306076937,0.04255714551198662,0.03995539862479093,0.05426500650436722,0.03995539862479093,0.028433376695781453,0.03976955956141981,0.06374279873629438,0.045530570525924546,0.042185467385244375,0.03809700799107973,0.03661029548411076,0.05110574242705817,0.029548411076008176,0.03623861735736852,0.03493774391377068,0.025088273555101282,0.05222077680728489,0.041070433005017656,0.04497305333581119,0.053707489314253856,0.05612339713807842,0.05816762683516075,0.038840364244564204,0.03976955956141981,0.03828284705445085,0.032707675153317226,0.034751904850399556,0.031406801709719386,0.03345103140680171,0.042371306448615496,0.05872514402527411,0.037911168927708606,0.03828284705445085,0.04460137520906895,0.028990893885894816,0.04014123768816205,0.04608808771603791,0.04032707675153317,0.05222077680728489,0.03326519234343059,0.017840550083627577,0.03958372049804869,0.030849284519606023,0.032707675153317226,0.10221148485411634,0.05184909868054265,0.006876045344731463,0.040884593941646535,0.04255714551198662,0.053521650250882735,0.034380226723657314,0.032521836089946105,0.025831629808585766,0.03345103140680171,0.03122096264634826,0.025831629808585766,0.023044043858018955,0.03382270953354395,0.03828284705445085,0.03307935328005947,0.04051291581490429,0.034566065787028435,0.037911168927708606,0.02471659542835904,0.028990893885894816,0.03809700799107973,0.045530570525924546,0.030849284519606023,0.03307935328005947,0.043858018955584464,0.06076937372235644,0.04292882363872886,0.04367217989221334,0.02750418137892585,0.031406801709719386,0.03493774391377068,0.04367217989221334,0.035495261103884033,0.030849284519606023,0.03382270953354395,0.032521836089946105,0.034751904850399556,0.035866939230626275,0.04274298457535774,0.035495261103884033,0.02769002044229697,0.04627392677940903,0.07061884408102582,0.026203307935328005,0.025459951681843524,0.03493774391377068,0.032335997026574984,0.032707675153317226,0.04125627206838878,0.03177847983646163,0.032335997026574984
nh0064,1.0,0.6267857142857143,0.5002551020408164,0.349234693877551,0.31505102040816324,0.41658163265306125,0.2931122448979592,0.31326530612244896,0.22168367346938775,0.28596938775510206,0.20892857142857144,0.2556122448979592,0.2209183673469388,0.2571428571428571,0.21836734693877552,0.25790816326530613,0.2193877551020408,0.22704081632653061,0.25790816326530613,0.19744897959183674,0.20076530612244897,0.2528061224489796,0.2423469387755102,0.1691326530612245,0.16071428571428573,0.18571428571428572,0.2221938775510204,0.17831632653061225,0.17295918367346938,0.15714285714285714,0.13163265306122449,0.20892857142857144,0.16454081632653061,0.11887755102040816,0.20637755102040817,0.15510204081632653,0.1596938775510204,0.15535714285714286,0.1451530612244898,0.10076530612244898,0.15229591836734693,0.13877551020408163,0.13622448979591836,0.17653061224489797,0.12806122448979593,0.09591836734693877,0.16607142857142856,0.08443877551020408,0.12729591836734694,0.12040816326530612,0.10102040816326531,0.1278061224489796,0.1,0.1201530612244898,0.07678571428571429,0.12142857142857143,0.12372448979591837,0.13239795918367347,0.11913265306122449,0.11275510204081633,0.11683673469387755,0.09846938775510204,0.10178571428571428,0.1211734693877551,0.10204081632653061,0.11198979591836734,0.14540816326530612,0.13035714285714287,0.09591836734693877,0.1114795918367347,0.0933673469387755,0.1221938775510204,0.09209183673469387,0.11428571428571428,0.11020408163265306,0.09285714285714286,0.08698979591836735,0.07678571428571429,0.08112244897959184,0.0923469387755102,0.09005102040816326,0.10688775510204082,0.0826530612244898,0.14540816326530612,0.10127551020408163,0.09821428571428571,0.08163265306122448,0.10535714285714286,0.07244897959183673,0.061224489795918366,0.0913265306122449,0.08903061224489796,0.07295918367346939,0.10331632653061225,0.08086734693877551,0.0913265306122449,0.06862244897959184,0.08163265306122448,0.06301020408163266,0.0798469387755102,0.06862244897959184,0.0778061224489796,0.09642857142857143,0.08596938775510204,0.07372448979591836,0.12525510204081633,0.10408163265306122,0.08622448979591837,0.08928571428571429,0.11862244897959184,0.1,0.10459183673469388,0.075,0.08214285714285714,0.06020408163265306,0.09744897959183674,0.08010204081632653,0.09948979591836735,0.09821428571428571,0.07168367346938775,0.11198979591836734,0.06913265306122449,0.060714285714285714,0.07627551020408163,0.05433673469387755,0.07908163265306123,0.0760204081632653,0.08801020408163265,0.06862244897959184,0.06836734693877551,0.06096938775510204,0.06989795918367347,0.08163265306122448,0.061224489795918366,0.06045918367346939,0.10357142857142858,0.0635204081632653,0.050255102040816325,0.055357142857142855,0.061224489795918366,0.08571428571428572,0.06045918367346939,0.10204081632653061,0.060714285714285714,0.07244897959183673,0.06479591836734694,0.06581632653061224,0.07066326530612245,0.06505102040816327,0.06556122448979591,0.07117346938775511,0.06301020408163266,0.06989795918367347,0.07806122448979592,0.0798469387755102,0.045408163265306126,0.06658163265306122,0.06862244897959184,0.061479591836734696,0.05204081632653061,0.04923469387755102,0.06275510204081633,0.05765306122448979,0.06454081632653061,0.07831632653061224,0.0653061224489796,0.04974489795918367,0.08596938775510204,0.05969387755102041,0.04897959183673469,0.0760204081632653,0.07168367346938775,0.050255102040816325,0.044642857142857144,0.04336734693877551,0.039285714285714285,0.07193877551020408,0.06045918367346939,0.07755102040816327,0.04107142857142857,0.06709183673469388,0.06989795918367347,0.047448979591836735,0.06938775510204082,0.05102040816326531,0.04311224489795919,0.0375,0.05102040816326531,0.08086734693877551,0.031377551020408165,0.06454081632653061,0.04974489795918367,0.058673469387755105,0.06607142857142857,0.05433673469387755,0.07525510204081633,0.04923469387755102,0.05102040816326531,0.05892857142857143,0.04795918367346939,0.06173469387755102,0.0413265306122449,0.04030612244897959,0.055612244897959184,0.06326530612244897,0.056377551020408166,0.05969387755102041,0.05790816326530612,0.06096938775510204,0.06377551020408163,0.05357142857142857,0.05739795918367347,0.07448979591836735,0.06198979591836735,0.05,0.05229591836734694,0.05,0.050255102040816325,0.06275510204081633,0.04566326530612245,0.039285714285714285,0.0413265306122449,0.04285714285714286,0.047704081632653064,0.04362244897959184,0.03469387755102041,0.047193877551020405,0.0413265306122449,0.047448979591836735,0.06096938775510204,0.05663265306122449,0.050255102040816325,0.06709183673469388,0.050255102040816325,0.04387755102040816,0.053061224489795916,0.0461734693877551,0.0413265306122449,0.04260204081632653,0.05408163265306123,0.03877551020408163,0.048214285714285716,0.04897959183673469,0.050510204081632655,0.04846938775510204,0.058163265306122446,0.053061224489795916,0.03571428571428571,0.036224489795918365,0.03545918367346939,0.0760204081632653,0.042091836734693876,0.0413265306122449,0.044387755102040814,0.05969387755102041,0.03188775510204082,0.05229591836734694,0.042346938775510205,0.039285714285714285,0.04056122448979592,0.04642857142857143,0.03214285714285714,0.03443877551020408,0.050510204081632655,0.05229591836734694,0.05510204081632653,0.031377551020408165,0.05688775510204082,0.04591836734693878,0.04693877551020408,0.04081632653061224,0.047704081632653064,0.05408163265306123,0.04693877551020408,0.028826530612244897,0.042091836734693876,0.041581632653061223,0.03469387755102041,0.04107142857142857,0.03979591836734694,0.042091836734693876,0.04923469387755102,0.06581632653061224,0.036734693877551024,0.04591836734693878,0.025,0.041581632653061223,0.03214285714285714,0.034183673469387756,0.037244897959183676,0.04566326530612245,0.0663265306122449,0.04846938775510204,0.04566326530612245,0.025,0.03775510204081633,0.04974489795918367,0.03520408163265306,0.036479591836734694,0.04795918367346939
nh0065,1.0,0.7555178268251274,0.6511035653650254,0.4779286926994907,0.3073005093378608,0.4872665534804754,0.44142614601018676,0.4244482173174873,0.2928692699490662,0.35144312393887944,0.31239388794567063,0.2928692699490662,0.3166383701188455,0.28862478777589134,0.2775891341256367,0.3064516129032258,0.3378607809847199,0.21222410865874364,0.2903225806451613,0.266553480475382,0.28098471986417656,0.28522920203735147,0.43208828522920206,0.19864176570458403,0.2835314091680815,0.21222410865874364,0.299660441426146,0.1926994906621392,0.17911714770797962,0.21052631578947367,0.2198641765704584,0.30475382003395585,0.18930390492359933,0.12563667232597622,0.22495755517826826,0.2071307300509338,0.19864176570458403,0.15874363327674024,0.1867572156196944,0.16468590831918506,0.18166383701188454,0.15619694397283532,0.1570458404074703,0.1697792869269949,0.12818336162988114,0.16213921901528014,0.1494057724957555,0.09168081494057725,0.11375212224108659,0.1502546689303905,0.11714770797962648,0.1366723259762309,0.0865874363327674,0.16383701188455008,0.08149405772495756,0.14516129032258066,0.20797962648556875,0.23769100169779286,0.07894736842105263,0.1536502546689304,0.14176570458404075,0.13752122241086587,0.17487266553480477,0.15195246179966043,0.1230899830220713,0.11884550084889643,0.15619694397283532,0.15195246179966043,0.11544991511035653,0.17062818336162988,0.09592529711375213,0.18421052631578946,0.11799660441426146,0.13837011884550085,0.19015280135823429,0.11714770797962648,0.11714770797962648,0.0933786078098472,0.12224108658743633,0.09252971137521222,0.09422750424448217,0.11035653650254669,0.12224108658743633,0.23514431239388794,0.12478777589134125,0.1570458404074703,0.0899830220713073,0.16129032258064516,0.09168081494057725,0.0831918505942275,0.16383701188455008,0.11714770797962648,0.12054329371816638,0.11799660441426146,0.1273344651952462,0.09847198641765705,0.10696095076400679,0.09168081494057725,0.1035653650254669,0.08828522920203735,0.05178268251273345,0.09168081494057725,0.10101867572156197,0.14091680814940577,0.08828522920203735,0.13837011884550085,0.10271646859083192,0.13242784380305603,0.1434634974533107,0.13412563667232597,0.10186757215619695,0.1273344651952462,0.06621392190152801,0.0865874363327674,0.09168081494057725,0.11460101867572156,0.0865874363327674,0.019524617996604415,0.16553480475382004,0.09083191850594227,0.12478777589134125,0.07640067911714771,0.057724957555178265,0.08743633276740238,0.06621392190152801,0.07130730050933787,0.05178268251273345,0.11205432937181664,0.0933786078098472,0.11969439728353141,0.07045840407470289,0.0865874363327674,0.11799660441426146,0.06876061120543293,0.06112054329371817,0.10271646859083192,0.07809847198641766,0.06112054329371817,0.09422750424448217,0.09847198641765705,0.100169779286927,0.06281833616298811,0.06706281833616298,0.06451612903225806,0.11544991511035653,0.07640067911714771,0.12478777589134125,0.0967741935483871,0.10186757215619695,0.11205432937181664,0.09762308998302208,0.07724957555178268,0.07640067911714771,0.11460101867572156,0.07979626485568761,0.06112054329371817,0.09168081494057725,0.0865874363327674,0.057724957555178265,0.056876061120543296,0.06027164685908319,0.08234295415959253,0.08743633276740238,0.05857385398981324,0.07894736842105263,0.0730050933786078,0.05178268251273345,0.0933786078098472,0.05857385398981324,0.08234295415959253,0.059422750424448216,0.07215619694397284,0.0636672325976231,0.07894736842105263,0.056876061120543296,0.08488964346349745,0.08573853989813243,0.10865874363327674,0.08573853989813243,0.07724957555178268,0.07130730050933787,0.06621392190152801,0.07045840407470289,0.11969439728353141,0.06706281833616298,0.06621392190152801,0.06112054329371817,0.06621392190152801,0.06536502546689305,0.06451612903225806,0.06196943972835314,0.0831918505942275,0.08234295415959253,0.07555178268251274,0.08828522920203735,0.10271646859083192,0.06451612903225806,0.038200339558573854,0.08743633276740238,0.056876061120543296,0.06112054329371817,0.08149405772495756,0.04753820033955857,0.06876061120543293,0.06621392190152801,0.08488964346349745,0.06112054329371817,0.08573853989813243,0.0432937181663837,0.07555178268251274,0.0500848896434635,0.08234295415959253,0.1307300509337861,0.06281833616298811,0.04499151103565365,0.050933786078098474,0.0899830220713073,0.05857385398981324,0.0865874363327674,0.057724957555178265,0.07130730050933787,0.05263157894736842,0.08573853989813243,0.06536502546689305,0.06536502546689305,0.04499151103565365,0.06621392190152801,0.06451612903225806,0.06451612903225806,0.09847198641765705,0.08573853989813243,0.039898132427843805,0.08064516129032258,0.06196943972835314,0.044142614601018676,0.04923599320882852,0.06027164685908319,0.050933786078098474,0.04584040747028863,0.07470288624787776,0.0730050933786078,0.0500848896434635,0.05178268251273345,0.05263157894736842,0.05432937181663837,0.07640067911714771,0.05263157894736842,0.057724957555178265,0.057724957555178265,0.15195246179966043,0.0008488964346349745,0.03310696095076401,0.0365025466893039,0.02037351443123939,0.07130730050933787,0.030560271646859084,0.08743633276740238,0.055178268251273345,0.07640067911714771,0.0432937181663837,0.07724957555178268,0.039898132427843805,0.028862478777589132,0.0730050933786078,0.05263157894736842,0.04838709677419355,0.04838709677419355,0.06451612903225806,0.044142614601018676,0.06196943972835314,0.06706281833616298,0.028862478777589132,0.0730050933786078,0.0432937181663837,0.0500848896434635,0.06281833616298811,0.04838709677419355,0.0466893039049236,0.06876061120543293,0.029711375212224108,0.05857385398981324,0.0466893039049236,0.10780984719864177,0.038200339558573854,0.08488964346349745,0.0500848896434635,0.05432937181663837,0.053480475382003394,0.05263157894736842,0.13497453310696095,0.07894736842105263,0.053480475382003394,0.07215619694397284,0.08234295415959253,0.04159592529711375,0.03395585738539898,0.044142614601018676,0.053480475382003394,0.04753820033955857,0.027164685908319185
nh0066,1.0,0.3972803167226095,0.4404854118254583,0.33462432223082883,0.25544366985110595,0.27394784404854117,0.22902143041569842,0.28987004045098547,0.24184525346415353,0.2935708752904725,0.15655392030295207,0.2544108787331096,0.22902143041569842,0.19390653240382133,0.19390653240382133,0.18469747826835356,0.15870556846544454,0.22953782597469663,0.19382046647732162,0.17660728117738186,0.19623031241931319,0.17884499526637404,0.16223427145193217,0.20724675101127463,0.11954557190808159,0.16533264480592133,0.14493502022549273,0.14373009725449695,0.12496772527756261,0.11352095705310268,0.10000860659264997,0.1621482055254325,0.13142266976504002,0.13916860315001292,0.11171357259660901,0.13469317497202857,0.11395128668560117,0.11945950598158189,0.10551682588863069,0.13839400981151562,0.12539805491006112,0.1190291763490834,0.09579137619416472,0.15001290988897495,0.07952491608572167,0.07220931233324726,0.09157414579567949,0.10654961700662707,0.0766847405112316,0.05947155521129185,0.07780359755572769,0.08262328943971081,0.11945950598158189,0.07358636715724244,0.10431190291763491,0.11636113262759273,0.12075049487907737,0.06386091746277649,0.14450469059299423,0.11773818745158791,0.07780359755572769,0.12247181340907135,0.07220931233324726,0.07315603752474395,0.10198812290214304,0.1117996385231087,0.10956192443411654,0.06386091746277649,0.12849642826405025,0.0701437300972545,0.1112832429641105,0.058438764093295466,0.07565194939323522,0.08813150873569155,0.08193476202771323,0.07659867458473191,0.06652896118426715,0.06076254410878733,0.07591014717273431,0.06644289525776745,0.08821757466219124,0.06678715896376625,0.06584043377226956,0.06704535674326534,0.09355366210517256,0.09243480506067647,0.08219295980721232,0.07298390567174455,0.05387726998881143,0.07436096049573973,0.06695929081676565,0.06497977450727258,0.09673810138566141,0.077717531629228,0.1049143644031328,0.08641019020569757,0.07530768568723642,0.07728720199672949,0.06351665375677769,0.058352698166795766,0.10293484809363973,0.08081590498321714,0.08520526723470179,0.0627420604182804,0.049057578104828296,0.07866425682072467,0.051897753679318356,0.07453309234873913,0.060676478182287635,0.06231173078578191,0.06687322489026594,0.06446337894827438,0.05964368706429125,0.0637748515362768,0.047336259574834325,0.048885446251828904,0.0697994663912557,0.046303468456837936,0.061278939667785526,0.061192873741285826,0.057836302607797575,0.05172562182631896,0.05731990704879938,0.05387726998881143,0.056287115930802996,0.07453309234873913,0.057147775195799985,0.057836302607797575,0.07375849901024184,0.06825027971426112,0.046475600309837335,0.059987950770290045,0.047938721060332215,0.08632412427919786,0.07126258714175059,0.046647732162836734,0.063430587830278,0.07160685084774937,0.049746105516825886,0.053705138135812035,0.039504260263361735,0.045356743265341254,0.05663137963680179,0.06661502711076685,0.06678715896376625,0.056975643342800586,0.05938548928479215,0.055426456665806006,0.048110852913331614,0.047594457354333417,0.037266546174369565,0.03915999655736294,0.05525432481280661,0.049057578104828296,0.053446940356312936,0.043807556588346674,0.06033221447628884,0.051295292193820466,0.052155951458817455,0.044237886220845166,0.044926413632842756,0.052069885532317756,0.05327480850331354,0.046905929942335826,0.045873138824339445,0.05869696187279456,0.05534039073930631,0.050778896634822275,0.023840261640416558,0.032963249849384625,0.052930544797314745,0.032618986143385834,0.029950942421895173,0.03700834839487047,0.027368964626904208,0.043635424735347275,0.040623117307857816,0.05818056631379637,0.037869007659867455,0.032360788363886735,0.0632584559772786,0.05172562182631896,0.054049401841810826,0.055512522592305706,0.039418194336862035,0.031672260951889145,0.05964368706429125,0.041311644719855406,0.031241931319390653,0.06472157672777347,0.043463292882347876,0.037438678027368964,0.07091832343575179,0.036578018762371975,0.047422325501334024,0.034426370599879505,0.049832171443325586,0.051381358120320166,0.034598502452878904,0.046819864015836134,0.038987864704363544,0.03365177726138222,0.038729666924864445,0.038987864704363544,0.033737843187881915,0.043893622514846374,0.040364919528358724,0.027541096479903607,0.041311644719855406,0.041741974352353904,0.051295292193820466,0.048196918839831314,0.042860831396849985,0.041053446940356314,0.045959204750839144,0.03408210689388071,0.03141406317239005,0.037524743953868664,0.043549358808847576,0.036491952835872275,0.037955073586367155,0.050606764781822876,0.044840347706343056,0.051897753679318356,0.048455116619330406,0.05964368706429125,0.043721490661846975,0.046991995868835526,0.035975557276874084,0.032274722437387035,0.040967381013856614,0.034856700232378,0.03692228246837077,0.041483776572854805,0.033135381702384024,0.051983819605818056,0.04475428177984336,0.034770634305878304,0.033996040967381014,0.03365177726138222,0.036147689129873484,0.027110766847405113,0.03339357948188312,0.032963249849384625,0.021344349771925293,0.030553403907393063,0.038213271365866254,0.033307513555383424,0.025561580170410533,0.030467337980893364,0.015491866769945779,0.039246062483862636,0.04053705138135812,0.028143557965401498,0.041655908425854205,0.028832085377399088,0.02521731646441174,0.03692228246837077,0.044410018073844565,0.044410018073844565,0.038815732851364144,0.035889491350374385,0.033909975040881314,0.021086151992426198,0.039246062483862636,0.049573973663826494,0.032618986143385834,0.036147689129873484,0.043893622514846374,0.044410018073844565,0.029692744642396074,0.027627162406403304,0.03081160168689216,0.040106721748859625,0.050951028487821674,0.03915999655736294,0.033221447628883724,0.02237714088992168,0.023840261640416558,0.040623117307857816,0.02934848093639728,0.026422239435407523,0.027368964626904208,0.035459161717875894,0.034426370599879505,0.03089766761339186,0.031930458731388243,0.03416817282038041,0.025647646096910233,0.02237714088992168,0.050864962561321975,0.05250021516481625,0.020827954212927102,0.044926413632842756,0.026336173508907823,0.031586195025389445,0.04122557879335571,0.03416817282038041,0.020311558653928908,0.054393665547809625
nh0067,1.0,0.7992604331748547,0.6196513470681458,0.3718964606444797,0.37823560486001057,0.4712097200211305,0.4611727416798732,0.47385103011093505,0.34178552562070785,0.33861595351294244,0.2931854199683043,0.21764395139989434,0.26043317485472794,0.2556788166930798,0.34548335974643424,0.3201267828843106,0.24300052826201796,0.3011093502377179,0.31484416270470156,0.3328050713153724,0.21130480718436345,0.29635499207606975,0.28578975171685156,0.1970417326994189,0.27152667723190704,0.27363972530375064,0.20073956682514527,0.1769677760169044,0.19440042260961438,0.19281563655573164,0.24194400422609613,0.1774960380348653,0.179080824088748,0.18013734812466983,0.2562070787110407,0.16904384574749076,0.196513470681458,0.1526677231907026,0.17274167987321712,0.15530903328050713,0.14896988906497624,0.26096143687268886,0.1901743264659271,0.179080824088748,0.15002641310089804,0.17432646592709986,0.20655044902271527,0.17485472794506074,0.1531959852086635,0.1648177496038035,0.24194400422609613,0.109878499735869,0.1278394083465399,0.13787638668779714,0.12731114632857898,0.1405176967776017,0.13840464870575805,0.13048071843634443,0.1109350237717908,0.14421553090332806,0.18647649234020075,0.11885895404120443,0.1468568409931326,0.12466983623877444,0.1648177496038035,0.1230850501848917,0.10776545166402536,0.10776545166402536,0.10301109350237718,0.11304807184363444,0.07237189646064449,0.13206550449022716,0.12731114632857898,0.1167459059693608,0.1653460116217644,0.15530903328050713,0.13312202852614896,0.14791336502905442,0.12202852614896989,0.10829371368198626,0.1167459059693608,0.109878499735869,0.10301109350237718,0.11938721605916534,0.1590068674062335,0.10882197569994717,0.11304807184363444,0.12836767036450078,0.10935023771790808,0.10195456946645536,0.16851558372952985,0.109878499735869,0.11833069202324353,0.09931325937665082,0.11304807184363444,0.09720021130480719,0.10036978341257263,0.10301109350237718,0.09984152139461172,0.1590068674062335,0.09561542525092445,0.09772847332276809,0.10670892762810354,0.10089804543053355,0.10882197569994717,0.18225039619651348,0.11463285789751716,0.07765451664025357,0.16957210776545167,0.11516111991547807,0.12466983623877444,0.08188061278394083,0.12202852614896989,0.13259376650818805,0.09772847332276809,0.09772847332276809,0.08927628103539356,0.1653460116217644,0.08293713681986266,0.08874801901743265,0.07923930269413629,0.1162176439513999,0.10353935552033809,0.10935023771790808,0.10512414157422081,0.16904384574749076,0.08240887480190175,0.09984152139461172,0.055995773903856315,0.07765451664025357,0.10406761753829899,0.06867406233491812,0.13787638668779714,0.09138932910723718,0.08980454305335446,0.10036978341257263,0.08505018489170629,0.098256735340729,0.10036978341257263,0.10142630744849446,0.11833069202324353,0.12625462229265716,0.09614368726888536,0.1045958795562599,0.11885895404120443,0.0491283676703645,0.07184363444268357,0.06550449022715267,0.09667194928684628,0.1230850501848917,0.07290015847860538,0.08927628103539356,0.08874801901743265,0.08716323296354993,0.08505018489170629,0.06233491811938722,0.05705229793977813,0.07871104067617539,0.09455890121500264,0.08927628103539356,0.09614368726888536,0.12731114632857898,0.058637083993660855,0.04965662968832541,0.07606973058637084,0.04384574749075541,0.10406761753829899,0.09561542525092445,0.11463285789751716,0.08452192287374538,0.08557844690966719,0.10723718964606445,0.12150026413100898,0.08980454305335446,0.05705229793977813,0.10723718964606445,0.10882197569994717,0.040147913365029056,0.09350237717908082,0.0919175911251981,0.07712625462229265,0.0861067089276281,0.06603275224511358,0.0549392498679345,0.09033280507131537,0.07923930269413629,0.05810882197569995,0.050184891706286316,0.04067617538298996,0.0612783940834654,0.07871104067617539,0.05916534601162177,0.08188061278394083,0.0554675118858954,0.03592181722134179,0.07184363444268357,0.06075013206550449,0.06286318013734812,0.08135235076597992,0.08346539883782356,0.10670892762810354,0.06075013206550449,0.07818277865821448,0.07290015847860538,0.07871104067617539,0.10089804543053355,0.042789223454833596,0.09667194928684628,0.11833069202324353,0.0676175382989963,0.02746962493396725,0.07448494453248812,0.07765451664025357,0.07184363444268357,0.044374009508716325,0.06973058637083994,0.09772847332276809,0.0549392498679345,0.05652403592181722,0.05335446381405177,0.03909138932910724,0.06391970417326995,0.06656101426307448,0.0549392498679345,0.04595879556259905,0.03909138932910724,0.10142630744849446,0.092445853143159,0.0612783940834654,0.058637083993660855,0.06339144215530904,0.05916534601162177,0.08346539883782356,0.05071315372424723,0.05071315372424723,0.05229793977812995,0.06973058637083994,0.05705229793977813,0.12572636027469625,0.060221870047543584,0.05282620179609086,0.05652403592181722,0.03645007923930269,0.05388272583201268,0.08821975699947174,0.06286318013734812,0.05758055995773904,0.06497622820919176,0.07184363444268357,0.04595879556259905,0.11516111991547807,0.06391970417326995,0.05810882197569995,0.06391970417326995,0.07290015847860538,0.09350237717908082,0.109878499735869,0.055995773903856315,0.1421024828314844,0.0491283676703645,0.04173269941891178,0.07290015847860538,0.05810882197569995,0.08716323296354993,0.07237189646064449,0.07712625462229265,0.05071315372424723,0.027997886951928157,0.03116745905969361,0.040147913365029056,0.055995773903856315,0.05335446381405177,0.061806656101426306,0.03592181722134179,0.048600105652403594,0.039619651347068144,0.0491283676703645,0.06391970417326995,0.054410987849973586,0.06075013206550449,0.07871104067617539,0.054410987849973586,0.05810882197569995,0.04595879556259905,0.06075013206550449,0.06497622820919176,0.07184363444268357,0.054410987849973586,0.051769677760169046,0.051769677760169046,0.036978341257263604,0.03433703116745906,0.06075013206550449,0.08505018489170629,0.04384574749075541,0.0549392498679345,0.04965662968832541,0.058637083993660855,0.06867406233491812,0.09931325937665082
nh0068,1.0,0.46403184532271824,0.5479101506966164,0.41285186238271254,0.41256752914415695,0.3366505544498152,0.4620415126528291,0.3517202160932613,0.32442422519192493,0.27893090702303097,0.35086721637759455,0.2911572362809212,0.3434745521751493,0.25476258174580607,0.2908729030423656,0.22035825988058003,0.22831959056013648,0.274097241967586,0.24651691782769405,0.2701165766278078,0.23201592266135912,0.12965595678134775,0.216946261017913,0.25845891384702874,0.23571225476258176,0.18936593687802103,0.16093261302246234,0.15865794711401762,0.17856127381290873,0.17770827409724196,0.23827125390958204,0.13562695479101508,0.18709127096957634,0.23400625533124822,0.1572362809212397,0.1305089564970145,0.1282342905885698,0.1285186238271254,0.11003696332101223,0.12709695763434745,0.09183963605345465,0.12794995735001422,0.1373329542223486,0.15126528291157237,0.14472561842479387,0.1836792721069093,0.23372192209269263,0.21666192777935742,0.15553028148990616,0.10321296559567814,0.15837361387546203,0.10719363093545635,0.1458629513790162,0.11998862667045777,0.10833096388967871,0.11401762866079045,0.0952516349161217,0.1526869491043503,0.10577196474267841,0.15154961615012796,0.13591128802957067,0.1569519476826841,0.14728461757179415,0.1174296275234575,0.141882286039238,0.07819164060278647,0.07847597384134206,0.1063406312197896,0.15865794711401762,0.11088996303667899,0.10975263008245664,0.07563264145578619,0.07648564117145294,0.10435029854990048,0.15581461472846175,0.10008529997156668,0.11572362809212397,0.13790162069945977,0.1285186238271254,0.12084162638612454,0.12368495877168041,0.10292863235712255,0.10946829684390105,0.1327836224054592,0.15553028148990616,0.15837361387546203,0.13960762013079328,0.10690929769690077,0.1373329542223486,0.07733864088711971,0.1461472846175718,0.11828262723912425,0.07819164060278647,0.1415979528006824,0.11373329542223486,0.08160363946545351,0.12965595678134775,0.0949673016775661,0.15524594825135057,0.09468296843901051,0.11401762866079045,0.11856696047767984,0.09610463463178845,0.08615297128234291,0.14273528575490474,0.05004264998578334,0.13136195621268126,0.10008529997156668,0.123969292010236,0.09894796701734433,0.07620130793289735,0.12908729030423657,0.13392095535968154,0.06966164344611885,0.10690929769690077,0.10349729883423373,0.055160648279783904,0.1879442706852431,0.05373898208700597,0.08245663918112027,0.08814330395223202,0.09013363662212112,0.09013363662212112,0.08075063974978675,0.10520329826556725,0.05828831390389536,0.07051464316178561,0.07819164060278647,0.059141313619562125,0.12226329257890248,0.11543929485356838,0.10235996588001137,0.08160363946545351,0.07477964174011942,0.08131930622689792,0.07136764287745237,0.06397497867500711,0.05402331532556156,0.09041796986067671,0.07449530850156383,0.08672163775945407,0.07136764287745237,0.06823997725334091,0.12340062553312482,0.09041796986067671,0.07932897355700881,0.08615297128234291,0.07449530850156383,0.09553596815467728,0.06909297696900768,0.08302530565823145,0.08928063690645437,0.09183963605345465,0.10036963321012227,0.0707989764003412,0.059425646858117714,0.09183963605345465,0.08672163775945407,0.07136764287745237,0.08700597099800966,0.08274097241967586,0.0838783053738982,0.06653397782200739,0.07733864088711971,0.045493318168893945,0.05174864941711686,0.09667330110889963,0.08359397213534261,0.14131361956212682,0.06966164344611885,0.04663065112311629,0.09041796986067671,0.12084162638612454,0.07819164060278647,0.08103497298834234,0.0864373045208985,0.08131930622689792,0.041512652829115725,0.08103497298834234,0.07648564117145294,0.04663065112311629,0.06340631219789593,0.09269263576912141,0.052032982655672445,0.06966164344611885,0.05857264714245095,0.061984646005118,0.10662496445834518,0.04634631788456071,0.09013363662212112,0.09127096957634348,0.07335797554734148,0.08274097241967586,0.06141597952800682,0.04009098663633779,0.07648564117145294,0.060278646573784476,0.06568097810634063,0.06539664486778504,0.08302530565823145,0.06482797839067388,0.08160363946545351,0.06539664486778504,0.06653397782200739,0.06653397782200739,0.06482797839067388,0.04464031845322718,0.11401762866079045,0.06141597952800682,0.07449530850156383,0.05686664771111743,0.06283764572078476,0.06681831106056298,0.0574353141882286,0.05402331532556156,0.08672163775945407,0.05345464884845039,0.07620130793289735,0.04407165197611601,0.04264998578333807,0.059425646858117714,0.05373898208700597,0.05459198180267273,0.05146431617856127,0.055160648279783904,0.05715098094967302,0.04776798407733864,0.06255331248222917,0.056582314472561845,0.048052317315894225,0.03497298834233722,0.05061131646289451,0.05430764856411714,0.06113164628945124,0.055444981518339494,0.06226897924367358,0.0642593119135627,0.055160648279783904,0.061984646005118,0.03952232015922661,0.04606198464600512,0.048620983793005404,0.048336650554449814,0.0685243104918965,0.03269832243389252,0.05715098094967302,0.06880864373045209,0.04293431902189366,0.05430764856411714,0.07847597384134206,0.1373329542223486,0.038669320443559856,0.04321865226044925,0.03298265567244811,0.03184532271822576,0.04094398635200455,0.04321865226044925,0.034404321865226045,0.0995166334944555,0.05459198180267273,0.04634631788456071,0.07023030992323002,0.04577765140744953,0.056582314472561845,0.03184532271822576,0.026442991185669604,0.04748365083878305,0.05999431333522889,0.0287176570941143,0.0355416548194484,0.07193630935456355,0.04634631788456071,0.05430764856411714,0.05345464884845039,0.056297981234006256,0.038100653966448676,0.04975831674722775,0.05004264998578334,0.05828831390389536,0.05146431617856127,0.056013647995450666,0.06823997725334091,0.06056297981234006,0.05999431333522889,0.04634631788456071,0.06312197895934035,0.04691498436167188,0.03667898777367074,0.06511231162922945,0.048620983793005404,0.044924651691782766,0.038100653966448676,0.041228319590560135,0.052601649132783625,0.055160648279783904,0.03952232015922661,0.026442991185669604,0.041512652829115725,0.059141313619562125,0.022462325845891383
nh0069,1.0,0.7576687116564417,0.5600715746421268,0.5535531697341514,0.5254345603271984,0.5262014314928425,0.4179447852760736,0.28169734151329245,0.38995398773006135,0.2870654396728016,0.3537832310838446,0.2792689161554192,0.33537832310838445,0.33486707566462165,0.2415644171779141,0.315439672801636,0.2658486707566462,0.28182515337423314,0.3233640081799591,0.28016359918200406,0.28131390593047034,0.26789366053169733,0.30585378323108386,0.20807770961145194,0.23888036809815952,0.18047034764826175,0.20168711656441718,0.20833333333333334,0.21050613496932516,0.18698875255623723,0.18277096114519428,0.1680725971370143,0.18149284253578732,0.18072597137014315,0.22980572597137014,0.24565439672801637,0.22060327198364008,0.20334867075664623,0.19938650306748465,0.1931237218813906,0.23261758691206544,0.2144683026584867,0.19133435582822086,0.1138803680981595,0.18622188139059304,0.13330777096114518,0.22916666666666666,0.12717280163599182,0.1275562372188139,0.15107361963190183,0.16117075664621677,0.15835889570552147,0.13663087934560328,0.1500511247443763,0.20833333333333334,0.1362474437627812,0.12615030674846625,0.16193762781186094,0.10020449897750511,0.12627811860940696,0.14276584867075665,0.12410531697341513,0.12551124744376277,0.15861451942740287,0.12947341513292435,0.1168200408997955,0.18174846625766872,0.15184049079754602,0.09317484662576687,0.18865030674846625,0.12308282208588957,0.14008179959100203,0.1492842535787321,0.10544478527607362,0.15158486707566463,0.14851738241308793,0.18711656441717792,0.13688650306748465,0.18008691206543967,0.12908997955010226,0.12129345603271983,0.14557770961145194,0.14046523517382414,0.1390593047034765,0.09790388548057259,0.09381390593047034,0.1223159509202454,0.15158486707566463,0.12653374233128833,0.1685838445807771,0.10097137014314929,0.11618098159509202,0.07655930470347648,0.09956543967280164,0.1444274028629857,0.12921779141104295,0.13139059304703476,0.10633946830265849,0.09458077709611452,0.09662576687116564,0.09752044989775051,0.1111963190184049,0.09010736196319018,0.10966257668711657,0.08333333333333333,0.11835378323108385,0.11362474437627812,0.1273006134969325,0.08192740286298568,0.09215235173824131,0.12819529652351738,0.08090490797546013,0.11912065439672802,0.1168200408997955,0.0871676891615542,0.14826175869120656,0.08627300613496933,0.17254601226993865,0.09969325153374232,0.12704498977505113,0.0870398773006135,0.0924079754601227,0.09343047034764826,0.13151840490797545,0.11336912065439672,0.14621676891615543,0.09982106339468302,0.09815950920245399,0.07988241308793456,0.09049079754601227,0.08601738241308793,0.08307770961145194,0.0897239263803681,0.08218302658486708,0.07476993865030675,0.11260224948875255,0.10800102249488752,0.11899284253578732,0.09585889570552147,0.09713701431492842,0.10672290388548057,0.1140081799591002,0.09739263803680982,0.07489775051124745,0.07387525562372188,0.09828732106339469,0.07834867075664621,0.08243865030674846,0.08371676891615541,0.09343047034764826,0.08857361963190184,0.09279141104294479,0.07783742331288343,0.08946830265848671,0.07707055214723926,0.08550613496932516,0.07221370143149285,0.08218302658486708,0.08192740286298568,0.08103271983640081,0.10173824130879346,0.10608384458077709,0.05227505112474438,0.08614519427402863,0.08320552147239264,0.06160531697341513,0.08128834355828221,0.08116053169734151,0.04652351738241309,0.11221881390593047,0.13675869120654396,0.09521983640081799,0.09713701431492842,0.06710122699386503,0.09215235173824131,0.06313905930470348,0.06735685071574642,0.05406441717791411,0.1140081799591002,0.08908486707566463,0.08576175869120654,0.057387525562372185,0.054831288343558285,0.06850715746421268,0.08882924335378323,0.10365541922290389,0.08985173824130879,0.05061349693251534,0.09841513292433537,0.07195807770961145,0.07106339468302658,0.05495910020449898,0.06441717791411043,0.06058282208588957,0.06083844580777096,0.06646216768916155,0.09458077709611452,0.05789877300613497,0.05789877300613497,0.05086912065439673,0.062116564417177916,0.0653118609406953,0.10199386503067484,0.06684560327198363,0.05393660531697342,0.06556748466257668,0.08576175869120654,0.07566462167689161,0.07770961145194274,0.07170245398773006,0.1221881390593047,0.06160531697341513,0.07170245398773006,0.0598159509202454,0.07170245398773006,0.09534764826175869,0.05534253578732106,0.0570040899795501,0.05994376278118609,0.06313905930470348,0.06901840490797546,0.05521472392638037,0.08563394683026584,0.06134969325153374,0.056109406952965235,0.05674846625766871,0.08665644171779141,0.06441717791411043,0.06071063394683027,0.06224437627811861,0.0787321063394683,0.0681237218813906,0.060455010224948875,0.0625,0.05061349693251534,0.05099693251533742,0.04856850715746421,0.05457566462167689,0.07553680981595091,0.09547546012269939,0.07476993865030675,0.06671779141104295,0.0760480572597137,0.07809304703476483,0.0789877300613497,0.05521472392638037,0.0516359918200409,0.04588445807770961,0.09534764826175869,0.03872699386503067,0.11975971370143149,0.05112474437627812,0.057387525562372185,0.09317484662576687,0.05495910020449898,0.08895705521472393,0.06697341513292433,0.06007157464212679,0.07553680981595091,0.044989775051124746,0.057770961145194276,0.04409509202453988,0.07515337423312883,0.06288343558282208,0.06313905930470348,0.042050102249488755,0.05623721881390593,0.046395705521472395,0.0407719836400818,0.0571319018404908,0.05265848670756646,0.06978527607361963,0.07004089979550102,0.0650562372188139,0.04422290388548057,0.0598159509202454,0.05278629856850716,0.053169734151329244,0.04946319018404908,0.06876278118609407,0.07438650306748466,0.07042433537832311,0.0626278118609407,0.05099693251533742,0.04550102249488753,0.05841002044989775,0.05380879345603272,0.07374744376278118,0.041666666666666664,0.041794478527607364,0.04690695296523517,0.03872699386503067,0.06390593047034765,0.046140081799591004,0.07643149284253578,0.050357873210633945,0.044989775051124746,0.07387525562372188,0.03553169734151329,0.07719836400817996
nh0070,1.0,0.5975877192982456,0.5164473684210527,0.3059210526315789,0.5016447368421053,0.4303728070175439,0.6567982456140351,0.26589912280701755,0.35635964912280704,0.3399122807017544,0.36403508771929827,0.2604166666666667,0.26260964912280704,0.22861842105263158,0.22642543859649122,0.24451754385964913,0.29714912280701755,0.28289473684210525,0.2012061403508772,0.26535087719298245,0.22971491228070176,0.20888157894736842,0.18914473684210525,0.1913377192982456,0.25877192982456143,0.27521929824561403,0.16611842105263158,0.13760964912280702,0.2593201754385965,0.20285087719298245,0.25164473684210525,0.18969298245614036,0.16063596491228072,0.18859649122807018,0.1337719298245614,0.15953947368421054,0.11896929824561403,0.1825657894736842,0.14802631578947367,0.17160087719298245,0.13486842105263158,0.13432017543859648,0.1600877192982456,0.15515350877192982,0.11403508771929824,0.16721491228070176,0.1025219298245614,0.15570175438596492,0.18640350877192982,0.13925438596491227,0.20888157894736842,0.10635964912280702,0.15021929824561403,0.09375,0.13157894736842105,0.09429824561403509,0.13815789473684212,0.0893640350877193,0.1699561403508772,0.12664473684210525,0.16557017543859648,0.10197368421052631,0.16557017543859648,0.09923245614035088,0.13596491228070176,0.10197368421052631,0.08717105263157894,0.10142543859649122,0.1074561403508772,0.09923245614035088,0.08442982456140351,0.11074561403508772,0.21820175438596492,0.11239035087719298,0.11074561403508772,0.10087719298245613,0.08278508771929824,0.1875,0.11896929824561403,0.16557017543859648,0.14802631578947367,0.1513157894736842,0.1387061403508772,0.13706140350877194,0.08168859649122807,0.1162280701754386,0.11567982456140351,0.1288377192982456,0.23300438596491227,0.11842105263157894,0.11458333333333333,0.13322368421052633,0.0849780701754386,0.08826754385964912,0.11896929824561403,0.07894736842105263,0.1600877192982456,0.0805921052631579,0.12171052631578948,0.09703947368421052,0.13157894736842105,0.09100877192982457,0.08717105263157894,0.11951754385964912,0.12828947368421054,0.08607456140350878,0.09210526315789473,0.0756578947368421,0.10964912280701754,0.07730263157894737,0.10142543859649122,0.11403508771929824,0.12554824561403508,0.08771929824561403,0.125,0.08168859649122807,0.0668859649122807,0.05975877192982456,0.07346491228070176,0.09046052631578948,0.0712719298245614,0.09484649122807018,0.0756578947368421,0.06743421052631579,0.09484649122807018,0.0849780701754386,0.07949561403508772,0.06304824561403509,0.06853070175438597,0.1025219298245614,0.048793859649122806,0.13651315789473684,0.08168859649122807,0.08223684210526316,0.06140350877192982,0.052083333333333336,0.06195175438596491,0.09100877192982457,0.10855263157894737,0.05592105263157895,0.08442982456140351,0.06798245614035088,0.0762061403508772,0.07510964912280702,0.0800438596491228,0.07017543859649122,0.09210526315789473,0.0581140350877193,0.08717105263157894,0.07785087719298246,0.05098684210526316,0.07072368421052631,0.09265350877192982,0.09046052631578948,0.0712719298245614,0.07949561403508772,0.11896929824561403,0.0756578947368421,0.09978070175438597,0.09594298245614036,0.07236842105263158,0.05975877192982456,0.08442982456140351,0.07182017543859649,0.0581140350877193,0.049890350877192985,0.06798245614035088,0.08826754385964912,0.05317982456140351,0.05756578947368421,0.06195175438596491,0.08662280701754387,0.09978070175438597,0.10142543859649122,0.0893640350877193,0.0762061403508772,0.07236842105263158,0.05756578947368421,0.0581140350877193,0.0849780701754386,0.05592105263157895,0.047697368421052634,0.08223684210526316,0.06030701754385965,0.06140350877192982,0.03179824561403509,0.06140350877192982,0.05921052631578947,0.047149122807017545,0.06359649122807018,0.04331140350877193,0.11239035087719298,0.04276315789473684,0.05537280701754386,0.08333333333333333,0.0356359649122807,0.0625,0.03837719298245614,0.06414473684210527,0.06633771929824561,0.0356359649122807,0.08607456140350878,0.0581140350877193,0.07072368421052631,0.07346491228070176,0.06030701754385965,0.05866228070175439,0.1118421052631579,0.06085526315789474,0.047697368421052634,0.012609649122807017,0.05263157894736842,0.03125,0.05537280701754386,0.05975877192982456,0.05756578947368421,0.08168859649122807,0.054276315789473686,0.046052631578947366,0.05701754385964912,0.04276315789473684,0.08717105263157894,0.049890350877192985,0.05317982456140351,0.06633771929824561,0.051535087719298246,0.048793859649122806,0.08442982456140351,0.04331140350877193,0.03125,0.03782894736842105,0.05043859649122807,0.046600877192982455,0.0400219298245614,0.06140350877192982,0.06030701754385965,0.06524122807017543,0.054276315789473686,0.041666666666666664,0.05756578947368421,0.03344298245614035,0.029605263157894735,0.04057017543859649,0.07182017543859649,0.054276315789473686,0.05921052631578947,0.0625,0.043859649122807015,0.021929824561403508,0.03782894736842105,0.02631578947368421,0.07510964912280702,0.06304824561403509,0.03234649122807018,0.049342105263157895,0.03289473684210526,0.05921052631578947,0.04111842105263158,0.06085526315789474,0.0537280701754386,0.05537280701754386,0.03837719298245614,0.04111842105263158,0.052083333333333336,0.03508771929824561,0.04276315789473684,0.06414473684210527,0.0400219298245614,0.0400219298245614,0.04331140350877193,0.05317982456140351,0.0625,0.05866228070175439,0.04057017543859649,0.07401315789473684,0.046600877192982455,0.043859649122807015,0.05921052631578947,0.05263157894736842,0.06359649122807018,0.03453947368421053,0.05263157894736842,0.04276315789473684,0.048793859649122806,0.03837719298245614,0.09539473684210527,0.042214912280701754,0.03508771929824561,0.06414473684210527,0.05263157894736842,0.047697368421052634,0.027412280701754384,0.06962719298245613,0.06633771929824561,0.052083333333333336,0.042214912280701754,0.03179824561403509,0.03179824561403509,0.03508771929824561,0.04331140350877193
nh0071,1.0,0.5192307692307693,0.39397089397089397,0.38513513513513514,0.4106029106029106,0.36746361746361744,0.43814968814968813,0.25519750519750517,0.25623700623700624,0.2697505197505197,0.39293139293139295,0.23856548856548856,0.23752598752598753,0.2260914760914761,0.20166320166320167,0.25571725571725573,0.2739085239085239,0.15072765072765074,0.1502079002079002,0.20218295218295218,0.16735966735966737,0.18035343035343035,0.15072765072765074,0.1444906444906445,0.21725571725571727,0.1294178794178794,0.1600831600831601,0.12525987525987525,0.2448024948024948,0.19906444906444906,0.2286902286902287,0.19022869022869024,0.18243243243243243,0.12681912681912683,0.13721413721413722,0.15904365904365905,0.14760914760914762,0.14085239085239085,0.12681912681912683,0.13513513513513514,0.11070686070686071,0.10654885654885655,0.16268191268191268,0.1548856548856549,0.14864864864864866,0.25519750519750517,0.08887733887733888,0.10135135135135136,0.15696465696465697,0.1288981288981289,0.2104989604989605,0.19126819126819128,0.14189189189189189,0.16943866943866945,0.10395010395010396,0.06756756756756757,0.14189189189189189,0.09875259875259876,0.1392931392931393,0.0997920997920998,0.18243243243243243,0.09563409563409564,0.18503118503118504,0.17671517671517672,0.10291060291060292,0.10083160083160084,0.10395010395010396,0.19594594594594594,0.12422037422037423,0.0945945945945946,0.060291060291060294,0.2001039501039501,0.10187110187110188,0.09615384615384616,0.11226611226611227,0.08783783783783784,0.06964656964656965,0.18243243243243243,0.09823284823284824,0.1444906444906445,0.079002079002079,0.14085239085239085,0.13721413721413722,0.09511434511434512,0.08575883575883576,0.12266112266112267,0.07640332640332641,0.09615384615384616,0.17775467775467776,0.104989604989605,0.08004158004158005,0.10654885654885655,0.06392931392931393,0.06444906444906445,0.07432432432432433,0.07380457380457381,0.09771309771309772,0.07744282744282745,0.056133056133056136,0.06496881496881497,0.10810810810810811,0.07796257796257797,0.0628898128898129,0.10914760914760915,0.14760914760914762,0.0816008316008316,0.11590436590436591,0.07224532224532225,0.09303534303534304,0.07796257796257797,0.09303534303534304,0.06912681912681913,0.06964656964656965,0.0816008316008316,0.13773388773388773,0.08367983367983368,0.20997920997921,0.034823284823284825,0.10810810810810811,0.10031185031185032,0.058212058212058215,0.0816008316008316,0.11122661122661123,0.06704781704781705,0.08471933471933472,0.0395010395010395,0.08004158004158005,0.061850311850311854,0.057692307692307696,0.08523908523908524,0.05145530145530146,0.038461538461538464,0.07744282744282745,0.06548856548856549,0.05353430353430354,0.06548856548856549,0.060810810810810814,0.04313929313929314,0.08991683991683992,0.062370062370062374,0.08056133056133057,0.04625779625779626,0.04937629937629938,0.05457380457380458,0.07536382536382537,0.07016632016632017,0.06808731808731809,0.05041580041580042,0.058731808731808735,0.07328482328482329,0.1288981288981289,0.04833679833679834,0.06600831600831601,0.07588357588357589,0.060810810810810814,0.061330561330561334,0.11122661122661123,0.10187110187110188,0.057692307692307696,0.09771309771309772,0.04261954261954262,0.04261954261954262,0.09407484407484408,0.09823284823284824,0.057172557172557176,0.04417879417879418,0.0446985446985447,0.060810810810810814,0.0446985446985447,0.016112266112266113,0.05353430353430354,0.061330561330561334,0.060810810810810814,0.07588357588357589,0.05405405405405406,0.060291060291060294,0.08056133056133057,0.0472972972972973,0.07172557172557173,0.04417879417879418,0.07276507276507277,0.04106029106029106,0.0472972972972973,0.04158004158004158,0.04158004158004158,0.012993762993762994,0.04573804573804574,0.037941787941787944,0.04002079002079002,0.04261954261954262,0.07172557172557173,0.09927234927234928,0.03170478170478171,0.04417879417879418,0.07120582120582121,0.038461538461538464,0.037941787941787944,0.04885654885654886,0.05093555093555094,0.04365904365904366,0.062370062370062374,0.16164241164241164,0.04261954261954262,0.07276507276507277,0.06860706860706861,0.0395010395010395,0.035862785862785865,0.170997920997921,0.029106029106029108,0.06600831600831601,0.004677754677754678,0.04106029106029106,0.16995841995841995,0.04573804573804574,0.02546777546777547,0.04054054054054054,0.060291060291060294,0.05353430353430354,0.04054054054054054,0.04625779625779626,0.02442827442827443,0.04054054054054054,0.0524948024948025,0.0498960498960499,0.036902286902286904,0.04365904365904366,0.04937629937629938,0.032744282744282746,0.05197505197505198,0.0420997920997921,0.04106029106029106,0.0498960498960499,0.061330561330561334,0.05041580041580042,0.058731808731808735,0.034303534303534305,0.0498960498960499,0.05353430353430354,0.032224532224532226,0.04781704781704782,0.031185031185031187,0.032224532224532226,0.03898128898128898,0.0472972972972973,0.04677754677754678,0.059771309771309775,0.0550935550935551,0.04417879417879418,0.0031185031185031187,0.057172557172557176,0.002598752598752599,0.04054054054054054,0.036382536382536385,0.030665280665280667,0.05457380457380458,0.02182952182952183,0.05301455301455302,0.061330561330561334,0.031185031185031187,0.0498960498960499,0.028066528066528068,0.034303534303534305,0.030145530145530147,0.030665280665280667,0.02442827442827443,0.05145530145530146,0.05353430353430354,0.04573804573804574,0.030665280665280667,0.03898128898128898,0.028586278586278588,0.032224532224532226,0.0446985446985447,0.02286902286902287,0.05145530145530146,0.035862785862785865,0.036382536382536385,0.05353430353430354,0.06652806652806653,0.04937629937629938,0.028066528066528068,0.030145530145530147,0.057692307692307696,0.0472972972972973,0.02338877338877339,0.036382536382536385,0.03170478170478171,0.02286902286902287,0.05041580041580042,0.04625779625779626,0.0498960498960499,0.016112266112266113,0.07068607068607069,0.058212058212058215,0.03170478170478171,0.037422037422037424,0.02234927234927235,0.02079002079002079,0.04833679833679834,0.008316008316008316
nh0072,1.0,0.5353971073331641,0.6470438974879472,0.3760466886577011,0.3410301953818828,0.33823902562801317,0.3448363359553413,0.41334686627759454,0.2509515351433646,0.23268206039076378,0.17558995178888606,0.2009642222786095,0.23902562801319463,0.22684597817812738,0.30575995940116724,0.24816036538949504,0.24460796752093378,0.2306521187515859,0.252473991372748,0.1951281400659731,0.1974118244100482,0.19538188277087035,0.16087287490484647,0.15858919056077136,0.17076884039583862,0.21492007104795738,0.20299416391778735,0.19157574219741183,0.1662014717076884,0.1415884293326567,0.19132199949251458,0.1875158589190561,0.1395584876934788,0.16036538949505202,0.16721644252727735,0.14285714285714285,0.15173813752854606,0.13017000761228115,0.14793199695508755,0.13245369195635626,0.11469170261354986,0.15046942400405988,0.14488708449632073,0.14514082720121796,0.17787363613296117,0.1514843948236488,0.12737883785841156,0.10961684851560517,0.09236234458259325,0.14209591474245115,0.13905100228368433,0.12052778482618624,0.1068256787617356,0.13828977416899263,0.15808170515097691,0.1839634610504948,0.11240801826947475,0.06242070540471961,0.1060644506470439,0.10479573712255773,0.10910936310581071,0.11164679015478304,0.10733316417153006,0.11748287236741943,0.12027404212128902,0.09540725704136006,0.13143872113676733,0.0941385435168739,0.08195889368180664,0.12179649835067242,0.10225831007358538,0.11900532859680284,0.07206292819081452,0.12585638162902815,0.10048211113930475,0.08627251966505962,0.08195889368180664,0.11925907130170008,0.09642222786094899,0.09337731540218219,0.11393047449885815,0.10352702359807156,0.07460035523978685,0.09286982999238771,0.09464602892666836,0.0697792438467394,0.08449632073077899,0.0898249175336209,0.09236234458259325,0.07028672925653387,0.0905861456483126,0.0578533367165694,0.10276579548337986,0.10073585384420197,0.068256787617356,0.05810707942146663,0.07612281146917026,0.08703374777975133,0.08272012179649835,0.0697792438467394,0.08398883532098453,0.06800304491245876,0.07663029687896473,0.07358538442019792,0.044151230652118754,0.08627251966505962,0.11012433392539965,0.06851053032225324,0.05633088048718599,0.06851053032225324,0.07155544278102005,0.07916772392793707,0.1164679015478305,0.08145140827201218,0.07155544278102005,0.059375792945952806,0.0979446840903324,0.07231667089571175,0.08576503425526516,0.06622684597817813,0.09667597056584623,0.05988327835574727,0.07536158335447855,0.0860187769601624,0.08424257802588175,0.10479573712255773,0.07231667089571175,0.07231667089571175,0.07383912712509515,0.06140573458513068,0.0786602385181426,0.06165947729002791,0.08424257802588175,0.06927175843694494,0.0778990104034509,0.10073585384420197,0.15833544785587414,0.06165947729002791,0.06419690433900026,0.054808424257802586,0.0852575488454707,0.07206292819081452,0.07815275310834814,0.07054047196143111,0.05734585130677493,0.06445064704389748,0.06292819081451408,0.068256787617356,0.05176351179903578,0.05201725450393301,0.055062166962699825,0.08373509261608729,0.06064450647043897,0.061151991880233444,0.06800304491245876,0.05252473991372748,0.048464856635371735,0.04922608475006344,0.06140573458513068,0.04541994417660492,0.07815275310834814,0.057092108601877696,0.05556965237249429,0.0578533367165694,0.07840649581324537,0.08424257802588175,0.04110631819335194,0.05328596802841918,0.06445064704389748,0.08880994671403197,0.06698807409286983,0.04871859934026897,0.047957371225577264,0.06571936056838366,0.07992895204262877,0.04339000253742705,0.05303222532352195,0.07434661253488963,0.06698807409286983,0.052778482618624716,0.0697792438467394,0.05912205024105557,0.04871859934026897,0.03603146409540726,0.05988327835574727,0.09134737376300431,0.07536158335447855,0.05100228368434408,0.04947982745496067,0.06292819081451408,0.07257041360060898,0.06216696269982238,0.05836082212636387,0.05531590966759706,0.06216696269982238,0.03425526516112662,0.05328596802841918,0.0497335701598579,0.0852575488454707,0.05201725450393301,0.046181172291296625,0.04034509007866024,0.04339000253742705,0.052778482618624716,0.044151230652118754,0.04871859934026897,0.058868307536158335,0.037807663029687896,0.037300177619893425,0.04998731286475514,0.10175082466379091,0.031210352702359806,0.056584623192083225,0.06394316163410302,0.032986551636640445,0.05176351179903578,0.0875412331895458,0.05150976909413854,0.04694240040598833,0.04770362852068003,0.052270997208830244,0.05328596802841918,0.0393301192590713,0.04516620147170769,0.05404719614311088,0.040091347373763006,0.04313625983252981,0.040091347373763006,0.05404719614311088,0.04770362852068003,0.04110631819335194,0.03603146409540726,0.04288251712763258,0.06039076376554174,0.04034509007866024,0.03628520680030449,0.035523978685612786,0.03806140573458513,0.037807663029687896,0.050241055569652374,0.0474498858157828,0.054554681552905354,0.04465871606191322,0.03704643491499619,0.028165440243592996,0.04516620147170769,0.04262877442273535,0.04871859934026897,0.07739152499365644,0.1060644506470439,0.047957371225577264,0.03222532352194874,0.041360060898249174,0.03425526516112662,0.046181172291296625,0.04719614311088556,0.035270235980715554,0.04465871606191322,0.028165440243592996,0.029434153768079167,0.06292819081451408,0.06292819081451408,0.06242070540471961,0.03653894950520173,0.04465871606191322,0.05430093884800812,0.03653894950520173,0.03907637655417407,0.05074854097944684,0.037807663029687896,0.029180411063181935,0.04491245876681045,0.026896726719106825,0.04313625983252981,0.035270235980715554,0.04541994417660492,0.046181172291296625,0.04719614311088556,0.058868307536158335,0.028672925653387464,0.035270235980715554,0.023851814260340016,0.02765795483379853,0.035523978685612786,0.024359299670134484,0.025120527784826187,0.02791169753869576,0.054554681552905354,0.03476275057092108,0.029180411063181935,0.057092108601877696,0.03374777975133215,0.037553920324790664,0.04871859934026897,0.04313625983252981,0.048211113930474496,0.04237503171783811,0.05404719614311088,0.06216696269982238,0.07155544278102005
nh0073,1.0,0.579415501905972,0.47395171537484115,0.4307496823379924,0.3202033036848793,0.3303684879288437,0.2579415501905972,0.2719186785260483,0.29733163913595934,0.2744599745870394,0.33163913595933925,0.22490470139771285,0.21473951715374842,0.21855146124523506,0.19440914866581957,0.1905972045743329,0.22109275730622618,0.17789072426937738,0.21346886912325286,0.24269377382465057,0.20584498094027953,0.22363405336721728,0.35069885641677256,0.15756035578144853,0.19822109275730623,0.14993646759847523,0.19186785260482847,0.09911054637865312,0.1473951715374841,0.20584498094027953,0.20584498094027953,0.12833545108005082,0.12706480304955528,0.1639135959339263,0.14993646759847523,0.1423125794155019,0.13214739517153748,0.13850063532401524,0.12579415501905972,0.11308767471410419,0.11054637865311309,0.14104193138500634,0.12198221092757307,0.1372299872935197,0.09148665819567979,0.14612452350698857,0.10927573062261753,0.10927573062261753,0.1423125794155019,0.156289707750953,0.07115628970775095,0.11181702668360864,0.10038119440914867,0.15247776365946633,0.062261753494282084,0.09275730622617535,0.08132147395171538,0.17026683608640406,0.10419313850063533,0.09275730622617535,0.1372299872935197,0.11181702668360864,0.1156289707750953,0.1181702668360864,0.11054637865311309,0.08005082592121983,0.10673443456162643,0.10292249047013977,0.096569250317662,0.14358322744599747,0.0940279542566709,0.13468869123252858,0.07369758576874205,0.10927573062261753,0.14358322744599747,0.12452350698856417,0.13595933926302414,0.04955527318932656,0.08259212198221093,0.09148665819567979,0.08132147395171538,0.06607369758576874,0.11689961880559085,0.2020330368487929,0.12579415501905972,0.10800508259212198,0.0698856416772554,0.11308767471410419,0.06480304955527319,0.06734434561626429,0.1423125794155019,0.10800508259212198,0.08767471410419314,0.11308767471410419,0.10800508259212198,0.05972045743329098,0.06480304955527319,0.043202033036848796,0.07496823379923762,0.06607369758576874,0.06861499364675985,0.06734434561626429,0.0724269377382465,0.0940279542566709,0.09911054637865312,0.08894536213468869,0.08132147395171538,0.09911054637865312,0.12198221092757307,0.096569250317662,0.05972045743329098,0.11689961880559085,0.04955527318932656,0.06861499364675985,0.08767471410419314,0.07496823379923762,0.07115628970775095,0.05844980940279543,0.10546378653113088,0.09911054637865312,0.12325285895806862,0.0698856416772554,0.044472681067344345,0.07623888182973317,0.06607369758576874,0.07496823379923762,0.052096569250317665,0.062261753494282084,0.06861499364675985,0.0940279542566709,0.07623888182973317,0.11181702668360864,0.08767471410419314,0.07115628970775095,0.04066073697585769,0.08005082592121983,0.036848792884371026,0.06353240152477764,0.06734434561626429,0.08767471410419314,0.10927573062261753,0.043202033036848796,0.06861499364675985,0.05972045743329098,0.08259212198221093,0.07623888182973317,0.05844980940279543,0.04701397712833545,0.12325285895806862,0.062261753494282084,0.10038119440914867,0.062261753494282084,0.048284625158831,0.07496823379923762,0.0698856416772554,0.05844980940279543,0.07623888182973317,0.05972045743329098,0.048284625158831,0.08132147395171538,0.05844980940279543,0.04955527318932656,0.054637865311308764,0.07496823379923762,0.045743329097839895,0.06734434561626429,0.0698856416772554,0.05844980940279543,0.08132147395171538,0.05844980940279543,0.060991105463786534,0.07750952986022872,0.07496823379923762,0.04066073697585769,0.048284625158831,0.07115628970775095,0.03939008894536213,0.060991105463786534,0.0724269377382465,0.04066073697585769,0.04193138500635324,0.08640406607369759,0.06861499364675985,0.062261753494282084,0.06607369758576874,0.043202033036848796,0.029224904701397714,0.060991105463786534,0.05972045743329098,0.036848792884371026,0.060991105463786534,0.04193138500635324,0.04066073697585769,0.06480304955527319,0.048284625158831,0.10419313850063533,0.045743329097839895,0.020330368487928845,0.08767471410419314,0.060991105463786534,0.05717916137229987,0.06861499364675985,0.04193138500635324,0.06353240152477764,0.06861499364675985,0.053367217280813214,0.0724269377382465,0.08513341804320203,0.048284625158831,0.05844980940279543,0.02795425667090216,0.05972045743329098,0.09148665819567979,0.05972045743329098,0.05590851334180432,0.053367217280813214,0.07369758576874205,0.04955527318932656,0.05717916137229987,0.053367217280813214,0.025412960609911054,0.048284625158831,0.0241423125794155,0.04193138500635324,0.02795425667090216,0.02795425667090216,0.04066073697585769,0.08259212198221093,0.03811944091486658,0.0724269377382465,0.060991105463786534,0.04193138500635324,0.05717916137229987,0.060991105463786534,0.03939008894536213,0.06353240152477764,0.052096569250317665,0.048284625158831,0.045743329097839895,0.043202033036848796,0.053367217280813214,0.062261753494282084,0.029224904701397714,0.05717916137229987,0.04955527318932656,0.08132147395171538,0.054637865311308764,0.05972045743329098,0.04066073697585769,0.07750952986022872,0.048284625158831,0.048284625158831,0.045743329097839895,0.035578144853875476,0.03176620076238882,0.026683608640406607,0.03811944091486658,0.03303684879288437,0.04955527318932656,0.04701397712833545,0.05844980940279543,0.045743329097839895,0.030495552731893267,0.07115628970775095,0.04701397712833545,0.04193138500635324,0.03939008894536213,0.048284625158831,0.053367217280813214,0.03939008894536213,0.05844980940279543,0.044472681067344345,0.054637865311308764,0.043202033036848796,0.03176620076238882,0.05590851334180432,0.04193138500635324,0.03939008894536213,0.03939008894536213,0.020330368487928845,0.045743329097839895,0.03176620076238882,0.08132147395171538,0.043202033036848796,0.035578144853875476,0.036848792884371026,0.04701397712833545,0.03811944091486658,0.06861499364675985,0.08386277001270648,0.04701397712833545,0.05972045743329098,0.05590851334180432,0.036848792884371026,0.03176620076238882,0.03176620076238882,0.03176620076238882,0.03939008894536213,0.052096569250317665,0.03939008894536213
nh0074,1.0,0.8335664335664336,0.8447552447552448,0.32447552447552447,0.5776223776223777,0.4909090909090909,0.7146853146853147,0.6951048951048951,0.4433566433566434,0.37202797202797205,0.36923076923076925,0.34405594405594403,0.37202797202797205,0.3748251748251748,0.5146853146853146,0.34265734265734266,0.3230769230769231,0.22937062937062938,0.2545454545454545,0.3132867132867133,0.27412587412587414,0.32447552447552447,0.29790209790209793,0.3328671328671329,0.34545454545454546,0.2895104895104895,0.1944055944055944,0.23356643356643356,0.28251748251748254,0.24615384615384617,0.17762237762237762,0.15664335664335666,0.26573426573426573,0.2111888111888112,0.18181818181818182,0.22237762237762237,0.23636363636363636,0.1958041958041958,0.22797202797202798,0.1916083916083916,0.18181818181818182,0.15384615384615385,0.21678321678321677,0.2083916083916084,0.14265734265734265,0.1062937062937063,0.08251748251748252,0.16923076923076924,0.2629370629370629,0.13146853146853146,0.07272727272727272,0.11328671328671329,0.1020979020979021,0.11468531468531469,0.13426573426573427,0.17202797202797201,0.11468531468531469,0.13706293706293707,0.1062937062937063,0.14685314685314685,0.16923076923076924,0.13846153846153847,0.14545454545454545,0.14405594405594405,0.1888111888111888,0.15524475524475526,0.13846153846153847,0.05314685314685315,0.11468531468531469,0.15384615384615385,0.07132867132867132,0.1062937062937063,0.17762237762237762,0.14825174825174825,0.17482517482517482,0.15384615384615385,0.09230769230769231,0.05034965034965035,0.1258741258741259,0.13426573426573427,0.17902097902097902,0.17342657342657342,0.16783216783216784,0.07692307692307693,0.14265734265734265,0.0993006993006993,0.15384615384615385,0.17622377622377622,0.22097902097902097,0.16083916083916083,0.13706293706293707,0.17622377622377622,0.22097902097902097,0.10909090909090909,0.06573426573426573,0.14405594405594405,0.1972027972027972,0.08951048951048951,0.12447552447552447,0.18601398601398603,0.08251748251748252,0.18601398601398603,0.10909090909090909,0.11048951048951049,0.17902097902097902,0.11048951048951049,0.0951048951048951,0.12307692307692308,0.1006993006993007,0.11608391608391608,0.12447552447552447,0.09090909090909091,0.08951048951048951,0.12447552447552447,0.12867132867132866,0.13986013986013987,0.06153846153846154,0.057342657342657345,0.1034965034965035,0.05314685314685315,0.09230769230769231,0.16223776223776223,0.1006993006993007,0.11748251748251748,0.18601398601398603,0.07412587412587412,0.12167832167832168,0.11328671328671329,0.13006993006993006,0.07692307692307693,0.11468531468531469,0.07692307692307693,0.0951048951048951,0.06433566433566433,0.08951048951048951,0.06293706293706294,0.07272727272727272,0.09090909090909091,0.1258741258741259,0.10909090909090909,0.11468531468531469,0.15244755244755245,0.08391608391608392,0.07972027972027972,0.12307692307692308,0.06153846153846154,0.11048951048951049,0.08811188811188811,0.0937062937062937,0.1034965034965035,0.044755244755244755,0.08811188811188811,0.0951048951048951,0.1062937062937063,0.0993006993006993,0.0951048951048951,0.12167832167832168,0.07972027972027972,0.1006993006993007,0.12307692307692308,0.0937062937062937,0.10909090909090909,0.08251748251748252,0.08811188811188811,0.08951048951048951,0.07272727272727272,0.07132867132867132,0.12867132867132866,0.06853146853146853,0.04755244755244755,0.07832167832167833,0.11888111888111888,0.1020979020979021,0.12027972027972028,0.057342657342657345,0.13426573426573427,0.05874125874125874,0.05314685314685315,0.08671328671328671,0.09090909090909091,0.057342657342657345,0.044755244755244755,0.11048951048951049,0.06713286713286713,0.09090909090909091,0.04195804195804196,0.07832167832167833,0.08391608391608392,0.04195804195804196,0.06153846153846154,0.08251748251748252,0.11468531468531469,0.04755244755244755,0.1020979020979021,0.04195804195804196,0.07832167832167833,0.08951048951048951,0.05874125874125874,0.0965034965034965,0.07972027972027972,0.09230769230769231,0.07692307692307693,0.1062937062937063,0.08531468531468532,0.08531468531468532,0.0937062937062937,0.08671328671328671,0.06433566433566433,0.07272727272727272,0.057342657342657345,0.006993006993006993,0.08671328671328671,0.03076923076923077,0.05034965034965035,0.08951048951048951,0.13006993006993006,0.06853146853146853,0.07272727272727272,0.07832167832167833,0.06013986013986014,0.06573426573426573,0.0937062937062937,0.07412587412587412,0.07692307692307693,0.0965034965034965,0.07972027972027972,0.08251748251748252,0.07552447552447553,0.04755244755244755,0.043356643356643354,0.057342657342657345,0.06993006993006994,0.07972027972027972,0.06993006993006994,0.08251748251748252,0.08671328671328671,0.08951048951048951,0.05874125874125874,0.044755244755244755,0.0937062937062937,0.06433566433566433,0.06153846153846154,0.05174825174825175,0.09230769230769231,0.07832167832167833,0.06153846153846154,0.07272727272727272,0.06713286713286713,0.026573426573426574,0.013986013986013986,0.019580419580419582,0.07972027972027972,0.0993006993006993,0.06153846153846154,0.043356643356643354,0.05874125874125874,0.05314685314685315,0.057342657342657345,0.11188811188811189,0.044755244755244755,0.05454545454545454,0.046153846153846156,0.0993006993006993,0.1034965034965035,0.08531468531468532,0.05174825174825175,0.07552447552447553,0.05174825174825175,0.06153846153846154,0.057342657342657345,0.0993006993006993,0.06853146853146853,0.032167832167832165,0.06153846153846154,0.07272727272727272,0.06293706293706294,0.03636363636363636,0.06433566433566433,0.06573426573426573,0.08251748251748252,0.06573426573426573,0.08531468531468532,0.05454545454545454,0.05174825174825175,0.03636363636363636,0.06573426573426573,0.06853146853146853,0.039160839160839164,0.04055944055944056,0.032167832167832165,0.06153846153846154,0.03076923076923077,0.05874125874125874,0.07132867132867132,0.05314685314685315,0.05874125874125874,0.044755244755244755,0.03636363636363636,0.04055944055944056,0.03076923076923077
nh0075,1.0,0.5916473317865429,0.5174013921113689,0.3677494199535963,0.4385150812064965,0.3248259860788863,0.4234338747099768,0.30162412993039445,0.37470997679814383,0.29698375870069604,0.511600928074246,0.302784222737819,0.30974477958236657,0.33874709976798145,0.2354988399071926,0.1902552204176334,0.26450116009280744,0.345707656612529,0.3039443155452436,0.2737819025522042,0.2668213457076566,0.2088167053364269,0.22273781902552203,0.2529002320185615,0.21809744779582366,0.22157772621809746,0.17633410672853828,0.18445475638051045,0.19489559164733178,0.1925754060324826,0.25638051044083526,0.17749419953596288,0.19721577726218098,0.21693735498839908,0.14269141531322505,0.13225058004640372,0.1136890951276102,0.15661252900232017,0.12877030162412992,0.15777262180974477,0.10788863109048724,0.10556844547563805,0.17865429234338748,0.14269141531322505,0.10208816705336426,0.191415313225058,0.20533642691415313,0.1751740139211137,0.1902552204176334,0.09280742459396751,0.1345707656612529,0.12761020881670534,0.1334106728538283,0.12993039443155452,0.20417633410672853,0.12645011600928074,0.10556844547563805,0.16473317865429235,0.14385150812064965,0.16473317865429235,0.1554524361948956,0.16241299303944315,0.16241299303944315,0.10556844547563805,0.16241299303944315,0.13921113689095127,0.09976798143851508,0.10556844547563805,0.1902552204176334,0.12296983758700696,0.0951276102088167,0.07888631090487239,0.09280742459396751,0.1136890951276102,0.11832946635730858,0.08004640371229699,0.1136890951276102,0.09280742459396751,0.12180974477958237,0.191415313225058,0.14501160092807425,0.09744779582366589,0.11832946635730858,0.14617169373549885,0.14965197215777262,0.18213457076566125,0.07424593967517401,0.11020881670533643,0.12761020881670534,0.09280742459396751,0.154292343387471,0.15661252900232017,0.0951276102088167,0.11600928074245939,0.09744779582366589,0.11832946635730858,0.10324825986078887,0.09860788863109049,0.18561484918793503,0.09280742459396751,0.1148491879350348,0.16125290023201855,0.16357308584686775,0.10904872389791183,0.21809744779582366,0.08352668213457076,0.13805104408352667,0.10440835266821345,0.16937354988399073,0.1148491879350348,0.06960556844547564,0.14501160092807425,0.14965197215777262,0.08352668213457076,0.12645011600928074,0.12064965197215777,0.04060324825986079,0.19837587006960558,0.05916473317865429,0.0777262180974478,0.11832946635730858,0.09164733178654293,0.08700696055684455,0.08584686774941995,0.09048723897911833,0.05568445475638051,0.08004640371229699,0.06728538283062645,0.0777262180974478,0.09976798143851508,0.0962877030162413,0.12761020881670534,0.08468677494199536,0.08816705336426914,0.09860788863109049,0.06844547563805105,0.08932714617169374,0.07076566125290024,0.08468677494199536,0.10904872389791183,0.09976798143851508,0.0777262180974478,0.06960556844547564,0.08584686774941995,0.07076566125290024,0.09048723897911833,0.10324825986078887,0.05568445475638051,0.0765661252900232,0.052204176334106726,0.0765661252900232,0.08932714617169374,0.10208816705336426,0.08468677494199536,0.07192575406032482,0.05916473317865429,0.07540603248259861,0.11716937354988399,0.09280742459396751,0.14269141531322505,0.09164733178654293,0.0568445475638051,0.09396751740139211,0.08004640371229699,0.06264501160092807,0.042923433874709975,0.1345707656612529,0.04756380510440835,0.1519721577726218,0.11020881670533643,0.03596287703016241,0.10904872389791183,0.12645011600928074,0.054524361948955914,0.08120649651972157,0.08816705336426914,0.07076566125290024,0.06380510440835267,0.08236658932714618,0.07192575406032482,0.06844547563805105,0.06844547563805105,0.13225058004640372,0.0568445475638051,0.08120649651972157,0.1148491879350348,0.10788863109048724,0.0962877030162413,0.04756380510440835,0.10440835266821345,0.07076566125290024,0.09048723897911833,0.1136890951276102,0.06960556844547564,0.0962877030162413,0.054524361948955914,0.04176334106728538,0.08932714617169374,0.04756380510440835,0.11832946635730858,0.07424593967517401,0.1136890951276102,0.07076566125290024,0.06380510440835267,0.05916473317865429,0.06960556844547564,0.04640371229698376,0.10904872389791183,0.0777262180974478,0.08468677494199536,0.08700696055684455,0.08236658932714618,0.0777262180974478,0.07540603248259861,0.054524361948955914,0.06380510440835267,0.07424593967517401,0.08468677494199536,0.04176334106728538,0.04408352668213457,0.09164733178654293,0.04756380510440835,0.06612529002320186,0.05568445475638051,0.05916473317865429,0.058004640371229696,0.060324825986078884,0.06496519721577726,0.08932714617169374,0.03596287703016241,0.02668213457076566,0.048723897911832945,0.08468677494199536,0.06148491879350348,0.04988399071925754,0.07076566125290024,0.06496519721577726,0.06612529002320186,0.08236658932714618,0.05916473317865429,0.03248259860788863,0.09164733178654293,0.04756380510440835,0.10556844547563805,0.029002320185614848,0.05916473317865429,0.06612529002320186,0.060324825986078884,0.09976798143851508,0.033642691415313224,0.13921113689095127,0.06612529002320186,0.07424593967517401,0.03480278422273782,0.029002320185614848,0.05916473317865429,0.0765661252900232,0.054524361948955914,0.09860788863109049,0.05104408352668213,0.05916473317865429,0.06612529002320186,0.04408352668213457,0.0568445475638051,0.04524361948955916,0.048723897911832945,0.04176334106728538,0.06960556844547564,0.03596287703016241,0.03944315545243619,0.07076566125290024,0.058004640371229696,0.05568445475638051,0.06844547563805105,0.06612529002320186,0.052204176334106726,0.054524361948955914,0.06728538283062645,0.05568445475638051,0.060324825986078884,0.07888631090487239,0.06612529002320186,0.05336426914153132,0.052204176334106726,0.06148491879350348,0.07076566125290024,0.08932714617169374,0.037122969837587005,0.09976798143851508,0.03248259860788863,0.029002320185614848,0.04060324825986079,0.05568445475638051,0.04756380510440835,0.06148491879350348,0.030162412993039442,0.054524361948955914,0.03596287703016241,0.052204176334106726,0.025522041763341066
nh0076,1.0,0.6042732470659044,0.5579295817032802,0.4207041829671983,0.3873006319590731,0.36172133614204033,0.4652422509780319,0.3587120072223894,0.3403551008125188,0.3195907312669275,0.3192897983749624,0.30153475774902194,0.29491423412578993,0.2867890460427325,0.27204333433644295,0.26933493830875715,0.2566957568462233,0.24345470959975926,0.21125489015949445,0.24104724646403852,0.2675293409569666,0.23863978332831778,0.2636172133614204,0.25398736081853746,0.2124586217273548,0.21005115859163406,0.18086066807102016,0.18928678904604274,0.18838399037014747,0.21035209148359915,0.17845320493529943,0.15979536563346375,0.1793560036111947,0.2202828769184472,0.1688233523924165,0.19681011134517,0.16701775504062594,0.18025880228709,0.16400842612097502,0.14896178152272044,0.17273547998796268,0.17273547998796268,0.13842913030394222,0.1390309960878724,0.11886849232621126,0.10713210953957268,0.18417092988263617,0.15257297622630153,0.07914535058681914,0.14053566054769787,0.11947035811014144,0.12428528438158291,0.12548901594944328,0.10653024375564249,0.09027986758952754,0.11044237135118869,0.1029190490520614,0.12940114354498947,0.13933192897983748,0.1357207342762564,0.11465543183869997,0.16521215768883538,0.13812819741197713,0.11284983448690943,0.10442371351188685,0.13782726452001204,0.10803490821546795,0.10893770689136323,0.13632260006018657,0.1098405055672585,0.13301233824857056,0.09599759253686428,0.12578994884140837,0.10382184772795666,0.10141438459223594,0.13812819741197713,0.10111345170027083,0.08155281372253988,0.11224796870297923,0.13060487511284982,0.11164610291904906,0.12368341859765272,0.12308155281372254,0.10683117664760758,0.12548901594944328,0.1357207342762564,0.1284983448690942,0.11074330424315378,0.11495636473066506,0.11856755943424617,0.12910021065302438,0.07372855853144748,0.10592837797171231,0.1170628949744207,0.12548901594944328,0.09780318988865483,0.12157688835389709,0.10111345170027083,0.12970207643695456,0.08606680710201625,0.10021065302437557,0.08606680710201625,0.10261811616009629,0.12368341859765272,0.06770990069214565,0.1134517002708396,0.11555823051459524,0.1101414384592236,0.10111345170027083,0.09810412278061992,0.13090580800481494,0.11074330424315378,0.12127595546193198,0.07643695455913331,0.09599759253686428,0.08305747818236534,0.07162202828769185,0.14113752633162804,0.07914535058681914,0.07974721637074933,0.08757147156184171,0.09569665964489919,0.08516400842612097,0.08937706891363226,0.0839602768582606,0.08636773999398134,0.09268733072524828,0.09750225699668974,0.0734276256394824,0.07583508877520313,0.11284983448690943,0.09569665964489919,0.091784532049353,0.08185374661450497,0.07493229009930785,0.06650616912428528,0.06831176647607584,0.061992175744808906,0.0839602768582606,0.08727053866987662,0.07282575985555222,0.07433042431537767,0.08997893469756245,0.07854348480288896,0.0659043033403551,0.07944628347878423,0.0990069214565152,0.09088173337345772,0.059283779717123085,0.10502557929581703,0.06650616912428528,0.08095094793860969,0.10893770689136323,0.07523322299127294,0.08666867288594643,0.06139030996087872,0.07041829671983148,0.0842612097502257,0.09930785434848029,0.08606680710201625,0.07071922961179657,0.07794161901895877,0.0845621426421908,0.08516400842612097,0.0547697863376467,0.07192296117965694,0.08004814926271442,0.07583508877520313,0.06139030996087872,0.05266325609389106,0.09539572675293409,0.06921456515197111,0.08757147156184171,0.07824255191092386,0.09539572675293409,0.07884441769485405,0.06018657839301836,0.053265121877821245,0.048149262714414685,0.09750225699668974,0.048149262714414685,0.06319590731266927,0.08666867288594643,0.07493229009930785,0.06379777309659945,0.03882034306349684,0.054468853445681614,0.06680710201625037,0.06560337044839001,0.07613602166716822,0.06891363226000602,0.06560337044839001,0.06289497442070419,0.045741799578693954,0.06770990069214565,0.06319590731266927,0.06740896780018056,0.07493229009930785,0.058080048149262715,0.07583508877520313,0.0731266927475173,0.05898284682515799,0.06891363226000602,0.06078844417694854,0.06439963888052964,0.0511585916340656,0.0586819139331929,0.07102016250376166,0.05176045741799579,0.06169124285284382,0.040625940415287394,0.04002407463135721,0.04544086668672886,0.049352994282275055,0.06560337044839001,0.061992175744808906,0.06921456515197111,0.07192296117965694,0.056876316581402346,0.06560337044839001,0.0625940415287391,0.06108937706891363,0.05356605476978634,0.0695154980439362,0.05597351790550707,0.06289497442070419,0.045741799578693954,0.06349684020463436,0.06801083358411074,0.038218477279566655,0.043334336442973215,0.06891363226000602,0.0625940415287391,0.04905206139030996,0.06289497442070419,0.05988564550105326,0.06620523623232019,0.05717724947336744,0.07071922961179657,0.0659043033403551,0.05988564550105326,0.05898284682515799,0.05597351790550707,0.059584712609088174,0.0767378874510984,0.04664459825458923,0.07192296117965694,0.05416792055371652,0.03400541679205537,0.03039422208847427,0.09720132410472465,0.08757147156184171,0.049352994282275055,0.058380981041227804,0.061992175744808906,0.08034908215467951,0.05356605476978634,0.05356605476978634,0.06801083358411074,0.05025579295817033,0.03851941017153175,0.058380981041227804,0.04995486006620524,0.058080048149262715,0.03882034306349684,0.05055672585013542,0.04634366536262414,0.04664459825458923,0.04995486006620524,0.04875112849834487,0.03882034306349684,0.06289497442070419,0.058380981041227804,0.05657538368943726,0.04724646403851941,0.039723141739392114,0.05176045741799579,0.0511585916340656,0.06139030996087872,0.049653927174240144,0.058080048149262715,0.05988564550105326,0.040625940415287394,0.049352994282275055,0.04544086668672886,0.04544086668672886,0.06891363226000602,0.0475473969304845,0.04905206139030996,0.04483900090279867,0.038218477279566655,0.045741799578693954,0.048149262714414685,0.05777911525729762,0.0767378874510984,0.037917544387601566,0.0439362022269034,0.04092687330725248,0.044538068010833584,0.04513993379476377
nh0077,1.0,0.4302147239263804,0.5263803680981595,0.4415644171779141,0.3187116564417178,0.28021472392638036,0.30782208588957055,0.3061349693251534,0.24309815950920247,0.2647239263803681,0.20736196319018405,0.2473926380368098,0.27070552147239263,0.19141104294478528,0.2513803680981595,0.18021472392638035,0.22883435582822087,0.19846625766871165,0.17806748466257669,0.1549079754601227,0.1628834355828221,0.13358895705521473,0.12530674846625767,0.23588957055214724,0.1263803680981595,0.17392638036809815,0.12438650306748467,0.1455521472392638,0.1289877300613497,0.1521472392638037,0.09187116564417178,0.12960122699386503,0.1303680981595092,0.15674846625766872,0.1299079754601227,0.14386503067484663,0.15613496932515336,0.1588957055214724,0.12208588957055215,0.15521472392638036,0.12254601226993865,0.08496932515337423,0.1273006134969325,0.11349693251533742,0.11702453987730062,0.07239263803680981,0.1575153374233129,0.11349693251533742,0.10245398773006135,0.11457055214723927,0.05521472392638037,0.09279141104294479,0.08819018404907976,0.11671779141104295,0.11380368098159509,0.0799079754601227,0.06932515337423313,0.09984662576687117,0.07039877300613497,0.09187116564417178,0.075,0.0829754601226994,0.09539877300613497,0.09923312883435582,0.11242331288343559,0.09325153374233129,0.09493865030674846,0.08941717791411043,0.0803680981595092,0.10552147239263804,0.09447852760736196,0.11196319018404909,0.10214723926380367,0.09079754601226994,0.09340490797546012,0.08312883435582823,0.10460122699386504,0.05920245398773006,0.06273006134969325,0.10383435582822086,0.0691717791411043,0.10153374233128834,0.08865030674846626,0.08803680981595093,0.09248466257668711,0.08650306748466258,0.08174846625766871,0.07208588957055215,0.09846625766871166,0.08558282208588958,0.08573619631901841,0.075,0.07776073619631901,0.0838957055214724,0.08773006134969324,0.10705521472392639,0.09677914110429447,0.08236196319018405,0.04923312883435583,0.053067484662576686,0.06825153374233128,0.09631901840490797,0.07914110429447853,0.04570552147239264,0.07162576687116565,0.05337423312883435,0.05812883435582822,0.045552147239263804,0.061042944785276075,0.06457055214723927,0.09279141104294479,0.08773006134969324,0.04125766871165644,0.07576687116564418,0.05138036809815951,0.09110429447852761,0.07193251533742331,0.11441717791411044,0.07223926380368098,0.06334355828220858,0.07147239263803681,0.07070552147239263,0.08098159509202454,0.05782208588957055,0.0736196319018405,0.048006134969325154,0.0661042944785276,0.058588957055214726,0.07714723926380368,0.06840490797546012,0.0892638036809816,0.06886503067484663,0.04923312883435583,0.06334355828220858,0.07285276073619631,0.07239263803680981,0.08159509202453988,0.06901840490797546,0.056134969325153376,0.07684049079754601,0.04125766871165644,0.06165644171779141,0.03865030674846626,0.06503067484662577,0.0651840490797546,0.06073619631901841,0.057975460122699385,0.05644171779141104,0.07208588957055215,0.03773006134969325,0.08220858895705521,0.05276073619631902,0.05291411042944785,0.04616564417177914,0.04677914110429448,0.09171779141104294,0.049539877300613495,0.05935582822085889,0.05383435582822086,0.05628834355828221,0.062116564417177916,0.050920245398773004,0.06625766871165645,0.03542944785276073,0.05138036809815951,0.04631901840490798,0.05659509202453988,0.048466257668711654,0.1004601226993865,0.08205521472392638,0.046625766871165646,0.03773006134969325,0.045552147239263804,0.06748466257668712,0.0504601226993865,0.0392638036809816,0.04923312883435583,0.03834355828220859,0.03190184049079755,0.03726993865030675,0.031595092024539875,0.0397239263803681,0.042024539877300614,0.04325153374233129,0.04739263803680981,0.08496932515337423,0.048006134969325154,0.0392638036809816,0.04815950920245399,0.07868098159509203,0.047085889570552146,0.06595092024539877,0.0656441717791411,0.03266871165644172,0.02361963190184049,0.059049079754601226,0.05276073619631902,0.04125766871165644,0.04877300613496933,0.04616564417177914,0.05889570552147239,0.04677914110429448,0.049079754601226995,0.044171779141104296,0.055521472392638035,0.040030674846625765,0.03849693251533742,0.05291411042944785,0.030214723926380367,0.04079754601226994,0.060429447852760734,0.04785276073619632,0.06641104294478528,0.04156441717791411,0.04187116564417178,0.047085889570552146,0.030521472392638038,0.034662576687116566,0.037576687116564415,0.03450920245398773,0.04769938650306749,0.03619631901840491,0.053067484662576686,0.04171779141104295,0.05383435582822086,0.05,0.042024539877300614,0.03098159509202454,0.04524539877300614,0.048466257668711654,0.050153374233128836,0.038190184049079756,0.03098159509202454,0.05107361963190184,0.040644171779141106,0.034049079754601225,0.032208588957055216,0.039110429447852764,0.028987730061349692,0.04233128834355828,0.03696319018404908,0.04432515337423313,0.050153374233128836,0.03496932515337423,0.01932515337423313,0.0397239263803681,0.03328220858895706,0.032208588957055216,0.07208588957055215,0.07868098159509203,0.06717791411042945,0.042484662576687114,0.037576687116564415,0.04785276073619632,0.03588957055214724,0.03773006134969325,0.029754601226993867,0.03542944785276073,0.0343558282208589,0.029141104294478526,0.024386503067484664,0.03174846625766871,0.04478527607361963,0.03328220858895706,0.03236196319018405,0.03680981595092025,0.03343558282208589,0.026226993865030676,0.029294478527607363,0.04279141104294479,0.03803680981595092,0.029447852760736196,0.028987730061349692,0.04570552147239264,0.05107361963190184,0.03190184049079755,0.04187116564417178,0.03665644171779141,0.02822085889570552,0.03374233128834356,0.0392638036809816,0.03742331288343558,0.032208588957055216,0.03726993865030675,0.03266871165644172,0.026533742331288343,0.02960122699386503,0.03987730061349693,0.0392638036809816,0.04647239263803681,0.021319018404907974,0.06134969325153374,0.02638036809815951,0.029294478527607363,0.036503067484662574,0.02883435582822086,0.04033742331288344,0.036042944785276074,0.04033742331288344,0.03328220858895706
nh0078,1.0,0.5269461077844312,0.4833190761334474,0.2840034217279726,0.48246364414029086,0.47647562018819506,0.42087254063301965,0.4354148845166809,0.2788708297690334,0.25748502994011974,0.3558597091531223,0.262617621899059,0.2155688622754491,0.17964071856287425,0.3678357570573139,0.21300256629597947,0.2309666381522669,0.2386655260906758,0.22241231822070145,0.20530367835757057,0.2985457656116339,0.18135158254918735,0.2711719418306245,0.2292557741659538,0.2617621899059025,0.20958083832335328,0.19846022241231823,0.12403763900769889,0.21385799828913601,0.16167664670658682,0.17792985457656116,0.1283147989734816,0.17365269461077845,0.16253207869974337,0.1223267750213858,0.12318220701454234,0.11120615911035073,0.12147134302822926,0.1283147989734816,0.12403763900769889,0.08212147134302823,0.20102651839178784,0.22412318220701455,0.11976047904191617,0.15996578272027373,0.08810949529512403,0.08810949529512403,0.13857998289136014,0.14285714285714285,0.15226689478186484,0.1086398631308811,0.11976047904191617,0.06672369546621043,0.1146278870829769,0.13857998289136014,0.1146278870829769,0.09153122326775022,0.1009409751924722,0.09837467921300257,0.0949529512403764,0.15568862275449102,0.1864841745081266,0.17194183062446536,0.13515825491873396,0.11633875106929,0.08212147134302823,0.05218135158254919,0.12574850299401197,0.11035072711719418,0.08383233532934131,0.08297690333618478,0.07784431137724551,0.08383233532934131,0.09751924721984602,0.06843455945252352,0.08297690333618478,0.10607356715141146,0.07955517536355859,0.08982035928143713,0.14029084687767324,0.09067579127459367,0.11120615911035073,0.09923011120615911,0.06928999144568007,0.09923011120615911,0.0718562874251497,0.11548331907613345,0.09409751924721985,0.14456800684345594,0.08810949529512403,0.10692899914456801,0.09067579127459367,0.09580838323353294,0.15911035072711718,0.06073567151411463,0.0658682634730539,0.08126603934987169,0.09751924721984602,0.17621899059024806,0.0658682634730539,0.0504704875962361,0.06672369546621043,0.06757912745936698,0.12061591103507271,0.12403763900769889,0.0641573994867408,0.1420017108639863,0.06843455945252352,0.0872540633019675,0.09153122326775022,0.05474764756201882,0.12318220701454234,0.1497005988023952,0.08126603934987169,0.11206159110350727,0.1009409751924722,0.05218135158254919,0.033361847733105215,0.06073567151411463,0.06672369546621043,0.08639863130881095,0.10436270316509838,0.08639863130881095,0.06757912745936698,0.0658682634730539,0.10008554319931566,0.08126603934987169,0.06843455945252352,0.05902480752780154,0.09666381522668947,0.05731394354148845,0.09580838323353294,0.06330196749358426,0.04448246364414029,0.08810949529512403,0.08041060735671514,0.08383233532934131,0.04362703165098375,0.07527801539777587,0.0658682634730539,0.1283147989734816,0.07613344739093242,0.09923011120615911,0.0718562874251497,0.0855431993156544,0.05645851154833191,0.09153122326775022,0.0872540633019675,0.06843455945252352,0.09837467921300257,0.07442258340461934,0.059880239520958084,0.08126603934987169,0.10350727117194183,0.04875962360992301,0.05218135158254919,0.0641573994867408,0.12147134302822926,0.037639007698887936,0.10778443113772455,0.06757912745936698,0.05731394354148845,0.06843455945252352,0.07955517536355859,0.07698887938408897,0.06843455945252352,0.05474764756201882,0.04448246364414029,0.0504704875962361,0.07014542343883662,0.11890504704875962,0.12917023096663816,0.10521813515825491,0.06843455945252352,0.03507271171941831,0.05902480752780154,0.09923011120615911,0.06244653550042772,0.1300256629597947,0.11804961505560307,0.058169375534645,0.06159110350727117,0.08041060735671514,0.0641573994867408,0.05218135158254919,0.05303678357570573,0.0641573994867408,0.0855431993156544,0.036783575705731396,0.032506415739948676,0.0641573994867408,0.0641573994867408,0.04448246364414029,0.07613344739093242,0.07271171941830624,0.04704875962360992,0.05731394354148845,0.059880239520958084,0.05731394354148845,0.05731394354148845,0.037639007698887936,0.0658682634730539,0.0718562874251497,0.06843455945252352,0.05132591958939264,0.06672369546621043,0.06244653550042772,0.05731394354148845,0.045337895637296836,0.0718562874251497,0.03507271171941831,0.04362703165098375,0.02737382378100941,0.030795551753635585,0.03421727972626176,0.07698887938408897,0.030795551753635585,0.04961505560307956,0.0290846877673225,0.10949529512403763,0.055603079555175364,0.05218135158254919,0.045337895637296836,0.05731394354148845,0.045337895637296836,0.036783575705731396,0.02566295979469632,0.04448246364414029,0.0872540633019675,0.016253207869974338,0.026518391787852865,0.04875962360992301,0.05474764756201882,0.05474764756201882,0.05474764756201882,0.05303678357570573,0.05132591958939264,0.046193327630453376,0.09923011120615911,0.04020530367835757,0.0213857998289136,0.05474764756201882,0.037639007698887936,0.0718562874251497,0.08982035928143713,0.04875962360992301,0.06928999144568007,0.04961505560307956,0.046193327630453376,0.03849443969204448,0.016253207869974338,0.05731394354148845,0.03592814371257485,0.041060735671514116,0.028229255774165955,0.030795551753635585,0.05645851154833191,0.03934987168520103,0.03421727972626176,0.026518391787852865,0.04961505560307956,0.07271171941830624,0.045337895637296836,0.07100085543199315,0.06159110350727117,0.023096663815226688,0.04790419161676647,0.032506415739948676,0.0504704875962361,0.022241231822070145,0.06073567151411463,0.058169375534645,0.03507271171941831,0.029940119760479042,0.04790419161676647,0.07100085543199315,0.02566295979469632,0.032506415739948676,0.07955517536355859,0.05731394354148845,0.04020530367835757,0.07698887938408897,0.05731394354148845,0.0504704875962361,0.04790419161676647,0.02480752780153978,0.046193327630453376,0.04448246364414029,0.0427715996578272,0.06501283147989735,0.05218135158254919,0.018819503849443968,0.03165098374679213,0.06073567151411463,0.0290846877673225,0.03849443969204448,0.03592814371257485,0.036783575705731396,0.046193327630453376,0.06244653550042772
nh0079,1.0,0.5692007797270955,0.5419103313840156,0.3401559454191033,0.49317738791423,0.3840155945419103,0.3206627680311891,0.30116959064327486,0.3001949317738791,0.22319688109161792,0.3226120857699805,0.246588693957115,0.25146198830409355,0.2378167641325536,0.2553606237816764,0.246588693957115,0.2719298245614035,0.24366471734892786,0.18518518518518517,0.23489278752436646,0.2651072124756335,0.1608187134502924,0.20955165692007796,0.2212475633528265,0.1793372319688109,0.15594541910331383,0.16374269005847952,0.16666666666666666,0.20857699805068225,0.18908382066276802,0.12475633528265107,0.10428849902534112,0.14035087719298245,0.14327485380116958,0.14230019493177387,0.15984405458089668,0.1608187134502924,0.15886939571150097,0.13840155945419103,0.15204678362573099,0.12573099415204678,0.13840155945419103,0.17348927875243664,0.10331384015594541,0.11403508771929824,0.09941520467836257,0.10721247563352826,0.15204678362573099,0.17251461988304093,0.13937621832358674,0.08382066276803118,0.10038986354775828,0.12573099415204678,0.10916179337231968,0.11403508771929824,0.1023391812865497,0.06530214424951267,0.10818713450292397,0.13352826510721247,0.10916179337231968,0.12573099415204678,0.13352826510721247,0.13840155945419103,0.11695906432748537,0.13840155945419103,0.08187134502923976,0.07115009746588694,0.05847953216374269,0.1276803118908382,0.09161793372319688,0.11500974658869395,0.08674463937621832,0.11695906432748537,0.09844054580896686,0.11598440545808966,0.09649122807017543,0.12280701754385964,0.07309941520467836,0.15594541910331383,0.12280701754385964,0.10721247563352826,0.13060428849902533,0.1111111111111111,0.0682261208576998,0.07992202729044834,0.09649122807017543,0.11403508771929824,0.07894736842105263,0.09259259259259259,0.12183235867446393,0.10526315789473684,0.12378167641325535,0.08187134502923976,0.10038986354775828,0.09551656920077972,0.1101364522417154,0.07309941520467836,0.1189083820662768,0.10721247563352826,0.11208576998050682,0.0847953216374269,0.08869395711500974,0.09064327485380116,0.07407407407407407,0.12475633528265107,0.06042884990253411,0.10818713450292397,0.1101364522417154,0.06725146198830409,0.08089668615984405,0.07212475633528265,0.11208576998050682,0.09746588693957114,0.07212475633528265,0.08869395711500974,0.09551656920077972,0.1101364522417154,0.05360623781676413,0.05555555555555555,0.06627680311890838,0.10038986354775828,0.09649122807017543,0.07115009746588694,0.07797270955165692,0.1189083820662768,0.07992202729044834,0.06725146198830409,0.06335282651072124,0.06627680311890838,0.08187134502923976,0.04580896686159844,0.08284600389863547,0.05458089668615984,0.05555555555555555,0.0682261208576998,0.06920077972709551,0.0594541910331384,0.09161793372319688,0.057504873294346975,0.07115009746588694,0.06627680311890838,0.12183235867446393,0.056530214424951264,0.08576998050682261,0.09064327485380116,0.06920077972709551,0.09454191033138401,0.05458089668615984,0.057504873294346975,0.06920077972709551,0.03898635477582846,0.06725146198830409,0.07309941520467836,0.07797270955165692,0.0594541910331384,0.03216374269005848,0.0769980506822612,0.08187134502923976,0.0682261208576998,0.07797270955165692,0.06530214424951267,0.05555555555555555,0.05263157894736842,0.05847953216374269,0.05847953216374269,0.04775828460038986,0.07797270955165692,0.07212475633528265,0.05263157894736842,0.10136452241715399,0.04873294346978557,0.09064327485380116,0.07894736842105263,0.07504873294346978,0.03996101364522417,0.06920077972709551,0.06140350877192982,0.031189083820662766,0.06042884990253411,0.08576998050682261,0.036062378167641324,0.042884990253411304,0.049707602339181284,0.06237816764132553,0.050682261208576995,0.07797270955165692,0.057504873294346975,0.06140350877192982,0.025341130604288498,0.05555555555555555,0.04580896686159844,0.07504873294346978,0.04873294346978557,0.07992202729044834,0.03996101364522417,0.031189083820662766,0.06432748538011696,0.0682261208576998,0.04580896686159844,0.04775828460038986,0.04191033138401559,0.050682261208576995,0.06335282651072124,0.07797270955165692,0.05263157894736842,0.07017543859649122,0.05360623781676413,0.04483430799220273,0.04483430799220273,0.07894736842105263,0.029239766081871343,0.05165692007797271,0.04678362573099415,0.0341130604288499,0.04580896686159844,0.0769980506822612,0.028265107212475632,0.06042884990253411,0.04483430799220273,0.0682261208576998,0.029239766081871343,0.05165692007797271,0.050682261208576995,0.06140350877192982,0.04580896686159844,0.049707602339181284,0.04873294346978557,0.05263157894736842,0.08869395711500974,0.029239766081871343,0.03216374269005848,0.06432748538011696,0.042884990253411304,0.09259259259259259,0.056530214424951264,0.06432748538011696,0.04775828460038986,0.05847953216374269,0.049707602339181284,0.03508771929824561,0.06530214424951267,0.11403508771929824,0.04775828460038986,0.06725146198830409,0.04483430799220273,0.08382066276803118,0.05458089668615984,0.0341130604288499,0.07017543859649122,0.06140350877192982,0.030214424951267055,0.04873294346978557,0.037037037037037035,0.07212475633528265,0.02729044834307992,0.08869395711500974,0.04873294346978557,0.049707602339181284,0.028265107212475632,0.05555555555555555,0.04775828460038986,0.04580896686159844,0.02729044834307992,0.06725146198830409,0.07894736842105263,0.03508771929824561,0.04678362573099415,0.04483430799220273,0.03996101364522417,0.04191033138401559,0.049707602339181284,0.05360623781676413,0.03996101364522417,0.018518518518518517,0.056530214424951264,0.06237816764132553,0.024366471734892786,0.028265107212475632,0.07407407407407407,0.04678362573099415,0.04093567251461988,0.056530214424951264,0.025341130604288498,0.036062378167641324,0.0341130604288499,0.049707602339181284,0.049707602339181284,0.0594541910331384,0.05360623781676413,0.04191033138401559,0.028265107212475632,0.015594541910331383,0.024366471734892786,0.025341130604288498,0.023391812865497075,0.03313840155945419,0.024366471734892786,0.0682261208576998,0.04775828460038986,0.04580896686159844
nh0080,1.0,0.5285961871750433,0.5418110918544194,0.24545060658578857,0.4488734835355286,0.33535528596187175,0.38431542461005197,0.30654246100519933,0.2512998266897747,0.3130415944540728,0.35160311958405543,0.20775563258232235,0.21685441941074524,0.25476603119584057,0.25779896013864817,0.29267764298093585,0.19540727902946273,0.17547660311958405,0.18349220103986136,0.2554159445407279,0.1561958405545927,0.19280762564991336,0.1531629116117851,0.20103986135181975,0.2270363951473137,0.17850953206239167,0.1369150779896014,0.13128249566724437,0.21295493934142115,0.15771230502599654,0.17266031195840553,0.09380415944540728,0.15294627383015597,0.15489601386481802,0.1546793760831889,0.11481802426343155,0.14038128249566725,0.11070190641247833,0.14341421143847488,0.09727036395147313,0.08795493934142114,0.09857019064124783,0.15272963604852685,0.12954939341421143,0.14146447140381282,0.11330155979202773,0.15576256499133448,0.1587954939341421,0.19952339688041595,0.16421143847487002,0.07755632582322357,0.12803292894280763,0.08448873483535528,0.12868284228769497,0.11936741767764299,0.10983535528596187,0.06412478336221837,0.11135181975736569,0.10008665511265165,0.1048526863084922,0.1301993067590988,0.07582322357019064,0.1412478336221837,0.11915077989601386,0.1265164644714038,0.1345320623916811,0.07885615251299827,0.07668977469670711,0.11590121317157712,0.09987001733102253,0.08102253032928942,0.08643847487001734,0.10030329289428076,0.09380415944540728,0.10268630849220103,0.12175043327556326,0.06174176776429809,0.053292894280762566,0.08513864818024264,0.13778162911611785,0.11416811091854419,0.12045060658578856,0.09727036395147313,0.07322357019064125,0.08557192374350087,0.10290294627383016,0.12001733102253033,0.10680242634315425,0.13778162911611785,0.09077123050259965,0.10203639514731369,0.1291161178509532,0.12738301559792028,0.08362218370883882,0.06434142114384749,0.0860051993067591,0.08015597920277297,0.05979202772963605,0.12261698440207973,0.1009532062391681,0.07105719237435008,0.10875216637781629,0.0831889081455806,0.06759098786828423,0.15142980935875217,0.0886048526863085,0.08773830155979202,0.07603986135181975,0.06889081455805893,0.1009532062391681,0.0873050259965338,0.05025996533795494,0.08643847487001734,0.0712738301559792,0.12045060658578856,0.07474003466204505,0.061308492201039864,0.12564991334488734,0.07495667244367418,0.0645580589254766,0.05307625649913345,0.10658578856152513,0.08275563258232235,0.07690641247833623,0.08557192374350087,0.06759098786828423,0.07235701906412478,0.08102253032928942,0.0927209705372617,0.060008665511265165,0.07603986135181975,0.059358752166377815,0.08297227036395147,0.04787694974003466,0.05675909878682842,0.08340554592720971,0.06650779896013864,0.045060658578856154,0.08687175043327557,0.07582322357019064,0.0792894280762565,0.08513864818024264,0.07344020797227037,0.07495667244367418,0.0818890814558059,0.06954072790294627,0.07993934142114385,0.0645580589254766,0.0873050259965338,0.04961005199306759,0.060008665511265165,0.054376083188908145,0.08427209705372617,0.05632582322357019,0.07495667244367418,0.06282495667244367,0.057842287694974,0.08492201039861352,0.06542461005199307,0.08275563258232235,0.06780762564991334,0.0712738301559792,0.0524263431542461,0.06195840554592721,0.06954072790294627,0.05285961871750433,0.060658578856152515,0.06347487001733103,0.07409012131715771,0.029462738301559793,0.06542461005199307,0.07603986135181975,0.08708838821490468,0.07625649913344887,0.05220970537261698,0.07603986135181975,0.05632582322357019,0.03791161178509532,0.0658578856152513,0.09380415944540728,0.05675909878682842,0.050043327556325824,0.07084055459272097,0.058925476603119586,0.06672443674176777,0.017547660311958407,0.06477469670710571,0.06195840554592721,0.035745233968804156,0.050693240901213174,0.04722703639514731,0.05459272097053726,0.04636048526863085,0.05480935875216638,0.038778162911611784,0.06087521663778163,0.04852686308492201,0.043327556325823226,0.06997400346620451,0.05459272097053726,0.04852686308492201,0.06867417677642981,0.06954072790294627,0.06195840554592721,0.05415944540727903,0.07907279029462738,0.03856152512998267,0.07149046793760831,0.06520797227036396,0.0389948006932409,0.014298093587521665,0.061308492201039864,0.050693240901213174,0.050043327556325824,0.048960138648180246,0.07040727902946274,0.05134315424610052,0.0658578856152513,0.04419410745233969,0.07170710571923744,0.05047660311958405,0.053726169844020795,0.05697573656845754,0.057842287694974,0.05459272097053726,0.050043327556325824,0.045060658578856154,0.06109185441941074,0.06044194107452339,0.03617850953206239,0.04397746967071057,0.059358752166377815,0.07300693240901213,0.04051126516464471,0.06780762564991334,0.04181109185441941,0.053942807625649916,0.045060658578856154,0.055675909878682844,0.05719237435008666,0.05199306759098787,0.03986135181975736,0.04657712305025997,0.07972270363951472,0.03076256499133449,0.04354419410745234,0.04744367417677643,0.044410745233968804,0.011915077989601387,0.02577989601386482,0.08882149046793761,0.06867417677642981,0.05090987868284229,0.05480935875216638,0.04246100519930676,0.0389948006932409,0.04051126516464471,0.042027729636048526,0.06477469670710571,0.0402946273830156,0.03856152512998267,0.04072790294627383,0.04917677642980936,0.0684575389948007,0.037045060658578856,0.04224436741767764,0.047660311958405546,0.03596187175043328,0.038128249566724434,0.04657712305025997,0.06520797227036396,0.06910745233968804,0.043760831889081454,0.037045060658578856,0.025346620450606587,0.0389948006932409,0.04289428076256499,0.04246100519930676,0.04852686308492201,0.03921143847487002,0.04484402079722704,0.04917677642980936,0.04917677642980936,0.036395147313691506,0.036395147313691506,0.059358752166377815,0.05025996533795494,0.03921143847487002,0.04787694974003466,0.03791161178509532,0.03791161178509532,0.03791161178509532,0.060008665511265165,0.05545927209705372,0.03747833622183709,0.03184575389948007,0.030979202772963604,0.03531195840554593,0.04917677642980936,0.03596187175043328
nh0081,1.0,0.7744867048131943,0.579602827330865,0.3402894648266577,0.40996297542914845,0.43554358801750254,0.47189498485358466,0.4611242006058566,0.42510939077751597,0.3473577919892292,0.30797711208347356,0.280713564456412,0.30090878492090206,0.290811174688657,0.33557724671827666,0.30932346011443956,0.26657691013126894,0.23224503534163582,0.2568158869067654,0.3157186132615281,0.3443285089195557,0.2924941097273645,0.2605183439919219,0.2648939750925614,0.25008414675193535,0.2574890609222484,0.20565466173005723,0.23931336250420734,0.25479636486031637,0.18916189835072367,0.1985863345674857,0.17603500504880512,0.18142039717266914,0.21507909794681926,0.27061595422416695,0.20296196566812522,0.2251767081790643,0.16560080780881858,0.16560080780881858,0.16223493773140357,0.17704476607202962,0.14708852238303602,0.21171322786940425,0.17872770111073713,0.22181083810164928,0.10063951531470886,0.13901043419724,0.17637159205654662,0.1736788959946146,0.1985863345674857,0.10804442948502188,0.13732749915853248,0.12924941097273646,0.15583978458431505,0.19252776842813868,0.14742510939077752,0.14776169639851902,0.16122517670817907,0.13530797711208348,0.13227869404240997,0.1447324133288455,0.23123527431841132,0.12453719286435544,0.12117132278694043,0.18545944126556715,0.15886906765398856,0.13396162908111747,0.08953214405923932,0.12319084483338943,0.13362504207337597,0.1134298216088859,0.10265903736115786,0.1127566475934029,0.12150790979468193,0.12453719286435544,0.13699091215079098,0.12992258498821946,0.08751262201279031,0.1141029956243689,0.14910804442948503,0.13261528105015147,0.12083473577919893,0.12218108381016493,0.11713227869404241,0.12083473577919893,0.15651295859979805,0.13160552002692696,0.11107371255469539,0.13261528105015147,0.10636149444631438,0.15920565466173006,0.12588354089532144,0.14641534836755302,0.10568832043083137,0.07943453382699428,0.11107371255469539,0.09458094917536183,0.10737125546953888,0.0865028609895658,0.10838101649276338,0.10636149444631438,0.13160552002692696,0.09592729720632784,0.09357118815213733,0.12487377987209694,0.141703130259172,0.1127566475934029,0.11915180074049142,0.12352743184113094,0.12319084483338943,0.10366879838438237,0.09155166610568832,0.12049814877145743,0.12386401884887244,0.09761023224503534,0.09996634129922585,0.12823964994951195,0.08111746886570179,0.10972736452372939,0.10804442948502188,0.08111746886570179,0.09727364523729384,0.08986873106698082,0.10265903736115786,0.1141029956243689,0.07505890272635476,0.09592729720632784,0.12285425782564793,0.09222484012117133,0.09828340626051835,0.07169303264893975,0.0841467519353753,0.09188825311342982,0.0851565129585998,0.09693705822955234,0.12251767081790643,0.06967351060249075,0.08953214405923932,0.10164927633793336,0.10366879838438237,0.09895658027600135,0.10972736452372939,0.10602490743857287,0.10636149444631438,0.11713227869404241,0.0568832043083137,0.09996634129922585,0.07169303264893975,0.07202961965668125,0.0854930999663413,0.04207337596768765,0.10501514641534837,0.11544934365533491,0.07270279367216426,0.13665432514304948,0.06496129249410973,0.0834735779198923,0.0844833389431168,0.07674183776506227,0.09390777515987883,0.07808818579602828,0.06193200942443622,0.07169303264893975,0.07337596768764726,0.08818579602827331,0.06260518343991922,0.09188825311342982,0.07236620666442276,0.049814877145742176,0.04880511612251767,0.10265903736115786,0.10770784247728038,0.09727364523729384,0.0844833389431168,0.07808818579602828,0.08078088185796028,0.09693705822955234,0.05452709525412319,0.09592729720632784,0.06630764052507573,0.08111746886570179,0.06832716257152474,0.07034668461797375,0.06799057556378324,0.0565466173005722,0.03433187478963312,0.09424436216762033,0.07034668461797375,0.058229552339279705,0.06226859643217772,0.08179064288118479,0.06731740154830024,0.06866374957926624,0.07068327162571525,0.05923931336250421,0.060922248401211715,0.04813194210703467,0.06428811847862673,0.08885897004375631,0.07101985863345675,0.06832716257152474,0.07001009761023225,0.08986873106698082,0.05923931336250421,0.07640525075732077,0.10467855940760687,0.07741501178054527,0.07101985863345675,0.0568832043083137,0.06731740154830024,0.03433187478963312,0.09222484012117133,0.06967351060249075,0.04745876809155167,0.06630764052507573,0.052844160215415686,0.06630764052507573,0.08145405587344329,0.06294177044766072,0.06900033658700774,0.06024907438572871,0.08919555705149781,0.06597105351733423,0.06529787950185123,0.052844160215415686,0.06260518343991922,0.07404914170313026,0.07236620666442276,0.060585661393470214,0.049814877145742176,0.08852238303601481,0.04779535509929317,0.06866374957926624,0.06832716257152474,0.06462470548636823,0.05048805116122518,0.05856613934702121,0.0568832043083137,0.06294177044766072,0.05890272635476271,0.05957590037024571,0.04745876809155167,0.06327835745540222,0.0565466173005722,0.06866374957926624,0.05082463816896668,0.061258835408953216,0.07741501178054527,0.0282733086502861,0.11040053853921239,0.04611242006058566,0.07371255469538876,0.06866374957926624,0.06832716257152474,0.060585661393470214,0.06395153147088523,0.06967351060249075,0.057892965331538204,0.07707842477280377,0.04611242006058566,0.06428811847862673,0.04745876809155167,0.07034668461797375,0.03601480982834063,0.046785594076068665,0.06193200942443622,0.049814877145742176,0.07472231571861326,0.04341972399865365,0.04442948502187816,0.07337596768764726,0.05890272635476271,0.06327835745540222,0.04914170313025917,0.0568832043083137,0.04745876809155167,0.06698081454055874,0.0565466173005722,0.05452709525412319,0.06226859643217772,0.052170986199932684,0.041400201952204646,0.046449007068327164,0.07371255469538876,0.052170986199932684,0.05991248737798721,0.05452709525412319,0.0558734432850892,0.05419050824638169,0.07539548973409627,0.05015146415348368,0.041063614944463145,0.058229552339279705,0.06024907438572871,0.04846852911477617,0.04341972399865365,0.0575563783237967,0.043756311006395154,0.06361494446314372,0.043756311006395154
nh0082,1.0,0.7678943710910354,0.7692842251563586,0.4252953439888812,0.33425990271021544,0.4440583738707436,0.5399583043780403,0.4829742876997915,0.30020847810979845,0.28700486448922863,0.3898540653231411,0.3481584433634468,0.3224461431549687,0.2953439888811675,0.33773453787352326,0.35093815149409313,0.3050729673384295,0.1487143849895761,0.28144544822793605,0.30298818624044477,0.3460736622654621,0.21751216122307157,0.3801250868658791,0.2828353022932592,0.33564975677553854,0.25573314801945796,0.24947880472550382,0.23558026407227242,0.1959694232105629,0.28214037526059765,0.25364836692147325,0.30785267546907574,0.21681723419041002,0.16191799861014594,0.23488533703961084,0.24461431549687282,0.23974982626824184,0.17164697706740792,0.16886726893676163,0.18693537178596248,0.21403752605976373,0.15010423905489922,0.15844336344683807,0.20639332870048646,0.17859624739402363,0.19735927727588604,0.08617095205003475,0.1014593467685893,0.16400277970813065,0.26685198054204307,0.0917303683113273,0.09728978457261987,0.12230715774843641,0.1369006254343294,0.0778318276580959,0.1862404447533009,0.2571230020847811,0.16330785267546907,0.13064628214037527,0.14523974982626825,0.08339124391938846,0.2453092425295344,0.17095205003474634,0.07922168172341904,0.11049339819318972,0.17651146629603892,0.1834607366226546,0.06532314107018763,0.1250868658790827,0.14246004169562196,0.06671299513551077,0.09242529534398888,0.14037526059763725,0.10771369006254343,0.12856150104239056,0.08825573314801946,0.08756080611535788,0.06254343293954134,0.09867963863794302,0.07505211952744961,0.09381514940931203,0.1348158443363447,0.14037526059763725,0.06323835997220292,0.08547602501737317,0.12230715774843641,0.1369006254343294,0.13898540653231412,0.1369006254343294,0.12786657400972898,0.23558026407227242,0.113273106323836,0.11813759555246699,0.09937456567060458,0.07991660875608061,0.12578179291174427,0.13620569840166782,0.07018763029881862,0.08686587908269632,0.07713690062543432,0.07991660875608061,0.11605281445448228,0.1063238359972203,0.09381514940931203,0.18763029881862406,0.09798471160528145,0.10562890896455872,0.11188325225851285,0.12856150104239056,0.10215427380125087,0.07644197359277276,0.0945100764419736,0.0729673384294649,0.09937456567060458,0.16608756080611536,0.10493398193189715,0.08756080611535788,0.03127171646977067,0.14454482279360667,0.07991660875608061,0.06810284920083391,0.10910354412786658,0.07157748436414177,0.11257817929117443,0.11188325225851285,0.04933981931897151,0.08825573314801946,0.11049339819318972,0.10771369006254343,0.09242529534398888,0.07644197359277276,0.07574704656011119,0.1202223766504517,0.10076441973592773,0.07435719249478805,0.10771369006254343,0.05698401667824878,0.06323835997220292,0.09242529534398888,0.08617095205003475,0.1202223766504517,0.07852675469075747,0.0945100764419736,0.061153578874218205,0.11188325225851285,0.06949270326615706,0.061153578874218205,0.07574704656011119,0.07922168172341904,0.1292564280750521,0.03683113273106324,0.07713690062543432,0.057678943710910355,0.09798471160528145,0.0965948575399583,0.054204308547602505,0.09034051424600417,0.05559416261292564,0.03683113273106324,0.10562890896455872,0.07852675469075747,0.08408617095205004,0.0423905489923558,0.08617095205003475,0.1438498957609451,0.061153578874218205,0.06740792216817235,0.05350938151494093,0.05072967338429465,0.0729673384294649,0.06323835997220292,0.05698401667824878,0.10006949270326616,0.0847810979847116,0.046560111188325225,0.05906879777623349,0.05281445448227936,0.045170257123002086,0.10493398193189715,0.0965948575399583,0.046560111188325225,0.06810284920083391,0.045170257123002086,0.06323835997220292,0.07713690062543432,0.03961084086170952,0.027102154273801252,0.04933981931897151,0.06393328700486449,0.07435719249478805,0.06949270326615706,0.07922168172341904,0.05559416261292564,0.04378040305767894,0.046560111188325225,0.07713690062543432,0.08130646282140375,0.022932592077831826,0.10910354412786658,0.04030576789437109,0.08200138985406533,0.06323835997220292,0.08617095205003475,0.06532314107018763,0.08895066018068103,0.09381514940931203,0.05559416261292564,0.11674774148714386,0.04586518415566365,0.059763724808895066,0.034051424600416956,0.07644197359277276,0.04794996525364837,0.07574704656011119,0.07852675469075747,0.03961084086170952,0.07644197359277276,0.06184850590687978,0.11883252258512857,0.07366226546212648,0.08061153578874218,0.04447533009034051,0.06949270326615706,0.05350938151494093,0.05559416261292564,0.04794996525364837,0.07227241139680333,0.05350938151494093,0.07922168172341904,0.06810284920083391,0.05489923558026407,0.05906879777623349,0.09589993050729674,0.03961084086170952,0.09520500347463516,0.04100069492703266,0.04447533009034051,0.06045865184155664,0.037526059763724806,0.08200138985406533,0.08200138985406533,0.0778318276580959,0.08964558721334259,0.06462821403752605,0.08547602501737317,0.06671299513551077,0.05698401667824878,0.05698401667824878,0.034051424600416956,0.018068102849200834,0.0006949270326615705,0.06045865184155664,0.048644892286309936,0.03683113273106324,0.054204308547602505,0.04447533009034051,0.06879777623349548,0.07018763029881862,0.03127171646977067,0.05003474635163308,0.08964558721334259,0.14037526059763725,0.06810284920083391,0.04933981931897151,0.046560111188325225,0.06323835997220292,0.06740792216817235,0.05003474635163308,0.02849200833912439,0.04794996525364837,0.06462821403752605,0.04169562195969423,0.05906879777623349,0.03127171646977067,0.05489923558026407,0.030576789437109102,0.05142460041695622,0.05837387074357193,0.06949270326615706,0.045170257123002086,0.06323835997220292,0.05003474635163308,0.1271716469770674,0.05072967338429465,0.03613620569840167,0.05142460041695622,0.061153578874218205,0.08200138985406533,0.08895066018068103,0.04794996525364837,0.09034051424600417,0.011118832522585128,0.07157748436414177,0.04030576789437109,0.02640722724113968,0.04586518415566365,0.020847810979847115,0.06810284920083391,0.06810284920083391,0.01320361362056984
nh0083,1.0,0.6054341405788541,0.40165386887182514,0.48316597755463675,0.4737152982870644,0.2835203780271707,0.14176018901358536,0.22090962787950383,0.28824571766095686,0.3024217365623154,0.28470171293561725,0.2669816893089191,0.34258712344949793,0.2976963969285292,0.16184288245717662,0.21145894861193149,0.21441228588304784,0.19078558771411694,0.24276432368576492,0.23922031896042528,0.19196692262256349,0.2705256940342587,0.2344949793266391,0.19137625516834023,0.12226816302421736,0.14057885410513882,0.20378027170702895,0.2073242764323686,0.1772002362669817,0.13171884229178973,0.11813349084465447,0.13821618428824572,0.14294152392203188,0.1494388659184879,0.15948021264028353,0.17601890135853515,0.15948021264028353,0.14766686355581807,0.16243354991139988,0.15239220318960425,0.16656822209096278,0.12876550502067335,0.1488481984642646,0.1470761961015948,0.07265209686946249,0.09746012994683993,0.11754282339043119,0.10691080921441229,0.11813349084465447,0.0897814530419374,0.11636148848198465,0.1813349084465446,0.14412285883047843,0.11695215593620792,0.08919078558771412,0.08210277613703484,0.08505611340815121,0.10159480212640283,0.11577082102776137,0.1151801535735381,0.10159480212640283,0.13171884229178973,0.10750147666863556,0.14412285883047843,0.11636148848198465,0.10041346721795628,0.10927347903130538,0.18665091553455404,0.09982279976373302,0.07619610159480213,0.09982279976373302,0.12463083284111046,0.119314825753101,0.06851742468989959,0.17365623154164206,0.13171884229178973,0.13998818665091553,0.112817483756645,0.0874187832250443,0.14530419373892497,0.10041346721795628,0.13349084465445954,0.10041346721795628,0.06969875959834614,0.1045481393975192,0.09332545776727702,0.06910809214412286,0.0897814530419374,0.05729474305965741,0.0980507974010632,0.0897814530419374,0.08328411104548139,0.050797401063201415,0.06202008269344359,0.11458948611931483,0.08151210868281157,0.06438275251033668,0.10986414648552864,0.05729474305965741,0.07619610159480213,0.12935617247489664,0.09332545776727702,0.1795629060838748,0.09096278795038393,0.08033077377436504,0.09923213230950975,0.06497341996455995,0.06438275251033668,0.06438275251033668,0.07974010632014177,0.10395747194329592,0.06497341996455995,0.06969875959834614,0.08033077377436504,0.08092144122858831,0.057885410513880686,0.0661547548730065,0.03780271707028943,0.09332545776727702,0.054341405788541054,0.06674542232722977,0.09686946249261666,0.08682811577082103,0.0767867690490254,0.11458948611931483,0.08860011813349085,0.07796810395747195,0.08800945067926758,0.07737743650324867,0.03071470761961016,0.07914943886591849,0.08623744831659776,0.09864146485528648,0.0637920850561134,0.04725339633786178,0.060838747784997045,0.04370939161252215,0.0915534554046072,0.06438275251033668,0.07088009450679268,0.07147076196101594,0.11990549320732427,0.030124040165386886,0.05375073833431778,0.052569403425871235,0.08446544595392794,0.06320141760189013,0.04193738924985233,0.05375073833431778,0.05197873597164796,0.07324276432368576,0.04725339633786178,0.06438275251033668,0.045481393975191964,0.0661547548730065,0.049616066154754876,0.044300059066745424,0.09509746012994684,0.08328411104548139,0.11813349084465447,0.0448907265209687,0.07088009450679268,0.09096278795038393,0.06674542232722977,0.04016538688718252,0.0596574128765505,0.05138806851742469,0.09923213230950975,0.0874187832250443,0.12285883047844064,0.04843473124630833,0.03662138216184288,0.03721204961606615,0.0661547548730065,0.06556408741878322,0.03780271707028943,0.05020673360897814,0.09686946249261666,0.028942705256940343,0.0318960425280567,0.04134672179562906,0.052569403425871235,0.057885410513880686,0.06320141760189013,0.060838747784997045,0.12226816302421736,0.05493207324276432,0.05138806851742469,0.09746012994683993,0.055522740696987594,0.040756054341405785,0.03780271707028943,0.07914943886591849,0.054341405788541054,0.08210277613703484,0.025398700531600708,0.04016538688718252,0.054341405788541054,0.042528056704075605,0.08564678086237448,0.04666272888363851,0.04843473124630833,0.0939161252215003,0.05729474305965741,0.019492025989367986,0.039574719432959246,0.052569403425871235,0.029533372711163616,0.04311872415829888,0.04666272888363851,0.05611340815121087,0.030124040165386886,0.05197873597164796,0.0637920850561134,0.055522740696987594,0.03780271707028943,0.05611340815121087,0.05138806851742469,0.049616066154754876,0.040756054341405785,0.049616066154754876,0.045481393975191964,0.04843473124630833,0.03366804489072652,0.06261075014766686,0.08446544595392794,0.06024808033077377,0.07855877141169522,0.05138806851742469,0.03780271707028943,0.03780271707028943,0.0637920850561134,0.04370939161252215,0.039574719432959246,0.04311872415829888,0.055522740696987594,0.060838747784997045,0.050797401063201415,0.03721204961606615,0.055522740696987594,0.06733608978145304,0.07383343177790903,0.06556408741878322,0.06969875959834614,0.03130537507383343,0.040756054341405785,0.04193738924985233,0.03366804489072652,0.11458948611931483,0.006497341996455995,0.0011813349084465446,0.05847607796810396,0.06320141760189013,0.05906674542232723,0.06024808033077377,0.07028942705256941,0.04607206142941524,0.05138806851742469,0.07974010632014177,0.04016538688718252,0.05197873597164796,0.027761370348493797,0.04193738924985233,0.07560543414057885,0.08860011813349085,0.04725339633786178,0.04370939161252215,0.029533372711163616,0.03603071470761961,0.05197873597164796,0.02303603071470762,0.016538688718251624,0.03130537507383343,0.03544004725339634,0.024217365623154165,0.08033077377436504,0.050797401063201415,0.03662138216184288,0.0318960425280567,0.040756054341405785,0.06261075014766686,0.032486709982279975,0.032486709982279975,0.03130537507383343,0.02067336089781453,0.03130537507383343,0.04193738924985233,0.04016538688718252,0.04311872415829888,0.01831069108092144,0.028942705256940343,0.060838747784997045,0.021854695806261076,0.027170702894270527,0.03662138216184288,0.021854695806261076,0.03484937979917307,0.030124040165386886,0.02244536326048435,0.04016538688718252
nh0084,1.0,0.8546125461254612,0.6822878228782288,0.44649446494464945,0.7398523985239852,0.4874538745387454,0.7730627306273062,0.522509225092251,0.414760147601476,0.3682656826568266,0.5642066420664207,0.34428044280442804,0.3158671586715867,0.35608856088560886,0.4033210332103321,0.3546125461254613,0.34022140221402214,0.3291512915129151,0.25018450184501845,0.4047970479704797,0.34059040590405903,0.2915129151291513,0.35756457564575644,0.27047970479704797,0.311070110701107,0.2955719557195572,0.21512915129151292,0.23357933579335793,0.2771217712177122,0.24243542435424353,0.3457564575645756,0.2140221402214022,0.2767527675276753,0.22841328413284132,0.2937269372693727,0.2811808118081181,0.26605166051660517,0.2014760147601476,0.1881918819188192,0.11992619926199262,0.17121771217712178,0.2977859778597786,0.196309963099631,0.20811808118081182,0.21476014760147602,0.24464944649446493,0.11254612546125461,0.15350553505535056,0.21845018450184503,0.2014760147601476,0.24723247232472326,0.17859778597785977,0.2055350553505535,0.21881918819188192,0.1878228782287823,0.17306273062730626,0.14428044280442803,0.18302583025830257,0.16199261992619926,0.1974169741697417,0.2874538745387454,0.22472324723247233,0.2066420664206642,0.1966789667896679,0.15424354243542435,0.16273062730627305,0.12214022140221402,0.0970479704797048,0.14833948339483394,0.14501845018450185,0.09335793357933579,0.2025830258302583,0.15977859778597786,0.17121771217712178,0.12509225092250922,0.16494464944649445,0.09040590405904059,0.1985239852398524,0.2140221402214022,0.17564575645756458,0.12546125461254612,0.14206642066420663,0.16309963099630997,0.13357933579335793,0.12361623616236163,0.14575645756457564,0.11734317343173432,0.14243542435424356,0.1959409594095941,0.12435424354243542,0.12214022140221402,0.16420664206642066,0.15092250922509226,0.12693726937269373,0.1014760147601476,0.12398523985239852,0.16051660516605165,0.13247232472324724,0.13505535055350554,0.20184501845018452,0.15424354243542435,0.12619926199261994,0.14907749077490776,0.15940959409594097,0.16642066420664206,0.12029520295202951,0.15830258302583025,0.12214022140221402,0.19557195571955718,0.18450184501845018,0.12509225092250922,0.16715867158671588,0.17675276752767527,0.10959409594095941,0.14059040590405905,0.14317343173431735,0.11586715867158671,0.04797047970479705,0.12509225092250922,0.14022140221402213,0.11033210332103321,0.15387453874538745,0.10627306273062731,0.11328413284132842,0.12029520295202951,0.11439114391143912,0.13284132841328414,0.1070110701107011,0.09335793357933579,0.10811808118081181,0.1018450184501845,0.08450184501845018,0.13542435424354243,0.0959409594095941,0.12324723247232472,0.15461254612546124,0.1099630996309963,0.05682656826568266,0.08708487084870849,0.13284132841328414,0.14612546125461254,0.13653136531365315,0.16420664206642066,0.07675276752767528,0.1,0.1055350553505535,0.0992619926199262,0.12841328413284134,0.1,0.15535055350553506,0.06014760147601476,0.1059040590405904,0.16420664206642066,0.12841328413284134,0.09446494464944649,0.08597785977859779,0.11439114391143912,0.0952029520295203,0.08597785977859779,0.09557195571955719,0.06531365313653137,0.09446494464944649,0.11992619926199262,0.11734317343173432,0.10922509225092251,0.08339483394833948,0.06826568265682657,0.08597785977859779,0.057564575645756455,0.07785977859778598,0.11586715867158671,0.09557195571955719,0.14575645756457564,0.12619926199261994,0.12435424354243542,0.10405904059040591,0.15313653136531366,0.11033210332103321,0.15166051660516605,0.11365313653136531,0.11033210332103321,0.0970479704797048,0.10738007380073801,0.08191881918819188,0.11291512915129151,0.08413284132841328,0.09557195571955719,0.08597785977859779,0.06974169741697417,0.07564575645756458,0.06715867158671587,0.0948339483394834,0.06420664206642067,0.07011070110701106,0.15608856088560885,0.14501845018450185,0.06678966789667896,0.11070110701107011,0.0988929889298893,0.07195571955719557,0.10811808118081181,0.0988929889298893,0.07232472324723248,0.09114391143911439,0.11070110701107011,0.0985239852398524,0.07084870848708487,0.1099630996309963,0.1014760147601476,0.08523985239852398,0.03468634686346864,0.08523985239852398,0.05498154981549815,0.08413284132841328,0.06199261992619926,0.0992619926199262,0.11992619926199262,0.06642066420664207,0.06420664206642067,0.11254612546125461,0.08560885608856089,0.06457564575645756,0.1014760147601476,0.08007380073800738,0.08782287822878229,0.04907749077490775,0.06383763837638376,0.06162361623616236,0.06752767527675277,0.061254612546125464,0.05940959409594096,0.10405904059040591,0.06752767527675277,0.0952029520295203,0.08007380073800738,0.10922509225092251,0.05940959409594096,0.06937269372693727,0.05793357933579336,0.05498154981549815,0.05276752767527675,0.06420664206642067,0.05387453874538745,0.08856088560885608,0.14833948339483394,0.08081180811808118,0.10959409594095941,0.0970479704797048,0.05682656826568266,0.06568265682656826,0.002214022140221402,0.07859778597785978,0.05092250922509225,0.05830258302583026,0.04981549815498155,0.05092250922509225,0.07675276752767528,0.06014760147601476,0.07121771217712178,0.08560885608856089,0.07822878228782287,0.07084870848708487,0.06642066420664207,0.08597785977859779,0.05092250922509225,0.07343173431734318,0.08560885608856089,0.07232472324723248,0.06974169741697417,0.05055350553505535,0.09372693726937269,0.09151291512915129,0.07970479704797048,0.055350553505535055,0.043542435424354244,0.0918819188191882,0.05129151291512915,0.0988929889298893,0.06383763837638376,0.07084870848708487,0.11881918819188192,0.06568265682656826,0.08118081180811808,0.06273062730627306,0.06199261992619926,0.07712177121771217,0.09261992619926199,0.09372693726937269,0.07195571955719557,0.07306273062730627,0.08044280442804429,0.007011070110701107,0.061254612546125464,0.11512915129151291,0.08597785977859779,0.047232472324723246,0.06420664206642067,0.08892988929889299,0.08044280442804429,0.05571955719557196
nh0085,1.0,0.6239765178433493,0.4761316236675421,0.4327205314382821,0.23281322416190328,0.36598177043102115,0.24810752355940058,0.25088830526803646,0.24038312992430094,0.22972346670786342,0.17982388382511974,0.25088830526803646,0.24965240228642052,0.22246253669086977,0.18770276533292138,0.2260157577630156,0.22539780627220762,0.2039239919666306,0.2326587362892013,0.1974355013131469,0.17704310211648386,0.2701992893557856,0.2221535609454658,0.15510582419280086,0.12436273752510428,0.13857562181368763,0.22246253669086977,0.1805963231886297,0.12528966476131623,0.16777382975436428,0.13100571605128997,0.16885524486327824,0.20083423451259075,0.1325505947783099,0.16329368144600648,0.19249188938668316,0.17750656573458984,0.16267572995519852,0.17936042020701376,0.12420824965240229,0.18028734744322572,0.17441680828054998,0.0979453112930635,0.15371543333848292,0.13193264328750193,0.10257994747412329,0.2513517688861424,0.11138575621813687,0.11478448941758072,0.08064266955044029,0.1541788969565889,0.13100571605128997,0.1351768886142438,0.11123126834543488,0.07106442144291673,0.09207477213038777,0.10381585045573923,0.10412482620114322,0.12127298007106442,0.11818322261702456,0.11030434110922292,0.07755291209640043,0.10165302023791133,0.12080951645295844,0.09593696894793759,0.13981152479530357,0.1588135331376487,0.13625830372315773,0.09825428703846747,0.09918121427467944,0.11030434110922292,0.130696740305886,0.10999536536381894,0.11818322261702456,0.1280704464699521,0.13594932797775375,0.09871775065657346,0.13316854626911787,0.0826510118955662,0.06812915186157886,0.07940676656882435,0.11432102579947474,0.10721458365518306,0.1044338019465472,0.10273443534682528,0.07724393635099645,0.10026262938359339,0.10968638961841495,0.06256758844430713,0.08682218445852001,0.10721458365518306,0.09423760234821567,0.12281785879808435,0.08095164529584428,0.11756527112621659,0.07585354549667851,0.07770739996910242,0.11215819558164684,0.07446315464236057,0.08404140274988413,0.09887223852927546,0.09609145682063958,0.10783253514599105,0.08203306040475823,0.07863432720531438,0.1110767804727329,0.05824192800865132,0.08527730573150008,0.0741541788969566,0.10335238683763324,0.1395025490498996,0.06704773675266491,0.08821257531283794,0.07492661826046655,0.06395797929862505,0.07940676656882435,0.14228333075853544,0.16761934188166228,0.11231268345434883,0.08234203615016221,0.07987023018693033,0.07878881507801637,0.07291827591534064,0.08311447551367218,0.08574076934960606,0.08017920593233431,0.07029198207940676,0.09423760234821567,0.086976672331222,0.057932952263247336,0.07044646995210876,0.07430866676965858,0.07137339718832071,0.0741541788969566,0.08465935424069211,0.07446315464236057,0.05824192800865132,0.06426695504402904,0.05885987949945929,0.07338173953344662,0.06612080951645295,0.07739842422369844,0.05407075544569751,0.062258612698903135,0.08728564807662599,0.07678047273289047,0.06395797929862505,0.07369071527885061,0.051289973737061643,0.10968638961841495,0.09655492043874556,0.10057160512899738,0.07430866676965858,0.06998300633400278,0.059477830990267266,0.06921056697049281,0.06334002780781708,0.043565580101961994,0.08682218445852001,0.05685153715433339,0.057932952263247336,0.10149853236520934,0.05453421906380349,0.07477213038776456,0.0672022246253669,0.06627529738915496,0.07121890931561872,0.06380349142592306,0.05978680673567125,0.03445079561254442,0.06890159122508883,0.0370770894484783,0.04433801946547196,0.05577012204541944,0.06194963695349915,0.06025027035377723,0.07863432720531438,0.08635872084041403,0.0631855399351151,0.061022709717287196,0.05376177970029353,0.05716051289973737,0.04634636181059787,0.07121890931561872,0.043411092229260005,0.025644986868530822,0.035068747103352386,0.05422524331839951,0.05978680673567125,0.042947628611154025,0.07322725166074463,0.046037386065193885,0.05098099799165765,0.052834852464081566,0.09161130851228179,0.04881816777382975,0.057006025027035376,0.06936505484319481,0.06380349142592306,0.044955970956279935,0.046655337556001854,0.05206241310057161,0.048663679901127764,0.0630310520624131,0.05669704928163139,0.06612080951645295,0.06349451568051907,0.03398733199443844,0.07971574231422833,0.04001235902981616,0.022864205159894947,0.0716823729337247,0.07739842422369844,0.05422524331839951,0.03754055306658427,0.034605283485246406,0.046037386065193885,0.04480148308357794,0.05206241310057161,0.05561563417271744,0.03429630773984242,0.04016684690251815,0.05824192800865132,0.038776456048200215,0.05824192800865132,0.042947628611154025,0.060559246099181216,0.08744013594932798,0.04634636181059787,0.04835470415572377,0.059632318862969255,0.0565425614089294,0.05020855862814769,0.04063031052062413,0.04881816777382975,0.044492507338173955,0.0500540707554457,0.057006025027035376,0.05082651011895566,0.060713733971883205,0.05577012204541944,0.04109377413873011,0.05360729182759153,0.028734744322570678,0.05932334311756527,0.05113548586435965,0.0500540707554457,0.048663679901127764,0.019465471960451106,0.02657191410474278,0.13177815541479992,0.04680982542870385,0.04650084968329986,0.048663679901127764,0.046037386065193885,0.03244245326741851,0.04835470415572377,0.04418353159276997,0.04943611926463773,0.04541943457438591,0.03429630773984242,0.035068747103352386,0.040321334775220145,0.03367835624903445,0.0477367526649158,0.04310211648385602,0.0369226015757763,0.05082651011895566,0.05252587671867758,0.06596632164375096,0.04109377413873011,0.033060404758226476,0.06596632164375096,0.031206550285802565,0.030743086667696585,0.04835470415572377,0.049745095010041714,0.03367835624903445,0.03321489263092847,0.043565580101961994,0.05345280395488954,0.04727328904680982,0.0477367526649158,0.03398733199443844,0.0522169009732736,0.02363664452340491,0.044029043720067974,0.030588598794994593,0.03275142901282249,0.025953962613934806,0.04572841031978989,0.04680982542870385,0.044955970956279935,0.028425768577166693,0.038158504557392246,0.05777846439054534,0.05252587671867758,0.024872547505020857,0.03182450177661054,0.049745095010041714
nh0086,0.6224375698844576,0.6298919120387626,0.5795751024972047,0.2254938501677227,0.6280283265001864,0.3272456205739843,1.0,0.512858740216176,0.26276556093924713,0.31531867312709655,0.4655236675363399,0.25829295564666416,0.23108460678345136,0.3067461796496459,0.43607901602683563,0.3302273574357063,0.271710771524413,0.26127469250838614,0.2187849422288483,0.2795378307864331,0.28401043607901605,0.21319418561311965,0.3216548639582557,0.21692135669027207,0.26276556093924713,0.21393961982855014,0.128214685054044,0.14573238911666045,0.26127469250838614,0.190831159150205,0.2262392843831532,0.07901602683563176,0.18374953410361536,0.16175922474841595,0.19306746179649645,0.15095042862467387,0.1502049944092434,0.16772269847185986,0.16585911293328365,0.07566157286619456,0.1494595601938129,0.2683563175549758,0.1874767051807678,0.158777487886694,0.13827804696235557,0.16250465896384644,0.07081625046589639,0.11889675736116288,0.16846813268729036,0.25121133060007456,0.14834140887066716,0.0980245993291092,0.09057025717480433,0.10957882966828178,0.26052925829295565,0.1748043235184495,0.07305255311218785,0.1360417443160641,0.10622437569884458,0.12486023108460678,0.19045844204248974,0.1941856131196422,0.21170331718225865,0.17443160641073424,0.11330600074543422,0.11889675736116288,0.09280655982109579,0.04211703317182259,0.1293328363771897,0.12709653373089824,0.07566157286619456,0.12784196794632874,0.10957882966828178,0.09951546775997018,0.10249720462169214,0.1308237048080507,0.049571375326127466,0.1367871785314946,0.09168840849795006,0.1748043235184495,0.13231457323891166,0.12299664554603057,0.15318673127096533,0.06261647409616102,0.09690644800596347,0.09616101379053299,0.1502049944092434,0.09131569139023481,0.37868058143868805,0.16995900111815132,0.10026090197540068,0.13976891539321654,0.09504286246738726,0.10846067834513604,0.06298919120387626,0.07976146105106224,0.15057771151695862,0.05553484904957137,0.16101379053298545,0.13902348117778607,0.08535221766679091,0.12038762579202385,0.09243384271338054,0.16362281028699216,0.15803205367126352,0.0980245993291092,0.19194931047335073,0.09168840849795006,0.0827431979127842,0.15393216548639582,0.06708907938874395,0.04286246738725308,0.1308237048080507,0.06559821095788297,0.13641446142377936,0.12001490868430861,0.05329854640327991,0.04584420424897503,0.05702571748043235,0.07379798732761834,0.04248975027953783,0.11516958628401043,0.060752888557584796,0.1073425270219903,0.08796123742079762,0.1233693626537458,0.0667163622810287,0.08796123742079762,0.045471487141259787,0.048825941110696984,0.07305255311218785,0.06708907938874395,0.1080879612374208,0.05628028326500186,0.05255311218784942,0.06634364517331345,0.07417070443533358,0.05628028326500186,0.07864330972791651,0.10063361908311591,0.11218784942228849,0.08758852031308237,0.16846813268729036,0.04323518449496832,0.061498322773015285,0.04621692135669027,0.11069698099142751,0.07156168468132687,0.08684308609765189,0.15355944837868057,0.04174431606410734,0.05665300037271711,0.11106969809914274,0.0726798360044726,0.07118896757361162,0.06969809914275066,0.11442415206857995,0.08833395452851286,0.04621692135669027,0.10883339545285128,0.05367126351099515,0.06895266492732016,0.09019754006708908,0.09429742825195676,0.07454342154304883,0.05329854640327991,0.060752888557584796,0.07118896757361162,0.0413715989563921,0.023853894893775623,0.12374207976146105,0.07677972418934029,0.13865076407007082,0.13380544166977265,0.126723816623183,0.07566157286619456,0.049944092433842714,0.048825941110696984,0.10436079016026836,0.1427506522549385,0.1080879612374208,0.052925829295564664,0.07230711889675737,0.05255311218784942,0.08237048080506895,0.015654118524040254,0.15430488259411107,0.060752888557584796,0.032799105478941486,0.05255311218784942,0.05180767797241893,0.10585165859112933,0.03242638837122624,0.05702571748043235,0.07677972418934029,0.07454342154304883,0.08647036898993664,0.07379798732761834,0.048825941110696984,0.07230711889675737,0.0506895266492732,0.07193440178904212,0.08497950055907566,0.064107342527022,0.05143496086470369,0.06969809914275066,0.0447260529258293,0.06448005963473724,0.09280655982109579,0.04398061871039881,0.004472605292582929,0.05367126351099515,0.032053671263511,0.03727171077152441,0.04099888184867685,0.0819977636973537,0.09317927692881103,0.06522549385016772,0.0413715989563921,0.12784196794632874,0.05441669772642564,0.0659709280655982,0.07789787551248602,0.06522549385016772,0.06038017144986955,0.02720834886321282,0.04360790160268356,0.08572493477450616,0.0506895266492732,0.04099888184867685,0.05143496086470369,0.061498322773015285,0.061498322773015285,0.04509877003354454,0.06224375698844577,0.0506895266492732,0.05218039508013418,0.06932538203503541,0.08050689526649273,0.049198658218412225,0.05777115169586284,0.03615355944837868,0.03428997390980246,0.07566157286619456,0.1367871785314946,0.036526276556093924,0.08087961237420797,0.07566157286619456,0.005963473723443906,0.03130823704808051,0.0018635855385762206,0.064107342527022,0.06895266492732016,0.05553484904957137,0.03689899366380917,0.05329854640327991,0.07044353335818114,0.04770778978755125,0.04360790160268356,0.051062243756988444,0.049944092433842714,0.06112560566530004,0.05963473723443906,0.06112560566530004,0.033544539694371975,0.04360790160268356,0.0734252702199031,0.03727171077152441,0.03876257920238539,0.0413715989563921,0.06708907938874395,0.07417070443533358,0.0726798360044726,0.05180767797241893,0.05329854640327991,0.06820723071188968,0.03988073052553112,0.05702571748043235,0.07007081625046589,0.05851658591129333,0.07715244129705554,0.0734252702199031,0.07715244129705554,0.035780842340663435,0.03727171077152441,0.05926202012672382,0.07827059262020127,0.04025344763324636,0.04584420424897503,0.032053671263511,0.05218039508013418,0.010436079016026835,0.07454342154304883,0.06298919120387626,0.11181513231457324,0.05478941483414089,0.02981736861721953,0.032053671263511,0.06224375698844577,0.05478941483414089
nh0087,1.0,0.48030495552731894,0.39644218551461247,0.4078780177890724,0.45870393900889456,0.3786531130876747,0.2312579415501906,0.19186785260482847,0.20838627700127066,0.2554002541296061,0.2846251588310038,0.23252858958068615,0.21728081321473952,0.2503176620076239,0.13087674714104194,0.21728081321473952,0.24396442185514614,0.18043202033036848,0.19949174078780177,0.16264294790343076,0.204574332909784,0.12579415501905972,0.24904701397712833,0.12579415501905972,0.14358322744599747,0.1181702668360864,0.156289707750953,0.17662007623888182,0.1397712833545108,0.20330368487928843,0.15501905972045743,0.11689961880559085,0.16645489199491742,0.11435832274459974,0.1423125794155019,0.19822109275730623,0.1397712833545108,0.20330368487928843,0.15374841168996187,0.11435832274459974,0.15120711562897077,0.1613722998729352,0.11308767471410419,0.10546378653113088,0.12198221092757307,0.13341804320203304,0.11944091486658195,0.09148665819567979,0.1156289707750953,0.10927573062261753,0.043202033036848796,0.09275730622617535,0.13595933926302414,0.08005082592121983,0.07623888182973317,0.08894536213468869,0.06353240152477764,0.18043202033036848,0.10419313850063533,0.08259212198221093,0.1181702668360864,0.12198221092757307,0.13087674714104194,0.13341804320203304,0.08259212198221093,0.10546378653113088,0.193138500635324,0.12325285895806862,0.08640406607369759,0.19567979669631513,0.1156289707750953,0.13087674714104194,0.12960609911054638,0.07750952986022872,0.13595933926302414,0.0940279542566709,0.12452350698856417,0.03430749682337993,0.08767471410419314,0.13214739517153748,0.09021601016518424,0.11054637865311309,0.12452350698856417,0.11054637865311309,0.10673443456162643,0.07496823379923762,0.0940279542566709,0.11181702668360864,0.05590851334180432,0.11689961880559085,0.08259212198221093,0.10038119440914867,0.10927573062261753,0.08386277001270648,0.10419313850063533,0.08513341804320203,0.036848792884371026,0.11308767471410419,0.05717916137229987,0.05844980940279543,0.09021601016518424,0.14612452350698857,0.10038119440914867,0.06861499364675985,0.06734434561626429,0.062261753494282084,0.09783989834815757,0.07623888182973317,0.07115628970775095,0.14993646759847523,0.09021601016518424,0.052096569250317665,0.10165184243964422,0.07115628970775095,0.06734434561626429,0.10546378653113088,0.0940279542566709,0.03430749682337993,0.07496823379923762,0.09148665819567979,0.08132147395171538,0.07750952986022872,0.07496823379923762,0.12325285895806862,0.09275730622617535,0.1156289707750953,0.07115628970775095,0.06480304955527319,0.08259212198221093,0.044472681067344345,0.09275730622617535,0.10419313850063533,0.09021601016518424,0.08005082592121983,0.05972045743329098,0.05717916137229987,0.07750952986022872,0.05590851334180432,0.05844980940279543,0.08005082592121983,0.053367217280813214,0.0698856416772554,0.07750952986022872,0.04701397712833545,0.08513341804320203,0.12960609911054638,0.05972045743329098,0.052096569250317665,0.08259212198221093,0.0698856416772554,0.0698856416772554,0.10546378653113088,0.044472681067344345,0.06480304955527319,0.05082592121982211,0.08767471410419314,0.03939008894536213,0.07878017789072427,0.053367217280813214,0.08513341804320203,0.07750952986022872,0.06353240152477764,0.05717916137229987,0.11944091486658195,0.07369758576874205,0.02795425667090216,0.06861499364675985,0.05972045743329098,0.06480304955527319,0.03430749682337993,0.07623888182973317,0.054637865311308764,0.02795425667090216,0.054637865311308764,0.05972045743329098,0.08132147395171538,0.05590851334180432,0.03811944091486658,0.04193138500635324,0.07369758576874205,0.06353240152477764,0.06353240152477764,0.04701397712833545,0.05590851334180432,0.07369758576874205,0.029224904701397714,0.03939008894536213,0.045743329097839895,0.10800508259212198,0.07623888182973317,0.06861499364675985,0.052096569250317665,0.06353240152477764,0.05717916137229987,0.04066073697585769,0.06861499364675985,0.04193138500635324,0.08640406607369759,0.06861499364675985,0.05082592121982211,0.03939008894536213,0.04955527318932656,0.05844980940279543,0.06607369758576874,0.060991105463786534,0.029224904701397714,0.03303684879288437,0.05082592121982211,0.05082592121982211,0.043202033036848796,0.0698856416772554,0.043202033036848796,0.029224904701397714,0.06607369758576874,0.05717916137229987,0.03939008894536213,0.05844980940279543,0.035578144853875476,0.05082592121982211,0.08132147395171538,0.02795425667090216,0.03811944091486658,0.10546378653113088,0.04066073697585769,0.03176620076238882,0.03176620076238882,0.07623888182973317,0.05590851334180432,0.04066073697585769,0.096569250317662,0.04701397712833545,0.04955527318932656,0.052096569250317665,0.045743329097839895,0.05717916137229987,0.06734434561626429,0.04193138500635324,0.06861499364675985,0.035578144853875476,0.062261753494282084,0.06607369758576874,0.06861499364675985,0.054637865311308764,0.043202033036848796,0.03939008894536213,0.07878017789072427,0.04066073697585769,0.04955527318932656,0.02795425667090216,0.035578144853875476,0.0025412960609911056,0.026683608640406607,0.04066073697585769,0.07623888182973317,0.036848792884371026,0.044472681067344345,0.04066073697585769,0.053367217280813214,0.04955527318932656,0.06734434561626429,0.03303684879288437,0.030495552731893267,0.036848792884371026,0.052096569250317665,0.05590851334180432,0.03939008894536213,0.06607369758576874,0.053367217280813214,0.021601016518424398,0.0241423125794155,0.048284625158831,0.03176620076238882,0.05590851334180432,0.020330368487928845,0.029224904701397714,0.026683608640406607,0.060991105463786534,0.030495552731893267,0.053367217280813214,0.04066073697585769,0.05082592121982211,0.05082592121982211,0.06861499364675985,0.053367217280813214,0.054637865311308764,0.030495552731893267,0.035578144853875476,0.026683608640406607,0.062261753494282084,0.03939008894536213,0.06607369758576874,0.06734434561626429,0.03430749682337993,0.05082592121982211,0.04066073697585769,0.05972045743329098,0.03939008894536213,0.029224904701397714,0.052096569250317665,0.05844980940279543
nh0088,1.0,0.5306256141500164,0.48706190632165086,0.31870291516541105,0.2502456600065509,0.26269243367179823,0.4231903046184081,0.25483131346216836,0.43891254503766786,0.2728463806092368,0.200786112020963,0.22895512610547003,0.27972486079266295,0.17261709793645594,0.1876842450049132,0.1942351785129381,0.19325253848673435,0.19161480510972814,0.20438912545037669,0.2138879790370128,0.26138224697019324,0.18309859154929578,0.19521781853914183,0.1919423517851294,0.14346544382574516,0.1487061906321651,0.1752374713396659,0.16966917785784474,0.10579757615460203,0.12708811005568293,0.18211595152309204,0.30265312807075007,0.1604978709466099,0.16180805764821488,0.12970848345889288,0.169996724533246,0.17032427120864724,0.11922698984605307,0.14313789715034392,0.19849328529315427,0.15853259089420244,0.10579757615460203,0.16508352440222732,0.15067147068457254,0.12348509662626925,0.1912872584343269,0.061578774975434,0.12184736324926301,0.09760890926957091,0.08123157549950868,0.11234850966262692,0.07075008188666886,0.14281035047494267,0.06354405502784147,0.07468064199148379,0.1107107762856207,0.24434981984932852,0.10350474942679332,0.2243694726498526,0.11136586963642318,0.08123157549950868,0.16508352440222732,0.09073042908614477,0.0953160825417622,0.10284965607599082,0.123157549950868,0.09990173599737963,0.03537504094333443,0.09826400262037341,0.09007533573534228,0.04225352112676056,0.06419914837864396,0.1415001637733377,0.10252210940058959,0.10252210940058959,0.09269570913855224,0.06583688175565018,0.09924664264657714,0.07795610874549623,0.0769734687192925,0.11529642974123813,0.07435309531608254,0.13036357680969538,0.07795610874549623,0.0894202423845398,0.08843760235833606,0.08614477563052735,0.0740255486406813,0.08319685555191615,0.12708811005568293,0.07075008188666886,0.0953160825417622,0.1018670160497871,0.08483458892892237,0.09400589584015723,0.0887651490337373,0.14215525712414018,0.09269570913855224,0.08057648214870619,0.05273501473960039,0.12217490992466426,0.11889944317065182,0.10383229610219456,0.053717654765804125,0.07075008188666886,0.06485424172944644,0.06223386832623649,0.1267605633802817,0.0959711758925647,0.07173272191287258,0.08909269570913855,0.0953160825417622,0.04847690795938421,0.07926629544710122,0.06026858827382902,0.053717654765804125,0.07369800196528005,0.04258106780216181,0.09269570913855224,0.07009498853586636,0.06911234850966262,0.06616442843105143,0.08090402882410744,0.06878480183426139,0.09826400262037341,0.053390108090402885,0.08319685555191615,0.07271536193907632,0.0769734687192925,0.07173272191287258,0.05240746806419915,0.0461840812315755,0.05404520144120537,0.09367834916475598,0.10055682934818212,0.036030134294136915,0.04356370782836554,0.09760890926957091,0.07500818866688504,0.055027841467409105,0.05699312151981657,0.0769734687192925,0.04552898788077301,0.06550933508024893,0.08221421552571241,0.06681952178185391,0.06714706845725515,0.056338028169014086,0.033082214215525714,0.053717654765804125,0.018670160497870947,0.05404520144120537,0.05568293481821159,0.043236161152964296,0.08123157549950868,0.053717654765804125,0.07959384212250245,0.055027841467409105,0.08417949557811988,0.05830330822142155,0.047821814608581724,0.06059613494923027,0.08188666885031116,0.06026858827382902,0.0828693088765149,0.04814936128398297,0.05273501473960039,0.044546347854569276,0.050769734687192924,0.07009498853586636,0.028169014084507043,0.038978054372748115,0.02718637405830331,0.07075008188666886,0.05994104159842777,0.04880445463478546,0.05240746806419915,0.05011464133639044,0.050769734687192924,0.04061578774975434,0.03799541434654438,0.05142482803799541,0.07107762856207009,0.047821814608581724,0.04978709466098919,0.05732066819521782,0.033082214215525714,0.07042253521126761,0.030789387487717,0.04487389452997052,0.03242712086472322,0.08024893547330494,0.04258106780216181,0.038650507697346875,0.0681297084834589,0.044546347854569276,0.04552898788077301,0.049459547985587944,0.06125122830003275,0.06616442843105143,0.08483458892892237,0.04487389452997052,0.038978054372748115,0.0337373075663282,0.07795610874549623,0.06649197510645267,0.05895840157222404,0.028496560759908286,0.033082214215525714,0.043236161152964296,0.03013429413691451,0.05404520144120537,0.03209957418932198,0.03570258761873567,0.04552898788077301,0.031772027513920734,0.052079921388797905,0.05535538814281035,0.04094333442515558,0.024566000655093352,0.03275466754012447,0.04356370782836554,0.043236161152964296,0.037667867671143135,0.03406485424172945,0.04814936128398297,0.0337373075663282,0.04258106780216181,0.04814936128398297,0.033409760890926954,0.03930560104814936,0.06288896167703897,0.04389125450376679,0.05142482803799541,0.06616442843105143,0.05273501473960039,0.05306256141500164,0.04716672125777923,0.023255813953488372,0.055027841467409105,0.04258106780216181,0.02718637405830331,0.04421880117916803,0.03209957418932198,0.033409760890926954,0.03832296102194563,0.03504749426793318,0.04225352112676056,0.05404520144120537,0.0183426138224697,0.011464133639043564,0.049132001310186704,0.049132001310186704,0.03701277432034065,0.044546347854569276,0.05240746806419915,0.0366852276449394,0.03013429413691451,0.043236161152964296,0.04520144120537176,0.017359973796265967,0.03996069439895185,0.03701277432034065,0.034719947592531934,0.041925974451359316,0.06321650835244022,0.03701277432034065,0.07042253521126761,0.043236161152964296,0.052079921388797905,0.037667867671143135,0.03209957418932198,0.027513920733704553,0.037340320995741895,0.09269570913855224,0.04585653455617426,0.03013429413691451,0.05240746806419915,0.027841467409105796,0.06321650835244022,0.028496560759908286,0.026203734032099576,0.023910907304290862,0.06190632165083525,0.026203734032099576,0.028824107435309533,0.04061578774975434,0.02947920078611202,0.041925974451359316,0.024238453979692105,0.028496560759908286,0.04880445463478546,0.023255813953488372,0.02292826727808713,0.047821814608581724,0.04683917458237799,0.038978054372748115,0.024566000655093352,0.036030134294136915,0.038978054372748115
nh0089,1.0,0.4895421141888072,0.4635387224420577,0.40559638213680044,0.43103448275862066,0.3388920293951385,0.42001130582249857,0.25494629734313173,0.26936122102882987,0.2515545505935557,0.34567552289429054,0.29960429621254947,0.2634256642170718,0.2566421707179197,0.2026568682871679,0.252119841718485,0.2292255511588468,0.2532504239683437,0.23403052572074617,0.24166195590729225,0.2173544375353307,0.142736009044658,0.21141888072357265,0.25551158846806105,0.2071791972866026,0.1859807801017524,0.13764838892029396,0.15347654041831543,0.1896551724137931,0.19446014697569247,0.22526851328434144,0.10457885811192764,0.19022046353872243,0.21254946297343133,0.1500847936687394,0.13651780667043528,0.1390616167326173,0.16139061616732617,0.10627473148671567,0.13934426229508196,0.09242509892594686,0.12832108535895986,0.14867156585641605,0.12323346523459582,0.11221028829847371,0.14725833804409272,0.23516110797060485,0.1885245901639344,0.19304691916336914,0.08818541548897682,0.13510457885811192,0.18428490672696438,0.15234595816845675,0.09723007348784624,0.11192764273600904,0.12351611079706049,0.06246466930469192,0.17552289429055964,0.11871113623516111,0.14160542679479932,0.15432447710570943,0.14980214810627474,0.15234595816845675,0.11503674392312041,0.12408140192198983,0.0856416054267948,0.09044657998869418,0.17976257772752968,0.15517241379310345,0.11079706048615037,0.09723007348784624,0.09468626342566422,0.08140192198982477,0.10260033917467495,0.12464669304691917,0.0847936687394008,0.10514414923685698,0.12012436404748446,0.1252119841718485,0.12662521198417184,0.12408140192198983,0.11249293386093838,0.10655737704918032,0.11644997173544375,0.17071791972866027,0.14443188241944602,0.11701526286037309,0.08168456755228942,0.11136235161107971,0.07150932730356134,0.12210288298473713,0.1252119841718485,0.08083663086489543,0.15969474279253815,0.10655737704918032,0.09016393442622951,0.1003391746749576,0.11475409836065574,0.13934426229508196,0.09412097230073488,0.10994912379875636,0.11390616167326173,0.10881854154889768,0.07687959299039004,0.15602035048049745,0.055681175805539856,0.1206896551724138,0.10825325042396834,0.1591294516676088,0.1105144149236857,0.07066139061616733,0.11588468061051442,0.13199547767100056,0.06416054267947993,0.11984171848501979,0.12464669304691917,0.11305822498586772,0.19672131147540983,0.06500847936687394,0.10966647823629169,0.07998869417750142,0.08846806105144149,0.08705483323911814,0.08677218767665347,0.10457885811192764,0.05087620124364047,0.05765969474279254,0.07772752967778405,0.07150932730356134,0.1105144149236857,0.10825325042396834,0.10231769361221028,0.06924816280384398,0.07857546636517806,0.07009609949123799,0.08677218767665347,0.06387789711701526,0.05059355568117581,0.09609949123798757,0.07122668174109667,0.08422837761447145,0.07348784624081402,0.06133408705483324,0.10146975692481629,0.08055398530243076,0.09609949123798757,0.07405313736574336,0.06246466930469192,0.11531938948558508,0.07518371961560204,0.142736009044658,0.08451102317693612,0.08988128886376484,0.09157716223855286,0.05822498586772187,0.060203504804974564,0.09920859242509893,0.10118711136235162,0.07263990955342,0.09892594686263426,0.08309779536461277,0.06105144149236857,0.07546636517806671,0.0782928208027134,0.04946297343131713,0.059920859242509894,0.10062182023742228,0.07292255511588468,0.1297343131712832,0.10090446579988695,0.048049745618993785,0.07320520067834935,0.14160542679479932,0.07885811192764274,0.09496890898812889,0.10146975692481629,0.10881854154889768,0.046071226681741094,0.09270774448841153,0.059638213680045224,0.059355568117580554,0.055681175805539856,0.09864330130016959,0.04833239118145845,0.07066139061616733,0.09072922555115885,0.05652911249293386,0.10938383267382702,0.059920859242509894,0.08790276992651215,0.10684002261164499,0.08168456755228942,0.107687959299039,0.05172413793103448,0.058507631430186544,0.08790276992651215,0.05257207461842849,0.07631430186546072,0.06133408705483324,0.07998869417750142,0.07546636517806671,0.08168456755228942,0.060486150367439234,0.06557377049180328,0.071791972866026,0.07574901074053138,0.03985302430751837,0.10712266817410966,0.06161673261729791,0.08903335217637083,0.05144149236856981,0.06246466930469192,0.07857546636517806,0.055398530243075186,0.047484454494064444,0.053420011305822496,0.055681175805539856,0.07009609949123799,0.0395703787450537,0.0497456189937818,0.05313736574335783,0.04918032786885246,0.06302996042962125,0.03843979649519502,0.04013566986998304,0.06924816280384398,0.05257207461842849,0.05228942905596382,0.05059355568117581,0.07122668174109667,0.04381006218202374,0.04946297343131713,0.06670435274166196,0.05059355568117581,0.05624646693046919,0.05002826455624647,0.058507631430186544,0.06613906161673262,0.046919163369135104,0.03306953080836631,0.046636517806670434,0.07263990955342,0.047767100056529115,0.07433578292820803,0.0248728094968909,0.07772752967778405,0.047201808931599774,0.05596382136800452,0.0811192764273601,0.03730921424533635,0.14019219898247598,0.05228942905596382,0.06246466930469192,0.0285472018089316,0.029677784058790277,0.04267947993216507,0.04494064443188242,0.046919163369135104,0.06387789711701526,0.06302996042962125,0.053702656868287166,0.06642170717919729,0.04861503674392312,0.06387789711701526,0.03335217637083098,0.023742227247032222,0.04352741661955907,0.059355568117580554,0.03730921424533635,0.0395703787450537,0.055681175805539856,0.048049745618993785,0.07518371961560204,0.047767100056529115,0.054550593555681176,0.05200678349349915,0.04409270774448841,0.047201808931599774,0.054267947993216506,0.04324477105709441,0.08677218767665347,0.05115884680610514,0.07772752967778405,0.0644431882419446,0.03617863199547767,0.04946297343131713,0.06726964386659129,0.03335217637083098,0.0811192764273601,0.04522328999434709,0.042114188807235726,0.040983606557377046,0.041831543244771056,0.03702656868287168,0.07009609949123799,0.03193894855850763,0.025720746184284906,0.03306953080836631,0.058507631430186544,0.017524024872809497
nh0090,1.0,0.6066225165562914,0.6437086092715232,0.37781456953642384,0.4171081677704194,0.44933774834437085,0.3716335540838852,0.2975717439293598,0.2714128035320088,0.258719646799117,0.3136865342163355,0.26136865342163357,0.27008830022075053,0.2672185430463576,0.25695364238410595,0.20607064017660043,0.24966887417218542,0.33211920529801325,0.23311258278145697,0.20894039735099337,0.269757174392936,0.22483443708609271,0.23631346578366447,0.2171081677704194,0.2052980132450331,0.2009933774834437,0.19426048565121412,0.1543046357615894,0.21147902869757174,0.16600441501103752,0.1326710816777042,0.1955849889624724,0.16037527593818984,0.17792494481236204,0.14271523178807946,0.14944812362030904,0.14856512141280354,0.14834437086092717,0.16810154525386314,0.1888520971302428,0.11931567328918322,0.10286975717439294,0.14194260485651214,0.11699779249448124,0.16125827814569538,0.05662251655629139,0.18498896247240618,0.14514348785871964,0.13830022075055187,0.11567328918322296,0.05971302428256071,0.1250551876379691,0.10275938189845475,0.14161147902869758,0.22119205298013245,0.16788079470198675,0.13565121412803532,0.08675496688741721,0.14183222958057395,0.12671081677704193,0.10518763796909492,0.13068432671081678,0.11081677704194261,0.11490066225165563,0.14094922737306842,0.10298013245033112,0.1346578366445916,0.10386313465783664,0.1421633554083885,0.1119205298013245,0.13278145695364238,0.07759381898454747,0.10739514348785872,0.1260485651214128,0.10905077262693157,0.11766004415011037,0.10485651214128035,0.035099337748344374,0.10905077262693157,0.11997792494481237,0.11777041942604856,0.11236203090507726,0.11379690949227374,0.0739514348785872,0.09116997792494481,0.14536423841059604,0.14624724061810154,0.10618101545253864,0.1205298013245033,0.12582781456953643,0.11777041942604856,0.09337748344370861,0.10695364238410596,0.12980132450331125,0.10408388520971303,0.08918322295805739,0.11456953642384106,0.08984547461368654,0.1153421633554084,0.10198675496688742,0.07891832229580574,0.1055187637969095,0.11357615894039735,0.09845474613686535,0.10309050772626932,0.09602649006622517,0.08278145695364239,0.0673289183222958,0.0781456953642384,0.07880794701986756,0.06501103752759382,0.13388520971302428,0.0955849889624724,0.0890728476821192,0.09470198675496688,0.07880794701986756,0.07891832229580574,0.14944812362030904,0.08079470198675497,0.07803532008830022,0.08167770419426049,0.08278145695364239,0.06810154525386314,0.06335540838852097,0.09735099337748344,0.05938189845474614,0.07339955849889625,0.06942604856512141,0.09426048565121413,0.1357615894039735,0.07637969094922738,0.0857615894039735,0.067439293598234,0.0922737306843267,0.1055187637969095,0.0781456953642384,0.1228476821192053,0.10055187637969094,0.0934878587196468,0.05772626931567329,0.05408388520971302,0.07660044150110375,0.11799116997792494,0.076158940397351,0.09426048565121413,0.07748344370860927,0.08454746136865342,0.0772626931567329,0.0640176600441501,0.046357615894039736,0.04823399558498896,0.08112582781456953,0.06677704194260485,0.0858719646799117,0.06975717439293598,0.10309050772626932,0.0879690949227373,0.06181015452538632,0.06434878587196469,0.08421633554083885,0.08355408388520971,0.06534216335540839,0.06810154525386314,0.061258278145695365,0.059492273730684324,0.06865342163355409,0.08774834437086093,0.08090507726269315,0.07593818984547461,0.04966887417218543,0.07030905077262693,0.06346578366445917,0.08101545253863135,0.06501103752759382,0.06931567328918323,0.07207505518763797,0.04260485651214128,0.05518763796909492,0.06269315673289183,0.07682119205298013,0.05077262693156733,0.06578366445916115,0.07152317880794702,0.06942604856512141,0.05816777041942605,0.047130242825607065,0.10231788079470198,0.08532008830022075,0.06611479028697571,0.054304635761589407,0.05099337748344371,0.05264900662251656,0.06556291390728476,0.0663355408388521,0.049227373068432674,0.038300220750551874,0.0630242825607064,0.07869757174392936,0.04072847682119205,0.06335540838852097,0.04437086092715232,0.07748344370860927,0.055077262693156735,0.06688741721854305,0.05474613686534217,0.06147902869757174,0.07571743929359824,0.08002207505518764,0.05154525386313466,0.050883002207505516,0.07339955849889625,0.060927152317880796,0.037196467991169976,0.060044150110375276,0.03863134657836645,0.06368653421633554,0.038300220750551874,0.06136865342163356,0.039183222958057394,0.059933774834437084,0.06887417218543046,0.06876379690949228,0.05684326710816777,0.06357615894039735,0.05055187637969095,0.07306843267108168,0.06766004415011037,0.0434878587196468,0.04933774834437086,0.0380794701986755,0.04227373068432671,0.08289183222958058,0.031346578366445915,0.06103752759381898,0.04602649006622517,0.05231788079470199,0.04955849889624724,0.06479028697571744,0.0631346578366446,0.04558498896247241,0.041721854304635764,0.04602649006622517,0.07240618101545254,0.04293598233995585,0.024944812362030905,0.05077262693156733,0.04690949227373068,0.03653421633554084,0.037969094922737305,0.05905077262693157,0.1196467991169978,0.04955849889624724,0.04988962472406181,0.06335540838852097,0.05055187637969095,0.05077262693156733,0.044591611479028695,0.03984547461368653,0.03984547461368653,0.04039735099337748,0.040949227373068435,0.056291390728476824,0.03322295805739514,0.07108167770419425,0.045805739514348784,0.04867549668874172,0.052869757174392934,0.04293598233995585,0.04746136865342163,0.03333333333333333,0.04735099337748344,0.0684326710816777,0.05353200883002208,0.050883002207505516,0.07041942604856512,0.05662251655629139,0.04105960264900662,0.04437086092715232,0.048785871964679914,0.05143487858719647,0.030242825607064018,0.04955849889624724,0.026379690949227375,0.03399558498896247,0.05684326710816777,0.07086092715231788,0.040066225165562915,0.04326710816777042,0.052097130242825605,0.040176600441501106,0.032229580573951436,0.02924944812362031,0.029801324503311258,0.030353200883002206,0.039293598233995586,0.04768211920529802,0.04735099337748344,0.04602649006622517,0.03774834437086093,0.03200883002207505
nh0091,1.0,0.4048934490923441,0.4340962904498816,0.2770323599052881,0.2770323599052881,0.26203630623520124,0.303078137332281,0.21152328334648776,0.2825572217837411,0.30386740331491713,0.2217837411207577,0.2296764009471192,0.19337016574585636,0.1665351223362273,0.17758484609313338,0.1941594317284925,0.1957379636937648,0.2612470402525651,0.23599052880820837,0.2107340173638516,0.1957379636937648,0.15627466456195738,0.1712707182320442,0.18468823993685873,0.1696921862667719,0.1270718232044199,0.14759273875295975,0.13180741910023677,0.11681136543014996,0.13733228097868982,0.20047355958958168,0.14443567482241515,0.1468034727703236,0.13733228097868982,0.10891870560378848,0.12312549329123915,0.13654301499605367,0.122336227308603,0.122336227308603,0.11365430149960537,0.12786108918705605,0.13970007892659828,0.14601420678768745,0.11602209944751381,0.10181531176006314,0.10891870560378848,0.037095501183898975,0.1270718232044199,0.10418310970797158,0.09076558800315707,0.1681136543014996,0.08445146014206788,0.07971586424625099,0.08050513022888714,0.07261247040252565,0.12075769534333071,0.11602209944751381,0.1026045777426993,0.1404893449092344,0.0962904498816101,0.10812943962115233,0.12628255722178375,0.09944751381215469,0.10891870560378848,0.08602999210734018,0.08918705603788477,0.0931333859510655,0.10023677979479084,0.09707971586424625,0.11444356748224152,0.08287292817679558,0.09865824782951854,0.0702446724546172,0.09550118389897395,0.062352012628255724,0.08208366219415943,0.11444356748224152,0.11838989739542226,0.06945540647198106,0.08445146014206788,0.08445146014206788,0.08681925808997633,0.0962904498816101,0.09550118389897395,0.08602999210734018,0.1254932912391476,0.07813733228097869,0.07813733228097869,0.09076558800315707,0.09076558800315707,0.09234411996842937,0.08208366219415943,0.10655090765588003,0.07576953433307025,0.07103393843725335,0.07971586424625099,0.08287292817679558,0.08050513022888714,0.07261247040252565,0.08208366219415943,0.06393054459352802,0.0962904498816101,0.05998421468034728,0.056037884767166535,0.08760852407261246,0.055248618784530384,0.07419100236779795,0.0749802683504341,0.07419100236779795,0.0978689818468824,0.08366219415943173,0.06708760852407261,0.1270718232044199,0.056037884767166535,0.050513022888713496,0.06314127861089187,0.04498816101026046,0.03946329913180742,0.036306235201262825,0.08445146014206788,0.07813733228097869,0.08129439621152329,0.07655880031570639,0.06471981057616416,0.05367008681925809,0.07655880031570639,0.07892659826361484,0.05130228887134965,0.06550907655880031,0.06077348066298342,0.05919494869771113,0.06787687450670876,0.07813733228097869,0.05761641673243883,0.07892659826361484,0.07261247040252565,0.05761641673243883,0.08129439621152329,0.06708760852407261,0.056037884767166535,0.06314127861089187,0.042620363062352014,0.056037884767166535,0.06945540647198106,0.049723756906077346,0.07813733228097869,0.07892659826361484,0.06393054459352802,0.08050513022888714,0.07576953433307025,0.08366219415943173,0.06156274664561957,0.05840568271507498,0.05367008681925809,0.06077348066298342,0.05840568271507498,0.08208366219415943,0.05367008681925809,0.08287292817679558,0.04656669297553275,0.04814522494080505,0.04577742699289661,0.06787687450670876,0.07655880031570639,0.05367008681925809,0.049723756906077346,0.056827150749802685,0.05288082083662194,0.04577742699289661,0.012628255722178374,0.06314127861089187,0.055248618784530384,0.056827150749802685,0.07261247040252565,0.041831097079715863,0.05209155485398579,0.05998421468034728,0.04025256511444357,0.06787687450670876,0.07813733228097869,0.05130228887134965,0.04577742699289661,0.06077348066298342,0.06550907655880031,0.0489344909234412,0.01499605367008682,0.02920284135753749,0.04577742699289661,0.06629834254143646,0.05761641673243883,0.056827150749802685,0.04656669297553275,0.08681925808997633,0.0489344909234412,0.06314127861089187,0.0749802683504341,0.05288082083662194,0.06708760852407261,0.04814522494080505,0.06156274664561957,0.03946329913180742,0.04577742699289661,0.03235990528808208,0.04025256511444357,0.035516969218626675,0.04104183109707971,0.05840568271507498,0.0473559589581689,0.09865824782951854,0.04656669297553275,0.011049723756906077,0.04656669297553275,0.03867403314917127,0.04419889502762431,0.04498816101026046,0.06550907655880031,0.05130228887134965,0.056037884767166535,0.05445935280189424,0.0489344909234412,0.027624309392265192,0.036306235201262825,0.05288082083662194,0.049723756906077346,0.041831097079715863,0.0489344909234412,0.050513022888713496,0.07892659826361484,0.04656669297553275,0.026045777426992895,0.041831097079715863,0.05840568271507498,0.04814522494080505,0.03472770323599053,0.04498816101026046,0.04104183109707971,0.03235990528808208,0.04656669297553275,0.06787687450670876,0.042620363062352014,0.050513022888713496,0.028413575374901343,0.056827150749802685,0.037095501183898975,0.04656669297553275,0.037095501183898975,0.036306235201262825,0.04814522494080505,0.003946329913180742,0.05130228887134965,0.003946329913180742,0.042620363062352014,0.037884767166535126,0.03946329913180742,0.0489344909234412,0.041831097079715863,0.03472770323599053,0.03235990528808208,0.08208366219415943,0.03157063930544594,0.05445935280189424,0.036306235201262825,0.03157063930544594,0.03946329913180742,0.03393843725335438,0.035516969218626675,0.049723756906077346,0.037095501183898975,0.027624309392265192,0.03867403314917127,0.03867403314917127,0.06393054459352802,0.037884767166535126,0.02920284135753749,0.04419889502762431,0.03393843725335438,0.02999210734017364,0.03867403314917127,0.04577742699289661,0.04814522494080505,0.05445935280189424,0.0473559589581689,0.03946329913180742,0.035516969218626675,0.02999210734017364,0.04025256511444357,0.05367008681925809,0.027624309392265192,0.037884767166535126,0.030781373322809787,0.02999210734017364,0.08366219415943173,0.041831097079715863,0.026835043409629045,0.03314917127071823,0.04025256511444357,0.028413575374901343,0.0244672454617206,0.036306235201262825,0.041831097079715863
nh0092,1.0,0.511870196413322,0.49257045260461146,0.39214346712211784,0.256532877882152,0.295132365499573,0.260802732707088,0.24218616567036721,0.27156276686592656,0.23245089666951324,0.2640478223740393,0.2720751494449189,0.25123825789923143,0.23877028181041846,0.17865072587532024,0.21161400512382578,0.212467976088813,0.2309137489325363,0.26934244235695987,0.20426985482493595,0.1941929974380871,0.20068317677198974,0.26148590947907774,0.19470538001707943,0.16225448334756618,0.16464560204953033,0.15491033304867635,0.1762596071733561,0.12143467122117849,0.18223740392826643,0.12280102476515799,0.1685738684884714,0.19299743808710504,0.12792485055508113,0.16310845431255339,0.18599487617421007,0.16242527754056363,0.1743808710503843,0.16037574722459436,0.16669513236549957,0.1707941929974381,0.10025619128949616,0.10640478223740393,0.14107600341588386,0.08044406490179334,0.10503842869342442,0.08181041844577285,0.11084543125533732,0.07959009393680615,0.12228864218616567,0.092399658411614,0.14739538855678908,0.07617421007685739,0.10725875320239112,0.07207514944491887,0.11374893253629377,0.11750640478223741,0.11716481639624253,0.1371477369769428,0.12092228864218617,0.09718189581554228,0.10247651579846286,0.12160546541417591,0.10486763450042698,0.12365499573014517,0.13065755764304013,0.13014517506404782,0.11904355251921435,0.09735269000853972,0.11579846285226303,0.0995730145175064,0.11033304867634501,0.14397950469684032,0.09974380871050384,0.107600341588386,0.09871904355251922,0.11357813834329633,0.06968403074295473,0.09854824935952178,0.09171648163962426,0.10982066609735269,0.08795900939368062,0.12382578992314261,0.08556789069171648,0.10145175064047822,0.1004269854824936,0.11306575576430401,0.08266438941076003,0.04816396242527754,0.11596925704526045,0.09752348420153714,0.07053800170794193,0.08010247651579847,0.0816396242527754,0.09342442356959864,0.10691716481639624,0.0802732707087959,0.08129803586678053,0.04696840307429547,0.07036720751494449,0.059265584970111015,0.09427839453458582,0.08232280102476516,0.07651579846285227,0.07053800170794193,0.07429547395388557,0.04679760888129804,0.08181041844577285,0.07463706233988045,0.11631084543125533,0.08573868488471392,0.08573868488471392,0.04560204953031597,0.07446626814688301,0.07873612297181896,0.06387702818104185,0.0946199829205807,0.05465414175918019,0.0816396242527754,0.09137489325362938,0.07924850555081127,0.06353543979504697,0.07566182749786507,0.06763450042698549,0.0946199829205807,0.054141759180187876,0.060973526900085395,0.08078565328778821,0.07993168232280103,0.08198121263877028,0.09479077711357814,0.09718189581554228,0.05550811272416738,0.07292912040990607,0.0444064901793339,0.05106746370623399,0.04286934244235696,0.07344150298889837,0.0515798462852263,0.08334756618274979,0.04713919726729291,0.061998292058070024,0.038941076003415884,0.06883005977796755,0.05277540563620837,0.10452604611443211,0.061998292058070024,0.055849701110162256,0.0730999146029035,0.05192143467122118,0.06490179333902647,0.07275832621690863,0.056703672075149446,0.061144321093082835,0.05619128949615713,0.06268146883005977,0.057045260461144325,0.05448334756618275,0.07497865072587533,0.07617421007685739,0.036208368915456875,0.06848847139197267,0.06609735269000853,0.06387702818104185,0.05260461144321093,0.07327070879590095,0.07258753202391119,0.0802732707087959,0.029376601195559352,0.032792485055508115,0.036720751494449186,0.05209222886421862,0.03313407344150299,0.062169086251067464,0.060802732707087956,0.059607173356105894,0.05260461144321093,0.10350128095644748,0.0466268146883006,0.04628522630230572,0.0623398804440649,0.05397096498719044,0.05533731853116994,0.06626814688300597,0.04167378309137489,0.029035012809564473,0.03825789923142613,0.04577284372331341,0.06678052946199829,0.04970111016225448,0.04901793339026473,0.05089666951323655,0.04696840307429547,0.05106746370623399,0.1026473099914603,0.05175064047822374,0.036208368915456875,0.060290350128095645,0.033646456020495305,0.057728437233134075,0.04577284372331341,0.07292912040990607,0.056532877882152006,0.05619128949615713,0.040649017933390263,0.035183603757472245,0.05004269854824936,0.04901793339026473,0.05140905209222887,0.04235695986336464,0.033304867634500426,0.036720751494449186,0.0466268146883006,0.0408198121263877,0.04372331340734415,0.058411614005123826,0.029547395388556788,0.036891545687446625,0.0479931682322801,0.028351836037574723,0.058582408198121265,0.04252775405636208,0.057557643040136636,0.04474807856532878,0.04611443210930828,0.04748078565328779,0.054995730145175066,0.04594363791631084,0.04953031596925705,0.036037574722459435,0.059265584970111015,0.037745516652433815,0.058753202391118704,0.05397096498719044,0.05567890691716482,0.05209222886421862,0.037233134073441504,0.05004269854824936,0.040649017933390263,0.04099060631938514,0.04884713919726729,0.05123825789923143,0.05465414175918019,0.04235695986336464,0.02578992314261315,0.04406490179333902,0.03996584116140051,0.04013663535439795,0.018274978650725877,0.02391118701964133,0.01161400512382579,0.031938514090520925,0.05055508112724168,0.04645602049530316,0.03740392826643894,0.0479931682322801,0.038770281810418444,0.04560204953031597,0.04508966695132365,0.036379163108454314,0.03911187019641332,0.035695986336464564,0.04645602049530316,0.04099060631938514,0.04321093082835183,0.037062339880444065,0.035695986336464564,0.0502134927412468,0.0515798462852263,0.05619128949615713,0.02613151152860803,0.033475661827497866,0.04577284372331341,0.041332194705380014,0.04611443210930828,0.06746370623398805,0.03654995730145175,0.030572160546541417,0.036037574722459435,0.05038428693424424,0.03996584116140051,0.04201537147736977,0.030059777967549103,0.035183603757472245,0.041332194705380014,0.0322801024765158,0.0408198121263877,0.032792485055508115,0.04953031596925705,0.031938514090520925,0.040478223740392824,0.03654995730145175,0.039795046968403074,0.03996584116140051,0.04406490179333902,0.04474807856532878,0.05567890691716482,0.03142613151152861,0.02578992314261315,0.02493595217762596
nh0093,1.0,0.532,0.457,0.336,0.659,0.378,0.416,0.243,0.217,0.285,0.453,0.28,0.221,0.346,0.196,0.273,0.222,0.176,0.178,0.202,0.234,0.154,0.222,0.204,0.206,0.154,0.178,0.155,0.152,0.218,0.198,0.139,0.198,0.147,0.217,0.196,0.146,0.176,0.174,0.094,0.166,0.197,0.154,0.108,0.117,0.173,0.104,0.115,0.141,0.254,0.088,0.108,0.072,0.084,0.096,0.092,0.082,0.148,0.061,0.114,0.135,0.109,0.129,0.114,0.131,0.095,0.079,0.085,0.126,0.107,0.103,0.092,0.11,0.118,0.102,0.094,0.074,0.071,0.079,0.125,0.1,0.097,0.121,0.097,0.079,0.138,0.113,0.104,0.12,0.128,0.119,0.124,0.057,0.095,0.065,0.093,0.092,0.05,0.09,0.092,0.037,0.07,0.092,0.086,0.102,0.043,0.123,0.112,0.068,0.086,0.067,0.071,0.064,0.077,0.108,0.136,0.063,0.042,0.093,0.077,0.082,0.113,0.08,0.084,0.084,0.077,0.074,0.092,0.067,0.128,0.063,0.075,0.098,0.043,0.051,0.07,0.065,0.046,0.057,0.068,0.085,0.056,0.089,0.056,0.058,0.105,0.051,0.047,0.101,0.121,0.084,0.106,0.074,0.085,0.052,0.066,0.106,0.119,0.062,0.083,0.06,0.062,0.061,0.093,0.062,0.036,0.051,0.06,0.022,0.05,0.069,0.1,0.069,0.09,0.079,0.077,0.048,0.07,0.073,0.099,0.072,0.039,0.04,0.063,0.072,0.033,0.054,0.073,0.046,0.047,0.067,0.074,0.047,0.098,0.071,0.083,0.056,0.069,0.049,0.031,0.048,0.088,0.046,0.048,0.051,0.033,0.051,0.054,0.051,0.068,0.025,0.043,0.052,0.058,0.065,0.092,0.078,0.032,0.083,0.092,0.04,0.03,0.034,0.073,0.04,0.034,0.047,0.043,0.07,0.073,0.093,0.081,0.067,0.061,0.054,0.056,0.029,0.059,0.049,0.034,0.077,0.042,0.041,0.114,0.063,0.078,0.063,0.038,0.026,0.101,0.027,0.033,0.032,0.046,0.026,0.038,0.055,0.061,0.023,0.044,0.039,0.047,0.05,0.081,0.045,0.019,0.043,0.048,0.022,0.044,0.057,0.121,0.052,0.058,0.053,0.051,0.046,0.059,0.063,0.053,0.038,0.064,0.105,0.038,0.045,0.039,0.046,0.05,0.041,0.082,0.07,0.044,0.063,0.028,0.06,0.05,0.021,0.041,0.072,0.041
nh0094,1.0,0.669109357384442,0.5152198421645998,0.4588500563697858,0.5298759864712514,0.44983089064261556,0.4301014656144307,0.25986471251409243,0.3686583990980834,0.3100338218714769,0.24295377677564825,0.24971815107102593,0.2976324689966178,0.314543404735062,0.2209695603156708,0.25366403607666294,0.23900789177001128,0.25535512965050733,0.18883878241262683,0.23562570462232243,0.21927846674182638,0.23393461104847801,0.22998872604284104,0.1657271702367531,0.19503945885005636,0.1459977452085682,0.19334836527621196,0.185456595264938,0.26099210822998875,0.18320180383314544,0.17080045095828636,0.14317925591882752,0.1375422773393461,0.1843291995490417,0.17474633596392333,0.14543404735062007,0.15839909808342728,0.1657271702367531,0.17756482525366404,0.12401352874859076,0.1471251409244645,0.24126268320180383,0.16910935738444194,0.157271702367531,0.157271702367531,0.12965050732807215,0.13923337091319052,0.12119503945885006,0.12006764374295378,0.1544532130777903,0.12570462232243518,0.14487034949267194,0.1273957158962796,0.14543404735062007,0.1544532130777903,0.14825253664036075,0.11104847801578353,0.11781285231116122,0.1020293122886133,0.0963923337091319,0.22266065388951523,0.12119503945885006,0.11837655016910936,0.16403607666290868,0.14768883878241262,0.12401352874859076,0.0963923337091319,0.0963923337091319,0.11950394588500564,0.09977452085682074,0.10146561443066517,0.10428410372040586,0.13472378804960541,0.1076662908680947,0.11217587373167982,0.11217587373167982,0.11724915445321307,0.11386696730552424,0.11781285231116122,0.11273957158962795,0.10710259301014656,0.12795941375422773,0.11104847801578353,0.09864712514092447,0.11217587373167982,0.08568207440811725,0.10653889515219842,0.1076662908680947,0.13246899661781286,0.11950394588500564,0.12514092446448705,0.07440811724915446,0.09695603156708005,0.09301014656144306,0.1020293122886133,0.09075535512965051,0.11443066516347238,0.11555806087936867,0.07215332581736189,0.09131905298759865,0.0963923337091319,0.08511837655016911,0.09582863585118377,0.10033821871476889,0.06820744081172492,0.08737316798196167,0.11837655016910936,0.10541149943630214,0.08962795941375423,0.09864712514092447,0.10541149943630214,0.08004509582863585,0.0992108229988726,0.1020293122886133,0.0834272829763247,0.10541149943630214,0.07722660653889515,0.03494926719278467,0.08850056369785794,0.08455467869222097,0.06257046223224352,0.0963923337091319,0.07835400225479143,0.10992108229988726,0.1358511837655017,0.15107102593010147,0.0777903043968433,0.07271702367531004,0.07609921082299888,0.06877113866967305,0.09131905298759865,0.0935738444193912,0.080608793686584,0.07609921082299888,0.07835400225479143,0.08906426155580609,0.08173618940248027,0.0992108229988726,0.07497181510710259,0.08455467869222097,0.09301014656144306,0.13021420518602028,0.09977452085682074,0.080608793686584,0.07046223224351747,0.07215332581736189,0.05975197294250282,0.0636978579481398,0.08229988726042842,0.09019165727170236,0.058624577226606536,0.07553551296505073,0.08399098083427282,0.07215332581736189,0.08962795941375423,0.09470124013528748,0.08680947012401354,0.0636978579481398,0.05411499436302142,0.05693348365276212,0.0794813979706877,0.06482525366403608,0.09188275084554678,0.07102593010146561,0.06764374295377677,0.06989853438556934,0.09695603156708005,0.07215332581736189,0.038331454340473504,0.03720405862457723,0.09019165727170236,0.07666290868094701,0.07722660653889515,0.07722660653889515,0.06144306651634724,0.08680947012401354,0.080608793686584,0.06200676437429538,0.08004509582863585,0.058624577226606536,0.04735062006764374,0.08399098083427282,0.05975197294250282,0.06426155580608793,0.080608793686584,0.03664036076662908,0.07440811724915446,0.04904171364148816,0.05975197294250282,0.060879368658399095,0.06595264937993235,0.07440811724915446,0.042277339346110485,0.07497181510710259,0.04735062006764374,0.05467869222096956,0.0496054114994363,0.0777903043968433,0.07835400225479143,0.06144306651634724,0.05073280721533258,0.07215332581736189,0.0636978579481398,0.08568207440811725,0.047914317925591886,0.05467869222096956,0.046223224351747465,0.0467869222096956,0.08906426155580609,0.05355129650507328,0.04735062006764374,0.0552423900789177,0.03100338218714769,0.05749718151071026,0.07384441939120631,0.037767756482525366,0.07666290868094701,0.034385569334836524,0.0636978579481398,0.08004509582863585,0.043968432919954906,0.04284103720405862,0.05186020293122886,0.07271702367531004,0.037767756482525366,0.04171364148816235,0.03889515219842165,0.05693348365276212,0.04171364148816235,0.05186020293122886,0.06144306651634724,0.04114994363021421,0.06200676437429538,0.05298759864712514,0.0496054114994363,0.0496054114994363,0.07384441939120631,0.04509582863585118,0.03664036076662908,0.0467869222096956,0.05411499436302142,0.07666290868094701,0.08004509582863585,0.05073280721533258,0.07553551296505073,0.07440811724915446,0.05411499436302142,0.043968432919954906,0.02142051860202931,0.03664036076662908,0.007328072153325817,0.04509582863585118,0.043968432919954906,0.08399098083427282,0.05411499436302142,0.07271702367531004,0.08850056369785794,0.04340473506200677,0.048478015783540024,0.040022547914317926,0.052423900789177004,0.0693348365276212,0.05298759864712514,0.05073280721533258,0.0552423900789177,0.05467869222096956,0.0665163472378805,0.06144306651634724,0.058624577226606536,0.04509582863585118,0.04114994363021421,0.04284103720405862,0.06031567080045096,0.06031567080045096,0.06313416009019165,0.0794813979706877,0.04565952649379933,0.047914317925591886,0.05693348365276212,0.05298759864712514,0.0496054114994363,0.03156708004509583,0.04735062006764374,0.05298759864712514,0.05636978579481398,0.04340473506200677,0.0467869222096956,0.05918827508455468,0.05580608793686584,0.04565952649379933,0.052423900789177004,0.06989853438556934,0.05693348365276212,0.06426155580608793,0.02593010146561443,0.05073280721533258,0.058624577226606536,0.05073280721533258,0.05693348365276212,0.12119503945885006
nh0095,1.0,0.6085219707057257,0.5279627163781625,0.3948069241011984,0.3448735019973369,0.3155792276964048,0.4447403462050599,0.2782956058588549,0.3561917443408788,0.32423435419440744,0.2862849533954727,0.23568575233022637,0.2589880159786951,0.2836218375499334,0.2170439414114514,0.2762982689747004,0.21571238348868177,0.22636484687083888,0.23169107856191745,0.2097203728362184,0.18508655126498003,0.20572569906790947,0.27163781624500666,0.19973368841544606,0.20772303595206393,0.13914780292942744,0.15645805592543274,0.15379494007989347,0.17909454061251665,0.18575233022636484,0.19440745672436752,0.19174434087882822,0.13715046604527298,0.12649800266311584,0.19174434087882822,0.16511318242343542,0.1744340878828229,0.16245006657789615,0.1677762982689747,0.12516644474034622,0.15446071904127828,0.13715046604527298,0.1311584553928096,0.14647137150466044,0.13315579227696406,0.16577896138482023,0.11451398135818908,0.12117177097203728,0.1418109187749667,0.17643142476697737,0.0985352862849534,0.1051930758988016,0.12250332889480692,0.1284953395472703,0.11451398135818908,0.11384820239680427,0.15512649800266312,0.19374167776298268,0.10186418109187749,0.10585885486018642,0.118508655126498,0.10386151797603196,0.12250332889480692,0.14047936085219706,0.11318242343541944,0.10319573901464714,0.1870838881491345,0.12916111850865514,0.11784287616511319,0.1904127829560586,0.07789613848202397,0.11384820239680427,0.14314247669773636,0.11318242343541944,0.09454061251664447,0.12250332889480692,0.10452729693741677,0.0692410119840213,0.10585885486018642,0.08655126498002663,0.10053262316910785,0.0985352862849534,0.14647137150466044,0.17509986684420772,0.1311584553928096,0.1611185086551265,0.09986684420772303,0.11051930758988016,0.10585885486018642,0.12516644474034622,0.08854860186418109,0.11784287616511319,0.09986684420772303,0.07190412782956059,0.09387483355525965,0.09986684420772303,0.12050599201065246,0.10585885486018642,0.07523302263648468,0.12916111850865514,0.10652463382157124,0.11584553928095873,0.07256990679094541,0.09653794940079893,0.11917443408788282,0.0758988015978695,0.085219707057257,0.07989347536617843,0.08788282290279627,0.09254327563249001,0.08788282290279627,0.08189081225033289,0.08921438082556592,0.07723035952063914,0.10386151797603196,0.12117177097203728,0.08189081225033289,0.08788282290279627,0.11251664447403462,0.07989347536617843,0.08189081225033289,0.08655126498002663,0.07789613848202397,0.1118508655126498,0.08721704394141146,0.05459387483355526,0.07190412782956059,0.07656458055925433,0.08455392809587217,0.1284953395472703,0.11651131824234354,0.07323568575233022,0.06458055925432757,0.05459387483355526,0.08854860186418109,0.07523302263648468,0.07989347536617843,0.06125166444740346,0.08189081225033289,0.08189081225033289,0.06790945406125166,0.08921438082556592,0.06790945406125166,0.06990679094540612,0.07323568575233022,0.06258322237017311,0.06790945406125166,0.06524633821571238,0.10053262316910785,0.07856191744340879,0.09986684420772303,0.1118508655126498,0.0952063914780293,0.09254327563249001,0.09454061251664447,0.07123834886817576,0.0952063914780293,0.05725699067909454,0.07190412782956059,0.05392809587217044,0.05792276964047936,0.06857523302263649,0.07656458055925433,0.05459387483355526,0.07323568575233022,0.041944074567243674,0.09320905459387484,0.07989347536617843,0.05326231691078562,0.06657789613848203,0.07390146471371505,0.05792276964047936,0.06324900133155792,0.07256990679094541,0.0426098535286285,0.08455392809587217,0.0659121171770972,0.05792276964047936,0.07323568575233022,0.047936085219707054,0.05326231691078562,0.05059920106524634,0.06458055925432757,0.06458055925432757,0.0525965379494008,0.06058588548601864,0.06524633821571238,0.043275632490013316,0.07656458055925433,0.06391478029294274,0.07256990679094541,0.06391478029294274,0.05193075898801598,0.0758988015978695,0.05326231691078562,0.08189081225033289,0.04460719041278296,0.07989347536617843,0.04460719041278296,0.06724367509986684,0.07123834886817576,0.06391478029294274,0.05792276964047936,0.06524633821571238,0.05326231691078562,0.05659121171770972,0.05459387483355526,0.06125166444740346,0.09920106524633822,0.07390146471371505,0.02996005326231691,0.05525965379494008,0.06857523302263649,0.0559254327563249,0.09254327563249001,0.0492676431424767,0.06391478029294274,0.041944074567243674,0.09454061251664447,0.06990679094540612,0.03794940079893475,0.05459387483355526,0.04727030625832224,0.04660452729693742,0.03262316910785619,0.043275632490013316,0.06391478029294274,0.05326231691078562,0.041944074567243674,0.09320905459387484,0.04660452729693742,0.0492676431424767,0.07523302263648468,0.08055925432756325,0.05459387483355526,0.0525965379494008,0.059254327563249,0.061917443408788284,0.043275632490013316,0.05392809587217044,0.05193075898801598,0.05725699067909454,0.0525965379494008,0.06058588548601864,0.041278295605858856,0.07123834886817576,0.05659121171770972,0.043941411451398134,0.05193075898801598,0.12250332889480692,0.043941411451398134,0.05126498002663116,0.049933422103861515,0.0559254327563249,0.0525965379494008,0.0525965379494008,0.06125166444740346,0.045938748335552594,0.05059920106524634,0.03794940079893475,0.04460719041278296,0.05525965379494008,0.04660452729693742,0.03195739014647137,0.049933422103861515,0.047936085219707054,0.0426098535286285,0.047936085219707054,0.02796271637816245,0.04061251664447404,0.05525965379494008,0.041278295605858856,0.05992010652463382,0.05459387483355526,0.05525965379494008,0.047936085219707054,0.02862849533954727,0.06391478029294274,0.05659121171770972,0.07523302263648468,0.05326231691078562,0.035286284953395475,0.07456724367509987,0.03994673768308921,0.06324900133155792,0.03262316910785619,0.07123834886817576,0.03661784287616511,0.07057256990679095,0.07723035952063914,0.05392809587217044,0.06258322237017311,0.045938748335552594,0.03595206391478029,0.03262316910785619,0.0426098535286285,0.035286284953395475,0.03661784287616511,0.06058588548601864,0.02796271637816245
nh0096,1.0,0.5502304147465438,0.49216589861751153,0.35944700460829493,0.2534562211981567,0.343778801843318,0.33087557603686635,0.280184331797235,0.19907834101382488,0.2857142857142857,0.19539170506912443,0.21474654377880184,0.2488479262672811,0.21751152073732719,0.19815668202764977,0.1824884792626728,0.18525345622119815,0.23778801843317973,0.23870967741935484,0.17327188940092167,0.17880184331797236,0.19262672811059908,0.21751152073732719,0.12903225806451613,0.18525345622119815,0.14654377880184333,0.19631336405529953,0.15944700460829492,0.16774193548387098,0.17511520737327188,0.19539170506912443,0.19539170506912443,0.17050691244239632,0.12258064516129032,0.14101382488479264,0.15023041474654378,0.11612903225806452,0.11152073732718894,0.12534562211981568,0.1152073732718894,0.14285714285714285,0.13179723502304147,0.10783410138248847,0.12626728110599078,0.1032258064516129,0.17419354838709677,0.07188940092165899,0.09861751152073733,0.08387096774193549,0.1336405529953917,0.11428571428571428,0.12073732718894009,0.1400921658986175,0.09861751152073733,0.12165898617511521,0.12073732718894009,0.1271889400921659,0.11152073732718894,0.11889400921658987,0.0967741935483871,0.08755760368663594,0.10230414746543778,0.09493087557603687,0.08571428571428572,0.08018433179723503,0.0967741935483871,0.1152073732718894,0.09308755760368663,0.09308755760368663,0.06820276497695853,0.07373271889400922,0.07373271889400922,0.07465437788018434,0.08202764976958525,0.09032258064516129,0.07188940092165899,0.10046082949308756,0.11059907834101383,0.08755760368663594,0.05161290322580645,0.07834101382488479,0.09769585253456221,0.08571428571428572,0.08663594470046083,0.09769585253456221,0.08110599078341015,0.07649769585253456,0.09216589861751152,0.06912442396313365,0.06728110599078341,0.09769585253456221,0.04976958525345622,0.07834101382488479,0.09032258064516129,0.08571428571428572,0.07188940092165899,0.09585253456221199,0.08294930875576037,0.052534562211981564,0.06359447004608294,0.1152073732718894,0.08387096774193549,0.0912442396313364,0.0663594470046083,0.04423963133640553,0.07373271889400922,0.06175115207373272,0.10783410138248847,0.06543778801843318,0.06359447004608294,0.05806451612903226,0.08940092165898618,0.06451612903225806,0.07834101382488479,0.055299539170506916,0.08387096774193549,0.059907834101382486,0.03225806451612903,0.11336405529953918,0.07834101382488479,0.0847926267281106,0.04976958525345622,0.07557603686635944,0.052534562211981564,0.07373271889400922,0.05161290322580645,0.05714285714285714,0.06728110599078341,0.06267281105990784,0.07649769585253456,0.05714285714285714,0.07834101382488479,0.06543778801843318,0.08294930875576037,0.05622119815668203,0.08110599078341015,0.04884792626728111,0.041474654377880185,0.06820276497695853,0.05806451612903226,0.060829493087557605,0.03778801843317972,0.09493087557603687,0.059907834101382486,0.04516129032258064,0.07465437788018434,0.05714285714285714,0.06175115207373272,0.11152073732718894,0.08571428571428572,0.10599078341013825,0.053456221198156684,0.035023041474654376,0.07649769585253456,0.07004608294930875,0.10599078341013825,0.06728110599078341,0.05898617511520737,0.06451612903225806,0.05806451612903226,0.04516129032258064,0.052534562211981564,0.055299539170506916,0.06728110599078341,0.06359447004608294,0.04608294930875576,0.041474654377880185,0.054377880184331796,0.03870967741935484,0.05622119815668203,0.029493087557603687,0.041474654377880185,0.04423963133640553,0.059907834101382486,0.055299539170506916,0.06175115207373272,0.06175115207373272,0.07465437788018434,0.053456221198156684,0.03870967741935484,0.041474654377880185,0.06359447004608294,0.05622119815668203,0.06728110599078341,0.04608294930875576,0.04331797235023042,0.053456221198156684,0.047004608294930875,0.04884792626728111,0.035944700460829496,0.04331797235023042,0.05622119815668203,0.04884792626728111,0.055299539170506916,0.06912442396313365,0.09861751152073733,0.03317972350230415,0.05069124423963134,0.06728110599078341,0.03686635944700461,0.03317972350230415,0.054377880184331796,0.04884792626728111,0.047926267281105994,0.04608294930875576,0.034101382488479264,0.07465437788018434,0.047004608294930875,0.022119815668202765,0.03686635944700461,0.060829493087557605,0.034101382488479264,0.07188940092165899,0.05161290322580645,0.06728110599078341,0.052534562211981564,0.059907834101382486,0.052534562211981564,0.08110599078341015,0.03317972350230415,0.03963133640552995,0.035944700460829496,0.03686635944700461,0.02857142857142857,0.04055299539170507,0.04423963133640553,0.052534562211981564,0.04423963133640553,0.0423963133640553,0.07557603686635944,0.04516129032258064,0.034101382488479264,0.054377880184331796,0.03963133640552995,0.03317972350230415,0.06359447004608294,0.03133640552995392,0.04608294930875576,0.047926267281105994,0.03778801843317972,0.03870967741935484,0.04516129032258064,0.04331797235023042,0.041474654377880185,0.07465437788018434,0.08018433179723503,0.034101382488479264,0.03225806451612903,0.041474654377880185,0.03870967741935484,0.0,0.03133640552995392,0.04331797235023042,0.03133640552995392,0.03963133640552995,0.01935483870967742,0.05161290322580645,0.035023041474654376,0.03225806451612903,0.047926267281105994,0.034101382488479264,0.03133640552995392,0.04055299539170507,0.041474654377880185,0.047004608294930875,0.04055299539170507,0.03963133640552995,0.07004608294930875,0.02857142857142857,0.03317972350230415,0.018433179723502304,0.04055299539170507,0.023963133640552997,0.026728110599078342,0.0423963133640553,0.05161290322580645,0.0423963133640553,0.04331797235023042,0.0423963133640553,0.017511520737327188,0.041474654377880185,0.020276497695852536,0.05161290322580645,0.06728110599078341,0.0423963133640553,0.02304147465437788,0.041474654377880185,0.03778801843317972,0.034101382488479264,0.04976958525345622,0.0423963133640553,0.06451612903225806,0.05069124423963134,0.030414746543778803,0.03778801843317972,0.06267281105990784,0.034101382488479264,0.035023041474654376,0.041474654377880185,0.03686635944700461
nh0097,1.0,0.4698725376593279,0.5079181151023561,0.38779451525685593,0.3277327153341058,0.2564696794129007,0.194090382387022,0.30533024333719583,0.2443028196214755,0.21707222865971418,0.1873310158362302,0.2421784472769409,0.2190034762456547,0.22170722286597142,0.2358053302433372,0.16956353804557744,0.19312475859405176,0.17921977597528002,0.14889918887601392,0.15102356122054847,0.1966010042487447,0.138084202394747,0.15140981073773657,0.1993047508690614,0.10081112398609501,0.20123599845500192,0.20722286597141754,0.18443414445731943,0.16859791425260717,0.115681730397837,0.08671301660872924,0.13093858632676708,0.10795674005407493,0.19505600617999228,0.13422170722286597,0.12224797219003476,0.15063731170336037,0.10660486674391657,0.13750482811896486,0.15874855156431056,0.11123986095017381,0.09018926226342217,0.1264967168791039,0.115681730397837,0.09984550019312476,0.08632676709154113,0.06064117419853225,0.11799922750096563,0.07570490536886829,0.06759366550791812,0.09018926226342217,0.1436848203939745,0.13132483584395518,0.10390112012359985,0.10699111626110468,0.1212823483970645,0.0928930088837389,0.10139049826187717,0.10892236384704519,0.08671301660872924,0.09868675164156045,0.09656237929702588,0.07705677867902665,0.10428736964078796,0.11066048667439166,0.11413673232908458,0.08458864426419467,0.14986481266898416,0.09656237929702588,0.0704905368868289,0.10795674005407493,0.07589803012746234,0.07860177674777906,0.09038238702201622,0.05716492854383932,0.06566241792197759,0.10196987253765932,0.09038238702201622,0.09115488605639242,0.1205098493626883,0.1104673619157976,0.08381614522981846,0.0936655079181151,0.08362302047122441,0.06740054074932407,0.08149864812668985,0.06797991502510622,0.06508304364619544,0.07705677867902665,0.09714175357280803,0.06566241792197759,0.06450366937041328,0.06740054074932407,0.07628427964465044,0.08864426419466975,0.10042487446890691,0.07396678254152182,0.08265739667825416,0.05793742757821553,0.054461181923522596,0.09308613364233295,0.0664349169563538,0.0716492854383932,0.06913866357667053,0.05040556199304751,0.0600617999227501,0.06797991502510622,0.06759366550791812,0.04596369254538432,0.07068366164542295,0.046543066821166476,0.06991116261104674,0.05407493240633449,0.059675550405561995,0.06064117419853225,0.09772112784859019,0.08651989185013519,0.026651216685979143,0.054268057164928545,0.07956740054074933,0.06740054074932407,0.04866743916570104,0.05040556199304751,0.04828118964851294,0.05272305909617613,0.062379297025878716,0.06778679026651217,0.06179992275009656,0.07145616067979915,0.052916183854770184,0.05233680957898803,0.05948242564696794,0.05407493240633449,0.09521050598686752,0.07377365778292777,0.06295867130166087,0.05407493240633449,0.07396678254152182,0.04673619157976053,0.04557744302819621,0.04152182309772113,0.06662804171494785,0.035728080339899576,0.0704905368868289,0.03630745461568173,0.06759366550791812,0.050212437234453455,0.05272305909617613,0.04519119351100811,0.03746620316724604,0.0720355349555813,0.05581305523368096,0.04828118964851294,0.04190807261490923,0.0552336809578988,0.0548474314407107,0.05407493240633449,0.05233680957898803,0.044611819235225954,0.044611819235225954,0.0552336809578988,0.04306682116647354,0.07280803398995751,0.04712244109694863,0.06778679026651217,0.09057551178061027,0.06836616454229433,0.06353804557744303,0.05330243337195829,0.03514870606411742,0.034183082271147164,0.09636925453843183,0.03630745461568173,0.046349942062572425,0.06431054461181923,0.03456933178833527,0.047701815372730785,0.08999613750482811,0.03592120509849363,0.02742371572035535,0.05658555426805716,0.04866743916570104,0.05117806102742371,0.050212437234453455,0.03341058323677095,0.03476245654692932,0.04016994978756277,0.0444186944766319,0.07744302819621475,0.04519119351100811,0.03495558130552337,0.027037466203167246,0.05658555426805716,0.04074932406334492,0.05600617999227501,0.02298184627269216,0.03997682502896872,0.043453070683661645,0.03862495171881035,0.04325994592506759,0.03650057937427578,0.05581305523368096,0.050212437234453455,0.05890305137118579,0.05813055233680958,0.025685592893008882,0.0548474314407107,0.03360370799536501,0.029934337582078023,0.04519119351100811,0.09057551178061027,0.04074932406334492,0.02954808806488992,0.03514870606411742,0.06971803785245269,0.05465430668211665,0.02085747392815759,0.03611432985708768,0.04789494013132484,0.026651216685979143,0.12630359212050984,0.059868675164156046,0.026651216685979143,0.038238702201622246,0.07415990730011587,0.05928930088837389,0.02394747006566242,0.030320587099266126,0.03746620316724604,0.030127462340672075,0.03534183082271147,0.03650057937427578,0.029934337582078023,0.03746620316724604,0.032831208960988796,0.04731556585554268,0.03611432985708768,0.03379683275395906,0.029161838547701817,0.04074932406334492,0.036886828891463885,0.04692931633835458,0.044611819235225954,0.041135573580533026,0.024719969100038625,0.02877558903051371,0.03456933178833527,0.04325994592506759,0.02607184241019699,0.016222479721900347,0.004055619930475087,0.04538431826960216,0.04171494785631518,0.0712630359212051,0.05581305523368096,0.038045577443028195,0.02529934337582078,0.028389339513325607,0.021243723445345693,0.0496330629586713,0.060834298957126304,0.04557744302819621,0.02298184627269216,0.027230590961761298,0.03302433371958285,0.05504055619930475,0.02394747006566242,0.039397450753186555,0.06025492468134415,0.061027423715720355,0.031093086133642332,0.027809965237543453,0.04943993820007725,0.051564310544611816,0.03765932792584009,0.04712244109694863,0.04596369254538432,0.029161838547701817,0.025106218617226728,0.030513711857860178,0.03089996137504828,0.12514484356894554,0.014677481653147934,0.044611819235225954,0.027037466203167246,0.028968713789107765,0.028389339513325607,0.041135573580533026,0.03341058323677095,0.023754345307068367,0.032638084202394745,0.029934337582078023,0.02529934337582078,0.030320587099266126,0.04712244109694863,0.028196214754731556,0.04190807261490923,0.039397450753186555,0.019891850135187333,0.03341058323677095
nh0098,1.0,0.3919184695154658,0.5040228857500447,0.47076703021634186,0.16198819953513321,0.22903629536921152,0.194350080457715,0.18594671911317717,0.2045413910244949,0.17521902377972465,0.17557661362417307,0.18558912926872878,0.25978902199177545,0.1682460218129805,0.1358841408903987,0.25424637940282496,0.19327731092436976,0.17468263901305203,0.18290720543536562,0.13695691042374397,0.16449132844627212,0.1113892365456821,0.19291972107992134,0.1417843733237976,0.15769712140175218,0.10763454317897372,0.17057035580189522,0.15537278741283747,0.11800464866797783,0.19005900232433398,0.15161809404612908,0.08349722867870553,0.15072411943500805,0.11246200607902736,0.15036652959055963,0.10602538887895584,0.11246200607902736,0.12050777757911675,0.10995887716788844,0.13463257643482926,0.09976756660110853,0.13463257643482926,0.08063650992311819,0.11585910960128733,0.1070981584123011,0.1458966565349544,0.15072411943500805,0.08957625603432863,0.04702306454496692,0.05131414267834793,0.061147863400679424,0.0790273556231003,0.14106919363490078,0.08939746111210442,0.11514392991239049,0.10370105489004112,0.050956552833899514,0.1315930627570177,0.14303593777936707,0.1133559806901484,0.04755944931163955,0.0931521544788128,0.07634543178973717,0.07026640443411407,0.08456999821205077,0.0747362774897193,0.10602538887895584,0.11210441623457894,0.08135168961201501,0.15090291435723224,0.18737707849097085,0.09386733416770963,0.04702306454496692,0.09565528338995173,0.07992133023422135,0.0647237618451636,0.10584659395673163,0.057393170033971035,0.08671553727874129,0.04595029501162167,0.07455748256749509,0.059002324333988915,0.061684248167352046,0.09404612908993384,0.061863043089576256,0.060790273556231005,0.10513141426783479,0.06436617200071518,0.03414983014482389,0.08671553727874129,0.06543894153406044,0.052744502056141604,0.061505453245127836,0.0729483282674772,0.08367602360092974,0.09565528338995173,0.07455748256749509,0.10155551582335062,0.04648667977829429,0.054532451278383694,0.10423743965671375,0.06669050598962989,0.06543894153406044,0.04702306454496692,0.05149293760057214,0.04201680672268908,0.04344716610048275,0.10137672090112641,0.062041838011800465,0.04845342392276059,0.06365099231181834,0.07384230287859825,0.03200429107813338,0.059181119256213124,0.05077775791167531,0.11264080100125157,0.07670302163418559,0.08671553727874129,0.07777579116753085,0.04702306454496692,0.09047023064544966,0.04720185946719113,0.06365099231181834,0.056320400500625784,0.04845342392276059,0.0686572501340962,0.04988378330055426,0.0686572501340962,0.06347219738959413,0.0768818165564098,0.07580904702306454,0.07241194350080457,0.06955122474521723,0.052744502056141604,0.07598784194528875,0.056141605578401574,0.10638297872340426,0.059896298945109956,0.05489004112283211,0.05381727158948686,0.03683175397818702,0.030931521544788128,0.029143572322546038,0.0647237618451636,0.03754693366708386,0.07062399427856249,0.04684426962274271,0.03611657428929019,0.12032898265689254,0.06633291614518148,0.0808153048453424,0.11907741820132309,0.03575898444484177,0.0851063829787234,0.04380475594493116,0.058644734489540495,0.07133917396745933,0.03826211335598069,0.05006257822277847,0.07205435365635617,0.04541391024494904,0.062220632934024675,0.0486322188449848,0.04684426962274271,0.03575898444484177,0.03558018952261756,0.026819238333631326,0.09297335955658859,0.03629536921151439,0.05077775791167531,0.03343465045592705,0.03772572858930806,0.028249597711424997,0.03718934382263544,0.03558018952261756,0.05363847666726265,0.03611657428929019,0.03987126765599857,0.028428392633649203,0.01859467191131772,0.05024137314500268,0.04755944931163955,0.03933488288932594,0.04219560164491328,0.05220811728946898,0.04183801180046487,0.04237439656713749,0.04988378330055426,0.0749150724119435,0.052565707133917394,0.0384409082782049,0.029322367244770248,0.06776327552297515,0.05489004112283211,0.04326837117825854,0.07098158412301091,0.04112283211156803,0.0384409082782049,0.03718934382263544,0.050956552833899514,0.061684248167352046,0.05024137314500268,0.03683175397818702,0.015018773466833541,0.0566779903450742,0.03593777936706598,0.056320400500625784,0.04291078133381012,0.025031289111389236,0.04559270516717325,0.06418737707849097,0.044519935633828,0.04845342392276059,0.062220632934024675,0.05345968174503844,0.03790452351153227,0.04165921687824066,0.05310209190059002,0.06347219738959413,0.020740210978008225,0.03790452351153227,0.0343286250670481,0.03969247273377436,0.03200429107813338,0.023958519578043985,0.057750759878419454,0.058287144645092076,0.03808331843375648,0.03879849812265332,0.07276953334525299,0.04291078133381012,0.015376363311281959,0.0466654747005185,0.05810834972286787,0.051135347756123724,0.050956552833899514,0.03593777936706598,0.04308957625603433,0.026998033255855532,0.024852494189165027,0.04791703915608797,0.04720185946719113,0.026998033255855532,0.025031289111389236,0.02735562310030395,0.054353656356159484,0.03468621491149651,0.04380475594493116,0.0384409082782049,0.07008760951188986,0.060790273556231005,0.02127659574468085,0.03504380475594493,0.02753441802252816,0.03861970320042911,0.03450741998927231,0.025031289111389236,0.05167173252279635,0.023243339889147147,0.05381727158948686,0.03271947076703022,0.022170570355801895,0.025210084033613446,0.03254067584480601,0.03736813874485965,0.030037546933667083,0.044519935633828,0.062220632934024675,0.02467369926694082,0.04326837117825854,0.023422134811371356,0.026282853566958697,0.02270695512247452,0.03826211335598069,0.0364741641337386,0.03128911138923655,0.0384409082782049,0.026461648489182907,0.02127659574468085,0.0343286250670481,0.03254067584480601,0.028428392633649203,0.05024137314500268,0.07455748256749509,0.025388878955837656,0.01680672268907563,0.028070802789200787,0.021991775433577686,0.02449490434471661,0.061505453245127836,0.04469873055605221,0.030752726622563918,0.028607187555873412,0.0405864473448954,0.020382621133559806,0.056141605578401574,0.029501162166994457,0.020561416055784015,0.028428392633649203,0.04845342392276059
nh0099,1.0,0.728440366972477,0.5724770642201835,0.41284403669724773,0.6431192660550459,0.42660550458715596,0.6247706422018349,0.45871559633027525,0.41743119266055045,0.3412844036697248,0.5752293577981651,0.38807339449541284,0.3348623853211009,0.30642201834862387,0.38073394495412843,0.3761467889908257,0.28256880733944956,0.3128440366972477,0.3119266055045872,0.318348623853211,0.3889908256880734,0.25137614678899084,0.3513761467889908,0.3357798165137615,0.3201834862385321,0.23027522935779818,0.21192660550458717,0.15504587155963304,0.2889908256880734,0.23944954128440368,0.29541284403669726,0.26146788990825687,0.2,0.24770642201834864,0.23761467889908258,0.16605504587155964,0.15045871559633028,0.14128440366972478,0.1706422018348624,0.18440366972477065,0.0981651376146789,0.21743119266055047,0.24495412844036699,0.16238532110091744,0.23761467889908258,0.2,0.13119266055045872,0.21467889908256882,0.19541284403669726,0.2743119266055046,0.1651376146788991,0.12935779816513762,0.181651376146789,0.17889908256880735,0.11743119266055047,0.10825688073394496,0.17339449541284405,0.18807339449541285,0.13944954128440368,0.13211009174311927,0.17706422018348625,0.26697247706422017,0.20458715596330276,0.12293577981651377,0.12293577981651377,0.10091743119266056,0.11559633027522936,0.0834862385321101,0.12201834862385322,0.22385321100917432,0.11559633027522936,0.10366972477064221,0.13486238532110092,0.12293577981651377,0.15871559633027524,0.11651376146788991,0.10091743119266056,0.13119266055045872,0.13761467889908258,0.14311926605504588,0.15321100917431194,0.15688073394495414,0.13669724770642203,0.11743119266055047,0.14678899082568808,0.14036697247706423,0.15321100917431194,0.12844036697247707,0.18256880733944955,0.13027522935779817,0.13669724770642203,0.1908256880733945,0.10733944954128441,0.13302752293577982,0.10642201834862386,0.09357798165137615,0.1669724770642202,0.11467889908256881,0.13486238532110092,0.17522935779816515,0.14220183486238533,0.15045871559633028,0.10642201834862386,0.14770642201834863,0.1944954128440367,0.13119266055045872,0.13853211009174313,0.10550458715596331,0.16972477064220184,0.13394495412844037,0.13302752293577982,0.05596330275229358,0.08623853211009175,0.11100917431192661,0.18256880733944955,0.13394495412844037,0.060550458715596334,0.08256880733944955,0.07431192660550459,0.13302752293577982,0.06697247706422019,0.14036697247706423,0.14495412844036698,0.11192660550458716,0.11926605504587157,0.10642201834862386,0.07889908256880734,0.13853211009174313,0.08256880733944955,0.1018348623853211,0.11284403669724771,0.10366972477064221,0.12477064220183487,0.1,0.0926605504587156,0.12935779816513762,0.08807339449541285,0.05412844036697248,0.08073394495412844,0.10366972477064221,0.13669724770642203,0.08623853211009175,0.11192660550458716,0.12477064220183487,0.08440366972477065,0.0926605504587156,0.07339449541284404,0.0908256880733945,0.1577981651376147,0.12568807339449542,0.11834862385321102,0.0853211009174312,0.08256880733944955,0.12385321100917432,0.06605504587155964,0.14128440366972478,0.10733944954128441,0.09541284403669725,0.11009174311926606,0.12018348623853212,0.08623853211009175,0.081651376146789,0.04862385321100918,0.10275229357798166,0.0853211009174312,0.04128440366972477,0.11376146788990826,0.08990825688073395,0.12110091743119267,0.07431192660550459,0.08807339449541285,0.11376146788990826,0.14220183486238533,0.11376146788990826,0.1018348623853211,0.14311926605504588,0.09174311926605505,0.05137614678899083,0.11559633027522936,0.13302752293577982,0.10825688073394496,0.0834862385321101,0.10275229357798166,0.0798165137614679,0.11100917431192661,0.046788990825688076,0.0779816513761468,0.10366972477064221,0.05504587155963303,0.05688073394495413,0.08073394495412844,0.08990825688073395,0.046788990825688076,0.0889908256880734,0.05779816513761468,0.15871559633027524,0.044036697247706424,0.07064220183486239,0.0944954128440367,0.07155963302752294,0.09724770642201835,0.12477064220183487,0.060550458715596334,0.09724770642201835,0.09724770642201835,0.0944954128440367,0.06972477064220184,0.12660550458715597,0.06880733944954129,0.0853211009174312,0.025688073394495414,0.06330275229357799,0.07064220183486239,0.09724770642201835,0.06788990825688074,0.0853211009174312,0.0981651376146789,0.06788990825688074,0.06697247706422019,0.09724770642201835,0.03577981651376147,0.04954128440366973,0.05596330275229358,0.05963302752293578,0.07614678899082569,0.05412844036697248,0.047706422018348627,0.05045871559633028,0.09724770642201835,0.07706422018348624,0.08256880733944955,0.06972477064220184,0.07431192660550459,0.05596330275229358,0.0779816513761468,0.060550458715596334,0.09541284403669725,0.10275229357798166,0.09174311926605505,0.07339449541284404,0.05137614678899083,0.062385321100917435,0.060550458715596334,0.06880733944954129,0.08440366972477065,0.07706422018348624,0.0871559633027523,0.061467889908256884,0.03761467889908257,0.08256880733944955,0.045871559633027525,0.060550458715596334,0.05412844036697248,0.07339449541284404,0.05321100917431193,0.028440366972477066,0.08440366972477065,0.05596330275229358,0.061467889908256884,0.07706422018348624,0.03669724770642202,0.081651376146789,0.047706422018348627,0.07247706422018349,0.03302752293577982,0.043119266055045874,0.0853211009174312,0.05137614678899083,0.025688073394495414,0.05045871559633028,0.0779816513761468,0.0889908256880734,0.07155963302752294,0.03761467889908257,0.060550458715596334,0.03486238532110092,0.04862385321100918,0.12844036697247707,0.06605504587155964,0.05412844036697248,0.060550458715596334,0.07614678899082569,0.1018348623853211,0.05963302752293578,0.05229357798165138,0.05229357798165138,0.08623853211009175,0.05779816513761468,0.10458715596330276,0.09174311926605505,0.07339449541284404,0.03394495412844037,0.06880733944954129,0.08073394495412844,0.0944954128440367,0.05963302752293578,0.028440366972477066,0.05412844036697248,0.09357798165137615,0.044954128440366975
nh0100,1.0,0.599877825290165,0.6310323762981063,0.3298717165546732,0.39034819792302994,0.4215027489309713,0.4636530238240684,0.4538790470372633,0.3097128894318876,0.34941967012828345,0.2712278558338424,0.3304825901038485,0.21869273060476482,0.2797800855222969,0.32254123396456935,0.2871105681124007,0.2156383628588882,0.22602321319486865,0.25045815516188147,0.20769700671960903,0.23946243127672573,0.19547953573610263,0.25534514355528404,0.25717776420281,0.17898594990836897,0.24129505192425169,0.2119731215638363,0.1533292608430055,0.1887599266951741,0.21441661576053758,0.2064752596212584,0.1948686621869273,0.2034208918753818,0.17837507635919364,0.17837507635919364,0.16188149053145998,0.16676847892486255,0.16432498472816126,0.15271838729383017,0.13194868662186926,0.14905314599877825,0.15760537568723273,0.1563836285888821,0.12767257177764202,0.17470983506414173,0.14905314599877825,0.07819181429444105,0.11667684789248625,0.0946854001221747,0.12583995113011606,0.18142944410507025,0.1032376298106292,0.10507025045815516,0.13744654856444716,0.13622480146609653,0.1563836285888821,0.13683567501527183,0.13072693952351863,0.07574832009773977,0.13622480146609653,0.1209529627367135,0.13805742211362249,0.10079413561392792,0.10507025045815516,0.13133781307269396,0.1386682956627978,0.07452657299938913,0.08613317043372022,0.12034208918753818,0.10445937690897984,0.10140500916310324,0.09346365302382406,0.14050091631032377,0.09285277947464875,0.11301160659743432,0.1001832620647526,0.0824679291386683,0.15577275503970678,0.13744654856444716,0.12156383628588882,0.11973121563836286,0.1001832620647526,0.12706169822846672,0.1178985949908369,0.10934636530238241,0.15149664019547954,0.10384850335980451,0.10934636530238241,0.12583995113011606,0.11240073304825901,0.1032376298106292,0.07513744654856444,0.07697006719609041,0.10690287110568113,0.07697006719609041,0.1301160659743433,0.12217470983506414,0.07819181429444105,0.06658521686010996,0.07452657299938913,0.0708613317043372,0.09773976786805132,0.1062919975565058,0.064752596212584,0.05497861942577886,0.09346365302382406,0.07513744654856444,0.10445937690897984,0.08430054978619425,0.09651802076970067,0.09896151496640196,0.05925473427000611,0.09529627367135003,0.09590714722052535,0.09407452657299939,0.11545510079413561,0.10751374465485644,0.03665241295051924,0.08674404398289554,0.09040928527794746,0.0500916310323763,0.08430054978619425,0.09896151496640196,0.09102015882712279,0.09590714722052535,0.0885766646304215,0.0855222968845449,0.08307880268784362,0.0678069639584606,0.1624923640806353,0.07513744654856444,0.09224190592547343,0.08002443494196701,0.06658521686010996,0.08796579108124618,0.08613317043372022,0.09712889431887599,0.0708613317043372,0.06719609040928527,0.0824679291386683,0.06719609040928527,0.07697006719609041,0.06841783750763591,0.05436774587660354,0.05375687232742822,0.08430054978619425,0.06230910201588271,0.05803298717165547,0.09040928527794746,0.07697006719609041,0.06353084911423336,0.08735491753207086,0.06169822846670739,0.1148442272449603,0.05375687232742822,0.06047648136835675,0.1032376298106292,0.05864386072083079,0.08002443494196701,0.05803298717165547,0.0708613317043372,0.07147220525351253,0.07697006719609041,0.07330482590103848,0.07330482590103848,0.05436774587660354,0.06597434331093463,0.08491142333536958,0.04337202199144777,0.02626756261453879,0.07880268784361637,0.05925473427000611,0.04520464263897373,0.07697006719609041,0.05803298717165547,0.05925473427000611,0.06291997556505803,0.05925473427000611,0.05375687232742822,0.05497861942577886,0.07513744654856444,0.07025045815516189,0.04948075748320098,0.07452657299938913,0.05742211362248015,0.023824068417837508,0.06658521686010996,0.07147220525351253,0.032987171655467315,0.05803298717165547,0.06658521686010996,0.08063530849114234,0.08185705558949298,0.08185705558949298,0.06841783750763591,0.07452657299938913,0.06719609040928527,0.05497861942577886,0.05131337813072694,0.0708613317043372,0.05803298717165547,0.07574832009773977,0.0824679291386683,0.04581551618814905,0.0678069639584606,0.04276114844227245,0.04337202199144777,0.064752596212584,0.037874160048869884,0.06719609040928527,0.04825901038485034,0.046426389737324374,0.09346365302382406,0.04948075748320098,0.047037263286499695,0.05070250458155162,0.06658521686010996,0.03970678069639585,0.05864386072083079,0.064752596212584,0.04337202199144777,0.055589492974954184,0.08674404398289554,0.05497861942577886,0.04031765424557117,0.04581551618814905,0.04825901038485034,0.05864386072083079,0.0500916310323763,0.07330482590103848,0.047037263286499695,0.05864386072083079,0.05864386072083079,0.06597434331093463,0.056811240073304826,0.042150274893097125,0.04581551618814905,0.07025045815516189,0.06230910201588271,0.04153940134392181,0.056811240073304826,0.03726328649969456,0.056811240073304826,0.056811240073304826,0.04092852779474649,0.07758094074526573,0.04825901038485034,0.05070250458155162,0.00916310323762981,0.06291997556505803,0.0036652412950519244,0.0500916310323763,0.05925473427000611,0.03909590714722053,0.056811240073304826,0.05192425167990226,0.05803298717165547,0.05375687232742822,0.0531459987782529,0.04886988393402566,0.06414172266340867,0.05375687232742822,0.056811240073304826,0.0531459987782529,0.0531459987782529,0.04825901038485034,0.055589492974954184,0.06169822846670739,0.03726328649969456,0.06597434331093463,0.03970678069639585,0.05864386072083079,0.0354306658521686,0.033598045204642636,0.05864386072083079,0.04459376908979841,0.04031765424557117,0.056811240073304826,0.05497861942577886,0.05803298717165547,0.05192425167990226,0.04276114844227245,0.08185705558949298,0.04459376908979841,0.04031765424557117,0.04948075748320098,0.046426389737324374,0.04581551618814905,0.04886988393402566,0.06108735491753207,0.05070250458155162,0.056200366524129505,0.0678069639584606,0.04398289554062309,0.046426389737324374,0.05497861942577886,0.07025045815516189,0.04398289554062309,0.04886988393402566,0.04337202199144777
nh0101,1.0,0.8054771315640881,0.6854884246188594,0.43817052512704685,0.5163749294184077,0.4147374364765669,0.48531902879728966,0.49520045172219085,0.31733483907396953,0.33455674760022586,0.36928289102202144,0.35714285714285715,0.3085827216261999,0.3800112930547713,0.35403726708074534,0.3557312252964427,0.33568605307735744,0.23376623376623376,0.24816487859966121,0.32495765104460755,0.274703557312253,0.27498588368153587,0.3382269904009034,0.28825522303783174,0.25352907961603616,0.25917560700169395,0.2478825522303783,0.29107848673066067,0.22501411631846416,0.3018068887634105,0.2636928289102202,0.1852060982495765,0.25945793337097683,0.22868435911914173,0.23489553924336534,0.2738565782044043,0.24336533032185206,0.21936758893280633,0.25578769057029926,0.19480519480519481,0.2761151891586674,0.23178994918125354,0.2515527950310559,0.18887634105025408,0.16120835686053078,0.2532467532467532,0.13297571993224166,0.15697346132128742,0.1665725578769057,0.3040654997176736,0.09881422924901186,0.12224731789949181,0.16741953698475437,0.19593450028232637,0.17786561264822134,0.17730095990965555,0.1256352343308865,0.17391304347826086,0.16177300959909655,0.19424054206662902,0.1730660643704122,0.1572557876905703,0.15697346132128742,0.1324110671936759,0.14963297571993225,0.18125352907961603,0.13071710897797853,0.09966120835686053,0.11349520045172219,0.1821005081874647,0.08723884810841333,0.11462450592885376,0.14935064935064934,0.15527950310559005,0.1634669678147939,0.14342179559570864,0.1293054771315641,0.062111801242236024,0.15556182947487296,0.13128176171654432,0.13636363636363635,0.10559006211180125,0.14596273291925466,0.15866741953698477,0.12845849802371542,0.09881422924901186,0.12111801242236025,0.10926030491247883,0.1194240542066629,0.11998870694522869,0.1352343308865048,0.11688311688311688,0.14059853190287974,0.09853190287972896,0.08752117447769622,0.11236589497459062,0.09712027103331451,0.1318464144551101,0.1293054771315641,0.12168266516092603,0.12337662337662338,0.12902315076228119,0.12140033879164314,0.09740259740259741,0.13297571993224166,0.11123658949745906,0.10333145115753811,0.13015245623941277,0.12987012987012986,0.17221908526256352,0.13354037267080746,0.09288537549407115,0.09147374364765669,0.1163184641445511,0.10756634669678147,0.11180124223602485,0.1067193675889328,0.0815923207227555,0.1293054771315641,0.10191981931112366,0.09937888198757763,0.12309429700734048,0.12704686617730096,0.1287408243929983,0.11180124223602485,0.11885940146809712,0.07735742518351214,0.10276679841897234,0.10784867306606437,0.08356860530773574,0.116600790513834,0.11547148503670243,0.11095426312817618,0.10728402032749859,0.10304912478825522,0.08921513269339357,0.10276679841897234,0.06634669678147939,0.07509881422924901,0.13297571993224166,0.12704686617730096,0.0815923207227555,0.09203839638622248,0.10135516657255787,0.10643704121964992,0.10417843026538678,0.08074534161490683,0.09994353472614342,0.10361377752682101,0.12987012987012986,0.09175607001693958,0.10248447204968944,0.10361377752682101,0.09712027103331451,0.13495200451722192,0.11180124223602485,0.07848673066064371,0.10756634669678147,0.1007905138339921,0.08752117447769622,0.09203839638622248,0.08328627893845285,0.10220214568040654,0.10276679841897234,0.10304912478825522,0.08356860530773574,0.05928853754940711,0.05815923207227555,0.05307735742518351,0.06126482213438735,0.06888763410502541,0.08610954263128176,0.05957086391869001,0.11377752682100509,0.10417843026538678,0.0945793337097685,0.06860530773574251,0.06691134952004517,0.08300395256916997,0.06521739130434782,0.06521739130434782,0.08610954263128176,0.06945228684359118,0.07425183512140034,0.08046301524562394,0.053924336533032184,0.08893280632411067,0.0722755505364201,0.057029926595143984,0.07425183512140034,0.07368718238283456,0.09994353472614342,0.06662902315076229,0.05815923207227555,0.050818746470920384,0.11123658949745906,0.09373235460191982,0.06239412761151891,0.10446075663466968,0.07029926595143987,0.10248447204968944,0.059006211180124224,0.06945228684359118,0.07199322416713722,0.08610954263128176,0.09006211180124224,0.06804065499717674,0.08413325804630152,0.052795031055900624,0.08441558441558442,0.08695652173913043,0.060982495765104464,0.12676453980801808,0.0753811405985319,0.04997176736307171,0.07792207792207792,0.08074534161490683,0.06578204404291361,0.059853190287972896,0.05420666290231508,0.07312252964426877,0.06945228684359118,0.06973461321287408,0.056747600225861096,0.06239412761151891,0.05844155844155844,0.06775832862789384,0.06860530773574251,0.07284020327498589,0.07114624505928854,0.050818746470920384,0.07171089779785432,0.06691134952004517,0.06070016939582157,0.06324110671936758,0.04827780914737437,0.05533596837944664,0.05815923207227555,0.04291360813099943,0.088085827216262,0.07679277244494635,0.08385093167701864,0.09486166007905138,0.06154714850367024,0.08300395256916997,0.09034443817052512,0.07679277244494635,0.057876905702992656,0.03585544889892716,0.07509881422924901,0.04376058723884811,0.062111801242236024,0.0660643704121965,0.04799548277809147,0.09514398644833427,0.06239412761151891,0.09006211180124224,0.07933370976849238,0.06408808582721626,0.05533596837944664,0.06888763410502541,0.07707509881422925,0.0722755505364201,0.05646527385657821,0.08018068887634106,0.08413325804630152,0.049689440993788817,0.08385093167701864,0.04997176736307171,0.06578204404291361,0.057876905702992656,0.062111801242236024,0.04827780914737437,0.062111801242236024,0.062111801242236024,0.03670242800677583,0.06239412761151891,0.07509881422924901,0.05561829474872953,0.053924336533032184,0.05618294748729531,0.04206662902315076,0.0945793337097685,0.06267645398080181,0.054771315640880856,0.04743083003952569,0.05448898927159797,0.0753811405985319,0.07622811970638058,0.08328627893845285,0.06408808582721626,0.029079616036137776,0.05420666290231508,0.05561829474872953,0.06408808582721626,0.06832298136645963,0.05533596837944664,0.06324110671936758,0.11151891586674195,0.07029926595143987
nh0102,1.0,0.462253193960511,0.4889663182346109,0.32830042586140146,0.22338366240805266,0.26171118854045683,0.24816105303910183,0.2768099109562524,0.2373209446380178,0.3008130081300813,0.2721641502129307,0.22957801006581494,0.22028648857917152,0.2183507549361208,0.20209059233449478,0.19279907084785133,0.22144792876500194,0.16608594657375145,0.19125048393341076,0.20209059233449478,0.16492450638792103,0.15176151761517614,0.154084397986837,0.18195896244676732,0.15447154471544716,0.16376306620209058,0.12814556716995743,0.14363143631436315,0.1180797522260937,0.15524583817266743,0.19008904374758034,0.143244289585753,0.16453735965931088,0.16879597367402246,0.13511420828494,0.1440185830429733,0.13240418118466898,0.14556716995741387,0.13046844754161827,0.11962833914053426,0.12698412698412698,0.12117692605497483,0.11653116531165311,0.14479287650019357,0.13550135501355012,0.13704994192799072,0.21602787456445993,0.13472706155632985,0.08207510646535036,0.12853271389856755,0.08943089430894309,0.09523809523809523,0.11653116531165311,0.15060007742934572,0.09833526906697639,0.11033681765389082,0.09717382888114595,0.10452961672473868,0.11575687185443283,0.1111111111111111,0.0805265195509098,0.09872241579558652,0.11072396438250097,0.08362369337979095,0.10530391018195896,0.08207510646535036,0.09446380178087495,0.09562524196670538,0.1385985288424313,0.07820363917924894,0.13821138211382114,0.0859465737514518,0.08710801393728224,0.0921409214092141,0.06775067750677506,0.08362369337979095,0.07588075880758807,0.09059233449477352,0.09097948122338366,0.08478513356562137,0.08013937282229965,0.0689121176926055,0.07510646535036779,0.1180797522260937,0.10259388308168796,0.12737127371273713,0.07820363917924894,0.09175377468060394,0.057297715834301204,0.0689121176926055,0.09097948122338366,0.0805265195509098,0.09523809523809523,0.0805265195509098,0.08362369337979095,0.07239643825009678,0.05652342237708091,0.07859078590785908,0.09252806813782423,0.09291521486643438,0.08788230739450252,0.08013937282229965,0.0770421989934185,0.0859465737514518,0.0975609756097561,0.049554781262098335,0.05884630274874177,0.06465350367789392,0.07626790553619822,0.07084785133565621,0.06852497096399536,0.06078203639179249,0.08362369337979095,0.06813782423538521,0.07859078590785908,0.08633372048006194,0.07665505226480836,0.1862175764614789,0.07665505226480836,0.07046070460704607,0.059233449477351915,0.06039488966318235,0.09794812233836624,0.05381339527680991,0.05420054200542006,0.056910569105691054,0.09059233449477352,0.08284939992257065,0.07355787843592722,0.09988385598141696,0.08207510646535036,0.08672086720867209,0.08013937282229965,0.08013937282229965,0.07588075880758807,0.05962059620596206,0.07084785133565621,0.04878048780487805,0.06387921022067364,0.06233062330623306,0.06697638404955478,0.0545876887340302,0.07626790553619822,0.07471931862175765,0.07394502516453735,0.07239643825009678,0.06233062330623306,0.08130081300813008,0.06658923732094464,0.06039488966318235,0.06155632984901278,0.04916763453348819,0.05652342237708091,0.0805265195509098,0.055361982191250485,0.04452187379016647,0.055361982191250485,0.05497483546264034,0.0545876887340302,0.07665505226480836,0.08981804103755324,0.04994192799070848,0.07123499806426636,0.061169183120402634,0.05807200929152149,0.06620209059233449,0.05381339527680991,0.06968641114982578,0.09407665505226481,0.04645760743321719,0.056910569105691054,0.06968641114982578,0.042198993418505616,0.049554781262098335,0.03561749903213318,0.05265195509097948,0.03523035230352303,0.055361982191250485,0.04684475416182733,0.053426248548199766,0.03871467286101433,0.06736353077816493,0.051877661633759196,0.049554781262098335,0.055361982191250485,0.039876113046844755,0.051877661633759196,0.053039101819589624,0.05265195509097948,0.0600077429345722,0.049554781262098335,0.041811846689895474,0.05613627564847077,0.06736353077816493,0.031746031746031744,0.0545876887340302,0.057684862562911346,0.05381339527680991,0.03523035230352303,0.04452187379016647,0.02710027100271003,0.07200929152148665,0.029423151374370887,0.03871467286101433,0.041811846689895474,0.043747580332946186,0.03948896631823461,0.10181958962446767,0.03832752613240418,0.03677893921796361,0.0429732868757259,0.0627177700348432,0.07975222609368951,0.06465350367789392,0.045683313975996905,0.03561749903213318,0.053426248548199766,0.04490902051877662,0.055361982191250485,0.05574912891986063,0.047231900890437474,0.05381339527680991,0.041424699961285325,0.05110336817653891,0.05032907471931862,0.04258614014711576,0.03677893921796361,0.03832752613240418,0.04994192799070848,0.055361982191250485,0.04413472706155633,0.03445605884630275,0.04994192799070848,0.043747580332946186,0.06697638404955478,0.09368950832365466,0.06194347657762292,0.04916763453348819,0.05071622144792876,0.03213317847464189,0.048006194347657766,0.04065040650406504,0.03523035230352303,0.04645760743321719,0.03910181958962447,0.03290747193186218,0.05265195509097948,0.047231900890437474,0.03368176538908246,0.140534262485482,0.14440572977158342,0.03097173828881146,0.03832752613240418,0.030584591560201317,0.039876113046844755,0.016260162601626018,0.03329461866047232,0.02748741773132017,0.02129307007355788,0.04916763453348819,0.05381339527680991,0.0402632597754549,0.0600077429345722,0.03561749903213318,0.04839334107626791,0.04607046070460705,0.04645760743321719,0.036004645760743324,0.06039488966318235,0.036004645760743324,0.04994192799070848,0.026713124274099883,0.04645760743321719,0.03948896631823461,0.030584591560201317,0.025551684088269456,0.057297715834301204,0.056910569105691054,0.034068912117692605,0.027874564459930314,0.03561749903213318,0.02981029810298103,0.04839334107626791,0.04065040650406504,0.03523035230352303,0.06078203639179249,0.036004645760743324,0.04103755323267518,0.03677893921796361,0.07471931862175765,0.02710027100271003,0.04529616724738676,0.04645760743321719,0.042198993418505616,0.02632597754548974,0.028648857917150602,0.029036004645760744,0.04103755323267518,0.03716608594657375,0.042198993418505616
nh0103,1.0,0.5008291873963516,0.4910504946531709,0.3269285755132384,0.26436781609195403,0.3383656430491222,0.2580774289472179,0.28163778807113854,0.20426602619088466,0.22565334248298735,0.1975181563447132,0.2116429347515297,0.22405215302796364,0.21535998170069195,0.1929433293303597,0.21656087379195973,0.20478069422999942,0.19168525190141247,0.2251386744438726,0.20775433178932923,0.15342826099388118,0.15159833018813976,0.1769886201178018,0.1589752387487848,0.18327900726253787,0.1526848516040487,0.1682964487905301,0.16297821238634413,0.1330130954423286,0.17115571567450105,0.14433579230285354,0.12912449248012808,0.15045462343455138,0.13793103448275862,0.15514382112426373,0.16097672556756448,0.17121290101218048,0.14004689197689713,0.13793103448275862,0.12048950649053583,0.12483559215417167,0.13867444387259106,0.10030308228970092,0.12289129067307142,0.10150397438096873,0.11454223137187625,0.08806542002630526,0.11843083433407674,0.08194658889460742,0.10722250814891061,0.11431349002115858,0.08972379481900841,0.09841596614628009,0.11219763252702007,0.07954480471207183,0.11294104191685252,0.08263281294676045,0.12329158803682735,0.09658603534053868,0.11099674043575228,0.09732944473037114,0.0857780065191285,0.10373420255046606,0.09332647109281181,0.08337622233659289,0.08766512266254932,0.11231200320237891,0.1038485732258249,0.08903757076685538,0.10007434093898325,0.10036026762738035,0.08943786813061132,0.09063876022187911,0.11031051638359925,0.11631497683993824,0.08772230800022875,0.09206839366386459,0.08566363584376965,0.08371933436266941,0.08720763996111397,0.10367701721278665,0.08492022645393721,0.0662206210327672,0.11191170583862298,0.09950248756218906,0.06839366386458512,0.08297592497283697,0.09910219019843312,0.06616343569508779,0.05524103619831875,0.07159604277463258,0.07639961113970378,0.09710070337965346,0.07056670669640304,0.08583519185680791,0.08949505346829073,0.07108137473551782,0.08349059301195173,0.07514153371075656,0.0792016926859953,0.06233201807056671,0.05295362269114199,0.07691427917881855,0.07777205924400983,0.06907988791673815,0.0595871218619546,0.05518385086063933,0.06513409961685823,0.09681477669125636,0.08103162349173672,0.09458454852175902,0.0683364785269057,0.050551838508606395,0.07599931377594785,0.08040258477726311,0.09000972150740551,0.08383370503802826,0.036255504088751646,0.09567106993766798,0.057185337679418996,0.08686452793503746,0.07211071081374736,0.08411963172642535,0.06330416881111683,0.057700005718533766,0.0885229027277406,0.06856521987762337,0.08514896780465489,0.06827929318922628,0.05861497112140447,0.0629038714473609,0.08045977011494253,0.07428375364556528,0.06364728083719334,0.04254589123348773,0.06416194887630812,0.06873677589066163,0.056556298964945385,0.06867959055298221,0.05524103619831875,0.08206095956996626,0.04088751644078458,0.04895064905358266,0.06959455595585291,0.05404014410705095,0.063189798135758,0.04311774461028192,0.07342597358037399,0.07594212843826843,0.05970149253731343,0.0794876193743924,0.06370446617487276,0.0502659118202093,0.05758563504317493,0.06850803453994396,0.04900783439126208,0.04203122319437296,0.05564133356207469,0.05895808314748099,0.05472636815920398,0.05798593240693086,0.05089495053468291,0.06095956996626065,0.04752101561159719,0.06679247440956139,0.057185337679418996,0.04700634757248241,0.05083776519700349,0.04752101561159719,0.04912220506662092,0.0490650197289415,0.05764282038085435,0.049922799794132784,0.052153027963630125,0.04403271001315263,0.053411105392577346,0.06707840109795848,0.05747126436781609,0.0626179447589638,0.03991536570023446,0.05592726025047178,0.05346829073025676,0.03745639618001944,0.04855035168982673,0.06296105678504031,0.04180248184365529,0.040544404414708066,0.03636987476411048,0.055584148224395266,0.04614856750729113,0.053982958769371536,0.035683650711957456,0.051523989249156514,0.0547835534968834,0.04563389946817636,0.07171041344999142,0.05020872648252988,0.04374678332475553,0.054840738834562815,0.04260307657116715,0.053353920054897926,0.047806942299994284,0.04397552467547321,0.050037170469491625,0.0629038714473609,0.04134499914221994,0.03534053868588094,0.03757076685537828,0.0695373706181735,0.04443300737690856,0.04734945959855893,0.04563389946817636,0.06118831131697833,0.058786527134442726,0.04677760622176474,0.05587007491279236,0.06084519929090181,0.03482587064676617,0.05409732944473037,0.04248870589580832,0.038314176245210725,0.04397552467547321,0.048893463715903245,0.043346485960999596,0.04380396866243495,0.036255504088751646,0.06959455595585291,0.030994453022245096,0.039000400297363756,0.06822210785154686,0.04220277920741122,0.035111797335163265,0.0535826614056156,0.033453422542460115,0.04677760622176474,0.04231714988277006,0.03379653456853663,0.040601589752387486,0.035740836049636876,0.04506204609138217,0.06038771658946646,0.051066506547721165,0.03814262023217247,0.04340367129867902,0.04191685251901413,0.05638474295190713,0.03802824955681363,0.04311774461028192,0.033968090581574885,0.04363241264939669,0.0042317149882770055,0.030937267684565676,0.0478641276376737,0.04037284840166981,0.030079487619374394,0.034368387945330814,0.04220277920741122,0.049350946417338594,0.03636987476411048,0.04260307657116715,0.04740664493623835,0.03202378910047464,0.027563332761479955,0.04649167953336764,0.04483330474066449,0.04368959798707611,0.04597701149425287,0.033968090581574885,0.03808543489449305,0.04843598101446789,0.037856693543775376,0.024761251215188424,0.03928632698576085,0.035569280036598615,0.02573340195573855,0.03705609881626351,0.042259964545090636,0.045004860753702754,0.039457882998799106,0.03654143077714874,0.038943214959684336,0.03488305598444559,0.04969405844341511,0.03242408646423057,0.039572253674157946,0.034940241322125004,0.04534797277977926,0.04208840853205238,0.035512094698919194,0.04614856750729113,0.05638474295190713,0.033339051867101274,0.03539772402356036,0.03259564247726883,0.03648424543946932,0.033968090581574885,0.0376279521930577,0.04431863670154972,0.048264425001429634,0.0593011951735575
nh0104,1.0,0.6100710135571337,0.3957391865719819,0.3234344738540994,0.2911555842479019,0.24015493867010976,0.29438347320852165,0.24015493867010976,0.289864428663654,0.1852808263395739,0.2253066494512589,0.24402840542285345,0.2253066494512589,0.22724338282763074,0.1620400258231117,0.21239509360877987,0.17688831504196256,0.1736604260813428,0.26404131697869593,0.18915429309231763,0.26662362814719176,0.23240800516462234,0.2420916720464816,0.18334409296320206,0.15364751452550032,0.11620400258231117,0.14719173660426083,0.13363460296965785,0.13363460296965785,0.18463524854744998,0.1697869593285991,0.1291155584247902,0.131697869593286,0.1459005810200129,0.14912846998063267,0.16914138153647515,0.16397675919948354,0.15881213686249193,0.1659134925758554,0.1091026468689477,0.16268560361523562,0.1355713363460297,0.11684958037443512,0.11814073595868302,0.1368624919302776,0.1394448030987734,0.10329244673983215,0.08973531310522918,0.10071013557133635,0.1265332472562944,0.1459005810200129,0.07488702388637831,0.09167204648160103,0.12976113621691412,0.0632666236281472,0.08457069076823757,0.09812782440284054,0.18398967075532602,0.12330535829567463,0.08715300193673338,0.07230471271788251,0.16333118140735958,0.09941897998708844,0.08908973531310523,0.08586184635248548,0.08973531310522918,0.1065203357004519,0.04712717882504842,0.09489993544222079,0.14460942543576502,0.04970948999354422,0.0961910910264687,0.08521626856036152,0.1013557133634603,0.11620400258231117,0.11620400258231117,0.08327953518398967,0.11943189154293092,0.07617817947062622,0.07295029051000645,0.0671400903808909,0.08908973531310523,0.1013557133634603,0.09812782440284054,0.08650742414460942,0.05551969012265978,0.0645577792123951,0.0697224015493867,0.057456423499031635,0.07359586830213041,0.08779857972885732,0.08392511297611362,0.12330535829567463,0.06003873466752744,0.058102001291155586,0.06197546804389929,0.08069722401549387,0.09941897998708844,0.0645577792123951,0.051646223369916075,0.05939315687540349,0.07424144609425436,0.171078114912847,0.08844415752098128,0.0684312459651388,0.065848934796643,0.06778566817301485,0.08715300193673338,0.06649451258876694,0.09102646868947709,0.09554551323434474,0.08586184635248548,0.04131697869593286,0.07424144609425436,0.06068431245965139,0.1329890251775339,0.06778566817301485,0.02065848934796643,0.12072304712717882,0.10329244673983215,0.08263395739186571,0.07359586830213041,0.04970948999354422,0.08521626856036152,0.058102001291155586,0.07424144609425436,0.08392511297611362,0.06262104583602324,0.0684312459651388,0.04260813428018076,0.08198837959974177,0.0774693350548741,0.06907682375726275,0.051646223369916075,0.07230471271788251,0.052291801162040026,0.04325371207230471,0.07165913492575855,0.04777275661717237,0.07036797934151065,0.06003873466752744,0.06132989025177534,0.04196255648805681,0.05616526791478373,0.05939315687540349,0.08586184635248548,0.0697224015493867,0.05551969012265978,0.10071013557133635,0.06391220142027114,0.14396384764364106,0.04454486765655261,0.06391220142027114,0.05874757908327954,0.05551969012265978,0.05422853453841188,0.0671400903808909,0.051000645577792124,0.0342156229825694,0.04970948999354422,0.028405422853453842,0.07424144609425436,0.06132989025177534,0.05035506778566817,0.08198837959974177,0.011620400258231117,0.05035506778566817,0.052291801162040026,0.03808908973531311,0.02130406714009038,0.07165913492575855,0.03357004519044545,0.040025823111684955,0.046481601032924466,0.03486120077469335,0.040671400903808906,0.04841833440929632,0.036152356358941255,0.05293737895416398,0.051000645577792124,0.09296320206584893,0.036152356358941255,0.03357004519044545,0.0632666236281472,0.04389928986442866,0.009038089089735314,0.023240800516462233,0.04131697869593286,0.029696578437701744,0.039380245319561004,0.06132989025177534,0.04906391220142027,0.036797934151065206,0.04196255648805681,0.04196255648805681,0.15300193673337636,0.05487411233053583,0.05874757908327954,0.05874757908327954,0.045190445448676564,0.08521626856036152,0.03357004519044545,0.04906391220142027,0.051646223369916075,0.05422853453841188,0.05874757908327954,0.08005164622336991,0.04906391220142027,0.03744351194318916,0.03744351194318916,0.010329244673983214,0.056810845706907684,0.07165913492575855,0.04131697869593286,0.051000645577792124,0.039380245319561004,0.05874757908327954,0.03873466752743705,0.0645577792123951,0.06197546804389929,0.012911555842479019,0.0342156229825694,0.07165913492575855,0.036152356358941255,0.03873466752743705,0.0342156229825694,0.039380245319561004,0.04325371207230471,0.046481601032924466,0.12395093608779859,0.04131697869593286,0.0342156229825694,0.06262104583602324,0.03227888960619755,0.05293737895416398,0.030342156229825695,0.03744351194318916,0.04777275661717237,0.025823111684958037,0.04906391220142027,0.04712717882504842,0.057456423499031635,0.05358295674628793,0.04454486765655261,0.04712717882504842,0.05551969012265978,0.039380245319561004,0.07359586830213041,0.0071013557133634605,0.016139444803098774,0.0025823111684958036,0.03227888960619755,0.023886378308586184,0.04454486765655261,0.03808908973531311,0.036152356358941255,0.06907682375726275,0.02775984506132989,0.04712717882504842,0.03744351194318916,0.028405422853453842,0.0342156229825694,0.0316333118140736,0.057456423499031635,0.03227888960619755,0.046481601032924466,0.05035506778566817,0.046481601032924466,0.010329244673983214,0.04841833440929632,0.03873466752743705,0.020012911555842477,0.04970948999354422,0.014848289218850872,0.05035506778566817,0.04454486765655261,0.05358295674628793,0.016785022595222725,0.03227888960619755,0.022595222724338282,0.029696578437701744,0.0316333118140736,0.07682375726275016,0.03873466752743705,0.05035506778566817,0.02065848934796643,0.046481601032924466,0.06003873466752744,0.040671400903808906,0.029051000645577793,0.07488702388637831,0.045190445448676564,0.07682375726275016,0.02711426726920594,0.023886378308586184,0.029696578437701744,0.01872175597159458,0.06649451258876694,0.03873466752743705,0.04841833440929632
nh0105,1.0,0.5350877192982456,0.5623781676413255,0.4195906432748538,0.47855750487329435,0.40594541910331383,0.34307992202729043,0.2573099415204678,0.27582846003898637,0.21539961013645223,0.3645224171539961,0.23294346978557504,0.2490253411306043,0.2524366471734893,0.2309941520467836,0.1817738791423002,0.24707602339181287,0.2997076023391813,0.1983430799220273,0.23586744639376217,0.3182261208576998,0.1949317738791423,0.28118908382066277,0.1983430799220273,0.16471734892787523,0.20272904483430798,0.17251461988304093,0.1301169590643275,0.20419103313840156,0.16374269005847952,0.1364522417153996,0.1861598440545809,0.15155945419103314,0.15253411306042886,0.1189083820662768,0.15594541910331383,0.12378167641325535,0.1642300194931774,0.13499025341130605,0.14619883040935672,0.12085769980506822,0.12378167641325535,0.16617933723196882,0.12719298245614036,0.12037037037037036,0.0594541910331384,0.10769980506822611,0.1286549707602339,0.19249512670565302,0.10964912280701754,0.07309941520467836,0.14132553606237816,0.17690058479532164,0.14278752436647174,0.13060428849902533,0.12037037037037036,0.14376218323586745,0.08284600389863547,0.1398635477582846,0.12183235867446393,0.14035087719298245,0.16374269005847952,0.1398635477582846,0.16471734892787523,0.10769980506822611,0.10331384015594541,0.12573099415204678,0.11257309941520467,0.12524366471734893,0.09015594541910331,0.11159844054580896,0.1301169590643275,0.11257309941520467,0.09259259259259259,0.08723196881091617,0.11354775828460038,0.08528265107212475,0.037037037037037035,0.10721247563352826,0.10721247563352826,0.13206627680311891,0.1398635477582846,0.11257309941520467,0.08187134502923976,0.10136452241715399,0.10964912280701754,0.12475633528265107,0.1023391812865497,0.1023391812865497,0.10916179337231968,0.10867446393762183,0.11306042884990253,0.08723196881091617,0.15497076023391812,0.10185185185185185,0.0813840155945419,0.09259259259259259,0.07504873294346978,0.1530214424951267,0.1101364522417154,0.12426900584795321,0.07163742690058479,0.09502923976608187,0.09161793372319688,0.15155945419103314,0.06286549707602339,0.0935672514619883,0.08089668615984405,0.08187134502923976,0.07407407407407407,0.0804093567251462,0.13693957115009747,0.07066276803118908,0.10964912280701754,0.10087719298245613,0.07115009746588694,0.08089668615984405,0.0594541910331384,0.07017543859649122,0.07553606237816764,0.06432748538011696,0.07066276803118908,0.08528265107212475,0.057504873294346975,0.09600389863547758,0.0847953216374269,0.0682261208576998,0.05165692007797271,0.06968810916179337,0.0804093567251462,0.07212475633528265,0.11403508771929824,0.07115009746588694,0.08333333333333333,0.07066276803118908,0.10623781676413255,0.08333333333333333,0.07846003898635477,0.09064327485380116,0.07504873294346978,0.06286549707602339,0.07212475633528265,0.07894736842105263,0.0594541910331384,0.09502923976608187,0.0682261208576998,0.0891812865497076,0.0804093567251462,0.07797270955165692,0.047270955165692005,0.07212475633528265,0.10964912280701754,0.05458089668615984,0.06481481481481481,0.08382066276803118,0.09454191033138401,0.09454191033138401,0.0804093567251462,0.06140350877192982,0.09746588693957114,0.07017543859649122,0.047270955165692005,0.08771929824561403,0.06042884990253411,0.05458089668615984,0.0550682261208577,0.09746588693957114,0.06627680311890838,0.08382066276803118,0.0550682261208577,0.07553606237816764,0.08771929824561403,0.09697855750487329,0.07163742690058479,0.05847953216374269,0.07358674463937621,0.06042884990253411,0.06725146198830409,0.05896686159844054,0.07212475633528265,0.06042884990253411,0.054093567251461985,0.10185185185185185,0.06481481481481481,0.053118908382066274,0.05555555555555555,0.060916179337231965,0.10526315789473684,0.06335282651072124,0.06920077972709551,0.04824561403508772,0.06237816764132553,0.06335282651072124,0.03996101364522417,0.06335282651072124,0.03557504873294347,0.05847953216374269,0.08333333333333333,0.05019493177387914,0.06335282651072124,0.047270955165692005,0.1023391812865497,0.05263157894736842,0.07602339181286549,0.06140350877192982,0.056530214424951264,0.09502923976608187,0.0804093567251462,0.0682261208576998,0.07066276803118908,0.05896686159844054,0.07894736842105263,0.06042884990253411,0.04824561403508772,0.04337231968810916,0.06432748538011696,0.03752436647173489,0.07163742690058479,0.043859649122807015,0.05799220272904483,0.04824561403508772,0.05799220272904483,0.06920077972709551,0.04678362573099415,0.060916179337231965,0.0550682261208577,0.040448343079922025,0.06189083820662768,0.06432748538011696,0.03898635477582846,0.04093567251461988,0.06578947368421052,0.0341130604288499,0.043859649122807015,0.05458089668615984,0.07846003898635477,0.05847953216374269,0.06481481481481481,0.054093567251461985,0.03898635477582846,0.036062378167641324,0.053118908382066274,0.05604288499025341,0.056530214424951264,0.028752436647173488,0.043859649122807015,0.059941520467836254,0.040448343079922025,0.04239766081871345,0.08382066276803118,0.0043859649122807015,0.05165692007797271,0.04483430799220273,0.05214424951267056,0.05360623781676413,0.04093567251461988,0.05263157894736842,0.049707602339181284,0.0638401559454191,0.06189083820662768,0.049707602339181284,0.05555555555555555,0.03752436647173489,0.04580896686159844,0.04775828460038986,0.04922027290448343,0.042884990253411304,0.050682261208576995,0.038011695906432746,0.0384990253411306,0.05604288499025341,0.08235867446393762,0.03216374269005848,0.05214424951267056,0.07066276803118908,0.06968810916179337,0.03216374269005848,0.0384990253411306,0.04239766081871345,0.06481481481481481,0.033625730994152045,0.08869395711500974,0.03508771929824561,0.03508771929824561,0.04191033138401559,0.053118908382066274,0.05214424951267056,0.04337231968810916,0.05360623781676413,0.038011695906432746,0.050682261208576995,0.028752436647173488,0.03313840155945419,0.05116959064327485,0.04093567251461988,0.03216374269005848,0.0550682261208577,0.042884990253411304,0.04775828460038986,0.04532163742690058
nh0106,1.0,0.6839268978444236,0.6239456419868791,0.4265463917525773,0.27237582005623245,0.42549203373945643,0.26558106841611995,0.28537956888472354,0.2809278350515464,0.2532802249297095,0.1949390815370197,0.26839268978444236,0.2492970946579194,0.29158856607310213,0.20067947516401125,0.23816776007497656,0.260543580131209,0.2170805998125586,0.24238519212746018,0.20606841611996252,0.22387535145267104,0.281630740393627,0.2559746954076851,0.18802717900656046,0.15616213683223992,0.18427835051546393,0.20852858481724462,0.3233364573570759,0.1334348641049672,0.17268041237113402,0.15299906279287723,0.19939081537019682,0.2053655107778819,0.14878163074039363,0.20208528584817245,0.21075445173383317,0.2190721649484536,0.16858013120899717,0.19482193064667291,0.16998594189315838,0.19775070290534208,0.1292174320524836,0.10531865042174321,0.14198687910028115,0.11012183692596064,0.10977038425492033,0.2275070290534208,0.11984536082474227,0.06595595126522961,0.10485004686035614,0.1239456419868791,0.1049671977507029,0.132029053420806,0.12546860356138706,0.08036551077788191,0.0989925023430178,0.1253514526710403,0.0951265229615745,0.1295688847235239,0.1457357075913777,0.10250702905342081,0.08528584817244611,0.08399718837863168,0.0905576382380506,0.09852389878163074,0.1923617619493908,0.18755857544517338,0.09149484536082474,0.10344423617619494,0.11879100281162137,0.14702436738519212,0.14702436738519212,0.1717432052483599,0.12265698219306467,0.11961105904404873,0.17420337394564198,0.11879100281162137,0.1225398313027179,0.10531865042174321,0.07720243673851922,0.09957825679475164,0.09864104967197751,0.12347703842549203,0.11258200562324273,0.1123477038425492,0.09582942830365511,0.0951265229615745,0.11246485473289597,0.05646672914714152,0.11316776007497657,0.08341143392689784,0.07439081537019682,0.14233833177132146,0.08704311152764761,0.11187910028116213,0.1021555763823805,0.06771321462043112,0.11305060918462981,0.07614807872539832,0.10660731021555764,0.08692596063730085,0.10145267104029991,0.12125117150890347,0.11492502343017807,0.04158856607310216,0.13296626054358013,0.06021555763823805,0.08106841611996252,0.09606373008434864,0.09465791940018745,0.09957825679475164,0.07345360824742268,0.11492502343017807,0.08411433926897845,0.07122774133083412,0.07005623242736644,0.13472352389878164,0.16225398313027178,0.1088331771321462,0.09711808809746954,0.08434864104967198,0.0866916588566073,0.0750937207122774,0.09102624179943768,0.0982895970009372,0.061738519212746014,0.09301780693533271,0.09536082474226804,0.08973758200562325,0.05716963448922212,0.08938612933458294,0.06373008434864105,0.05752108716026242,0.1077788191190253,0.08868322399250235,0.07485941893158388,0.1323805060918463,0.07966260543580131,0.09735238987816307,0.08587160262417995,0.06279287722586692,0.12511715089034678,0.09454076850984068,0.06853327085285849,0.06138706654170572,0.08001405810684162,0.060098406747891284,0.07638238050609185,0.04311152764761012,0.08751171508903467,0.04276007497656982,0.06501874414245548,0.08388003748828492,0.05529522024367385,0.09594657919400187,0.056583880037488286,0.05470946579194002,0.04803186504217432,0.06900187441424555,0.05576382380506092,0.05131208997188379,0.09208059981255858,0.06314432989690721,0.06091846298031865,0.07122774133083412,0.07825679475164012,0.1141049671977507,0.06232427366447985,0.05424086223055295,0.09547797563261481,0.06677600749765698,0.06630740393626991,0.04838331771321462,0.04592314901593252,0.04978912839737582,0.06595595126522961,0.06244142455482662,0.11199625117150891,0.04662605435801312,0.03795688847235239,0.055998125585754455,0.06689315838800375,0.04920337394564199,0.07755388940955951,0.05424086223055295,0.08704311152764761,0.039597000937207125,0.05295220243673852,0.06232427366447985,0.05634957825679475,0.05951265229615745,0.03947985004686035,0.053186504217432054,0.05424086223055295,0.09946110590440488,0.039831302717900655,0.05084348641049672,0.06443298969072164,0.04065135895032802,0.06103561387066542,0.048266166822867856,0.05002343017806935,0.06654170571696345,0.05189784442361762,0.06478444236176195,0.04779756326148079,0.06841611996251172,0.037371134020618556,0.06794751640112465,0.07134489222118089,0.03971415182755389,0.0750937207122774,0.05049203373945642,0.04604029990627929,0.05752108716026242,0.031865042174320526,0.04299437675726336,0.04639175257731959,0.048149015932521085,0.04135426429240862,0.06982193064667291,0.04943767572633552,0.05611527647610122,0.04088566073102155,0.09407216494845361,0.05166354264292409,0.06958762886597938,0.06419868791002811,0.056232427366447985,0.034325210871602625,0.07193064667291471,0.0789597000937207,0.04662605435801312,0.07567947516401125,0.06080131208997188,0.045454545454545456,0.04557169634489222,0.044283036551077785,0.041002811621368325,0.06478444236176195,0.04639175257731959,0.04498594189315839,0.07591377694470477,0.03760543580131209,0.05845829428303655,0.041237113402061855,0.049320524835988755,0.06853327085285849,0.07907685098406748,0.06443298969072164,0.10250702905342081,0.08868322399250235,0.045688847235238986,0.07907685098406748,0.06431583880037488,0.036785379568884724,0.04639175257731959,0.045688847235238986,0.05588097469540768,0.05283505154639175,0.04158856607310216,0.031865042174320526,0.1207825679475164,0.042408622305529525,0.046508903467666354,0.053772258669165886,0.04967197750702906,0.04194001874414246,0.05869259606373008,0.06841611996251172,0.025656044985941893,0.03256794751640112,0.05728678537956888,0.05939550140581069,0.04299437675726336,0.05529522024367385,0.059864104967197754,0.031865042174320526,0.03397375820056232,0.055412371134020616,0.05728678537956888,0.03643392689784442,0.01944704779756326,0.03409090909090909,0.05224929709465792,0.032099343955014056,0.057872539831302715,0.030810684161199624,0.040417057169634486,0.030459231490159326,0.025890346766635427,0.032099343955014056,0.03865979381443299,0.03479381443298969,0.03655107778819119,0.03971415182755389,0.08048266166822868,0.024133083411433928,0.01698687910028116,0.029404873477038424
nh0107,1.0,0.5669073486739996,0.4924758755651528,0.42283554895741954,0.3958431743032593,0.41237600377893247,0.3662190431203185,0.268236723125717,0.24610297590930563,0.23274175045549633,0.25440313111545987,0.23544098792091234,0.2669545853296444,0.2619609960186247,0.18590998043052837,0.23233686483568392,0.2297725892435387,0.2010931911734935,0.22761319927120588,0.2145218975639382,0.16802753222214725,0.16397867602402322,0.19933868682097308,0.16539577569336664,0.18327822390174775,0.14690599905526688,0.17916188676698833,0.18604494230379917,0.18705715635333017,0.16829745596868884,0.17005196032120926,0.17828463459072813,0.15999730076253457,0.1361090491936028,0.18327822390174775,0.1643835616438356,0.16978203657466764,0.1601997435724408,0.15648829205749376,0.13880828665901881,0.13637897294014442,0.1478507321681625,0.10486537553141237,0.11127606451177542,0.11950873878129428,0.1481206559147041,0.09298873068358189,0.09744247250151832,0.12436736621904312,0.11255820230784803,0.1213982050070855,0.108509346109724,0.08873743167555166,0.13084553613604158,0.1319927120588434,0.11923881503475268,0.11842904379512788,0.0944733112895607,0.10601255145421419,0.11768675349213847,0.11161346919495242,0.0814494905189284,0.12524461839530332,0.14191240974424724,0.08671300357648964,0.09845468655104933,0.13293744517173897,0.10338079492543356,0.09319117349348809,0.0815169714555638,0.10533774208786018,0.12814629867062555,0.12875362710034416,0.1336797354747284,0.12888858897361496,0.10972400296916121,0.08947972197854107,0.09946690060058033,0.11768675349213847,0.10061407652338214,0.1077670558067346,0.10115392401646535,0.07706322963762736,0.11890141035157568,0.11188339294149403,0.08718537013293745,0.07800796275052298,0.11552736351980565,0.13212767393211416,0.06336459950064106,0.0688980363047439,0.09649773938862272,0.08516094203387543,0.07335177812268034,0.09265132600040489,0.09750995343815372,0.11485255415345165,0.0951481206559147,0.08543086578041703,0.1468385181186315,0.06026047641541265,0.05884337674606924,0.07449895404548215,0.09906201498076793,0.0815844523921992,0.0682232269383899,0.06964032660773331,0.07632093933463796,0.0944733112895607,0.0943383494162899,0.09764491531142452,0.07726567244753357,0.0684931506849315,0.08880491261218705,0.09258384506376949,0.08603819421013564,0.0667386463324111,0.030568864295836426,0.11303056886429584,0.06248734732438086,0.09076185977461367,0.06997773129091031,0.08691544638639584,0.07078750253053512,0.0663337607125987,0.0817868952021054,0.06795330319184831,0.08806262230919765,0.08266414737836561,0.0800998717862204,0.07139483096025373,0.06903299817801471,0.07807544368715838,0.06100276671840205,0.059653147985694044,0.08637559889331264,0.07746811525743977,0.052432687765706185,0.07335177812268034,0.08360888049126122,0.07119238815034752,0.05627910115392402,0.058775895809433834,0.05796612456980903,0.04946352655374857,0.056211620217288615,0.052095283082529184,0.06410688980363047,0.06329711856400567,0.07773803900398138,0.06532154666306768,0.059855590795600246,0.06100276671840205,0.06282475200755787,0.07335177812268034,0.061205209528308255,0.0540522302449558,0.06579391321951548,0.07011269316418112,0.05526688710439301,0.07389162561576355,0.06356704231054727,0.06235238545111006,0.06343208043727647,0.05992307173223564,0.07220460219987854,0.039813752614886296,0.04858627437748836,0.03785680545245968,0.024832984681827385,0.07659086308117957,0.08819758418246845,0.04210810446048991,0.0674134556987651,0.06916796005128552,0.052635130575612386,0.06916796005128552,0.06950536473446252,0.05796612456980903,0.045144746609082936,0.05513192523112221,0.05837101018962143,0.04872123625075916,0.07078750253053512,0.05506444429448681,0.022336190026317565,0.05904581955597544,0.050273297793373375,0.05769620082326743,0.03900398137526149,0.06343208043727647,0.03751940076928268,0.047843984074498955,0.04703421283487415,0.04656184627842634,0.04548215129225994,0.05695391052027802,0.04608947972197854,0.05702139145691342,0.04278291382684392,0.04413253255955193,0.05722383426681962,0.04926108374384237,0.05128551184290438,0.0533774208786018,0.04352520412983332,0.03711451514947028,0.04703421283487415,0.05540184897766381,0.05526688710439301,0.04845131250421756,0.04743909845468655,0.07814292462379378,0.05951818611242324,0.052432687765706185,0.050070854983467174,0.06930292192455631,0.041163371347594305,0.050408259666644174,0.0537823064984142,0.046494365341790946,0.04622444159524934,0.034145353937512654,0.03758688170591808,0.053917268371685,0.03529252986031446,0.05283757338551859,0.03164855928200284,0.04710169377150955,0.053579863688508,0.05081314528645658,0.04278291382684392,0.0547945205479452,0.032930697078075444,0.040151157298063296,0.042040623523854515,0.03529252986031446,0.04703421283487415,0.03421283487414805,0.043930089749645726,0.04575207503880154,0.04912612187057156,0.030771307105742628,0.05189284027262298,0.05918078142924624,0.05081314528645658,0.03677711046629327,0.044065051622916525,0.012483973277549092,0.03198596396517984,0.0002024428099062015,0.030838788042378027,0.04507726567244753,0.03920642418516769,0.03509008705040826,0.029151764626493017,0.04716917470814495,0.046629327215061744,0.04595451784870774,0.03428031581078345,0.060327957352048045,0.029354207436399216,0.041028409474323506,0.0541197111815912,0.046156960658613945,0.04473986098927053,0.05560429178757001,0.032930697078075444,0.04885619812402996,0.04892367906066536,0.03907146231189689,0.026182603414535394,0.02969161211957622,0.03853161481881368,0.029826573992847022,0.04743909845468655,0.037249477022741076,0.04575207503880154,0.05533436804102841,0.034685201430595856,0.03340306363452325,0.03684459140292867,0.03711451514947028,0.03529252986031446,0.05627910115392402,0.04244550914366691,0.04473986098927053,0.06113772859167285,0.03684459140292867,0.037924286389095084,0.051825359335987586,0.019704433497536946,0.03562993454349146,0.049193602807206964,0.043727646939739524,0.03819421013563668,0.05270261151224779,0.06053040016195425,0.037924286389095084,0.04433497536945813
nh0108,1.0,0.4460623872820787,0.570436176608109,0.4037138467704228,0.2858192505510654,0.3405250150290562,0.2598356823191504,0.4242869547792399,0.2112083361164919,0.2858192505510654,0.2029256562687863,0.31033331106806494,0.27566628815710376,0.23532162180215083,0.3427960724066529,0.20700020038741568,0.23198183154097923,0.238594616258099,0.16044352414668359,0.193908222563623,0.20252488143744574,0.13846770422817448,0.1704628949301984,0.2814107274063189,0.15830605837953377,0.2584329704094583,0.15423151426090442,0.1583728541847572,0.1665219424220159,0.12731280475586132,0.13412597688865138,0.08342796072406652,0.1611114821989179,0.1920379400173669,0.13653062587669496,0.1280475586133191,0.12550931801482867,0.11402043951639837,0.13753256295504643,0.16712310466902677,0.10012691202992452,0.11495558078952642,0.1443457350878365,0.15723732549595884,0.13172132790060784,0.08162447398303387,0.19130318615990916,0.15055774497361565,0.13566228040879033,0.120766815843965,0.09224500701355955,0.15349676040344667,0.12504174737826465,0.14361098123037874,0.1646516598757598,0.13800013359161045,0.04475318949969942,0.0977890588471044,0.12717921314541447,0.12070002003874157,0.10473582259034132,0.09905817914634961,0.10787522543584263,0.12430699352080689,0.13305724400507649,0.09391490214414534,0.101128849108276,0.1383341126177276,0.120766815843965,0.11348607307461091,0.14033798677443057,0.07728274664351079,0.08516465165987576,0.11188297374924855,0.08990715383073943,0.07968739563155434,0.10146282813439315,0.08135729076214014,0.12190234453276334,0.0996593413933605,0.09979293300380736,0.10533698483735221,0.08616658873822725,0.07728274664351079,0.1130185024380469,0.07915302918976688,0.12430699352080689,0.08022176207334179,0.06679580522343197,0.1063389219157037,0.1111482198917908,0.08730211742702558,0.07761672566962795,0.12671164250885045,0.10573775966869281,0.09712110079487009,0.07006879967938014,0.07775031728007481,0.12210273194843364,0.08309398169794936,0.1072072673836083,0.04795938815042415,0.10921114154031127,0.0752120766815844,0.09665353015830606,0.056976821855587466,0.1023979694075212,0.08202524881437445,0.06525950170329303,0.06826531293834748,0.04381804822657137,0.10987909959254559,0.107006879967938,0.08042214948901209,0.07173869480996593,0.0963195511321889,0.10460223097989446,0.1398036203326431,0.07220626544652996,0.06004942889586534,0.07026918709505044,0.056910026050364035,0.06973482065326297,0.07487809765546724,0.06672900941820854,0.06505911428762273,0.07113753256295505,0.055908088972012555,0.08229243203526819,0.058913900207066994,0.07901943757932002,0.09084229510386747,0.0746109144345735,0.07360897735622203,0.09137666154565494,0.06592745975552736,0.07474450604502038,0.07694876761739362,0.06532629750851647,0.060516999532429366,0.05944826664885445,0.05463896867276735,0.09812303787322156,0.0783514795270857,0.08877162514194109,0.06679580522343197,0.09411528955981564,0.08356155233451339,0.056041680582459424,0.04769220492953043,0.09064190768819719,0.09057511188297375,0.06592745975552736,0.05290227773695812,0.05263509451606439,0.06298844432569635,0.05096519938547859,0.04488678111014628,0.048627346202658475,0.06245407788390889,0.056843230245140604,0.049362100060116224,0.07761672566962795,0.06011622470108877,0.05644245541380001,0.07220626544652996,0.09458286019637967,0.05470576447799078,0.09104268251953777,0.09899138334112617,0.04976287489145682,0.04542114755193374,0.06986841226370984,0.051766749048159776,0.039877095718388884,0.0553737225302251,0.04154699084897468,0.06145214080555741,0.06412397301449468,0.08990715383073943,0.039275933471378,0.05958185825930132,0.06171932402645114,0.05884710440184356,0.05123238260637232,0.09458286019637967,0.07861866274797942,0.07387616057711575,0.07287422349876428,0.05837953376527954,0.05457217286754392,0.03606973482065326,0.07594683053904215,0.0470242468772961,0.05230111548994723,0.03707167189900474,0.05884710440184356,0.05904749181751386,0.05443858125709705,0.04608910560416806,0.04174737826464498,0.04976287489145682,0.038941954445260836,0.06492552267717587,0.04208135729076214,0.048360162981764744,0.04695745107207267,0.05109879099592546,0.04127980762808096,0.04929530425489279,0.07260704027787054,0.05991583728541847,0.047291430098189834,0.048493754592211606,0.04181417406986841,0.0470242468772961,0.0327967403647051,0.06806492552267718,0.0426157237325496,0.05196713646383007,0.061251753389887115,0.05831273796005611,0.04281611114821989,0.06485872687195245,0.05517333511455481,0.07487809765546724,0.046623472045955516,0.04134660343330439,0.057911963128715514,0.056910026050364035,0.035535368378865805,0.05230111548994723,0.04308329436911362,0.057911963128715514,0.054839356088437645,0.048627346202658475,0.05878030859662013,0.045554739162380606,0.06004942889586534,0.030592478792331842,0.03707167189900474,0.03794001736690936,0.03126043684456616,0.034533431300514325,0.02718589272593681,0.031193641039342728,0.04775900073475386,0.031394028455013025,0.08429630619197115,0.07046957451072072,0.09992652461425422,0.04996326230712711,0.05851312537572641,0.040144278939282615,0.052701890321287824,0.02952374590875693,0.04475318949969942,0.030458887181884976,0.025582793400574445,0.034800614521408056,0.03586934740498297,0.05196713646383007,0.03520138935274865,0.034533431300514325,0.04789259234520072,0.03540177676841894,0.04695745107207267,0.03667089706766415,0.04815977556609445,0.04595551399372119,0.0470242468772961,0.047291430098189834,0.04268251953777303,0.07260704027787054,0.03840758800347338,0.05951506245407789,0.03493420613185492,0.02885578785652261,0.042949702758666754,0.0325963529490348,0.027720259167724266,0.055106539309331376,0.028054238193841428,0.0359361432102064,0.043216885979560485,0.028521808830405452,0.03486741032663149,0.035668959989312674,0.03693808028855788,0.032462761338587935,0.02304455280208403,0.049428895865339655,0.03159441587068332,0.03540177676841894,0.023311736022977758,0.03313071939082226,0.03920913766615457,0.0426157237325496,0.02578318081624474,0.04067864538107007
nh0109,1.0,0.5892857142857143,0.5037774725274725,0.29945054945054944,0.27197802197802196,0.40453296703296704,0.43131868131868134,0.3018543956043956,0.33791208791208793,0.2809065934065934,0.2249313186813187,0.20501373626373626,0.25721153846153844,0.19402472527472528,0.23798076923076922,0.23832417582417584,0.2135989010989011,0.22115384615384615,0.22046703296703296,0.20089285714285715,0.2029532967032967,0.23076923076923078,0.18990384615384615,0.18097527472527472,0.23935439560439561,0.15281593406593408,0.16964285714285715,0.15521978021978022,0.17067307692307693,0.1565934065934066,0.18887362637362637,0.30494505494505497,0.14285714285714285,0.16723901098901098,0.15418956043956045,0.15968406593406592,0.1620879120879121,0.15693681318681318,0.16277472527472528,0.15418956043956045,0.15315934065934067,0.10576923076923077,0.10851648351648352,0.12156593406593406,0.10199175824175824,0.15625,0.0782967032967033,0.14491758241758243,0.08619505494505494,0.12877747252747251,0.13324175824175824,0.08447802197802198,0.14320054945054944,0.1301510989010989,0.08173076923076923,0.12225274725274725,0.2664835164835165,0.18372252747252749,0.15728021978021978,0.11332417582417582,0.09684065934065934,0.08688186813186813,0.11332417582417582,0.08482142857142858,0.11195054945054946,0.09924450549450549,0.08997252747252747,0.06524725274725275,0.14869505494505494,0.0831043956043956,0.059409340659340656,0.08447802197802198,0.10267857142857142,0.08379120879120878,0.09546703296703296,0.09271978021978022,0.07074175824175824,0.11607142857142858,0.10542582417582418,0.08997252747252747,0.08276098901098901,0.09821428571428571,0.09340659340659341,0.11813186813186813,0.08619505494505494,0.13392857142857142,0.07932692307692307,0.12053571428571429,0.1043956043956044,0.08516483516483517,0.12190934065934066,0.07005494505494506,0.06593406593406594,0.09065934065934066,0.08619505494505494,0.09649725274725275,0.12396978021978022,0.10817307692307693,0.13770604395604397,0.11641483516483517,0.1201923076923077,0.1301510989010989,0.08962912087912088,0.09031593406593406,0.07245879120879122,0.0831043956043956,0.07211538461538461,0.09649725274725275,0.09649725274725275,0.09787087912087912,0.10405219780219781,0.09649725274725275,0.08722527472527472,0.09821428571428571,0.07932692307692307,0.06215659340659341,0.050824175824175824,0.05666208791208791,0.08653846153846154,0.06284340659340659,0.05151098901098901,0.08619505494505494,0.06524725274725275,0.057692307692307696,0.07348901098901099,0.04601648351648352,0.06593406593406594,0.07177197802197802,0.07383241758241758,0.09409340659340659,0.06456043956043957,0.059065934065934064,0.059752747252747256,0.07005494505494506,0.06318681318681318,0.055288461538461536,0.05048076923076923,0.06421703296703296,0.07623626373626374,0.08688186813186813,0.057348901098901096,0.0779532967032967,0.06833791208791208,0.08722527472527472,0.07005494505494506,0.05391483516483517,0.08070054945054946,0.06387362637362637,0.06421703296703296,0.051167582417582416,0.05185439560439561,0.07932692307692307,0.05631868131868132,0.05254120879120879,0.07554945054945054,0.05185439560439561,0.06284340659340659,0.06387362637362637,0.08791208791208792,0.057692307692307696,0.06696428571428571,0.06662087912087912,0.057005494505494504,0.046703296703296704,0.09821428571428571,0.049107142857142856,0.053228021978021976,0.059752747252747256,0.057348901098901096,0.16792582417582416,0.05048076923076923,0.06971153846153846,0.04223901098901099,0.0779532967032967,0.0415521978021978,0.0521978021978022,0.06215659340659341,0.06043956043956044,0.06078296703296703,0.04326923076923077,0.026785714285714284,0.04807692307692308,0.052884615384615384,0.0521978021978022,0.04945054945054945,0.16311813186813187,0.04223901098901099,0.07657967032967034,0.04120879120879121,0.06490384615384616,0.03708791208791209,0.07726648351648352,0.06799450549450549,0.06696428571428571,0.06215659340659341,0.04807692307692308,0.054945054945054944,0.0415521978021978,0.052884615384615384,0.06456043956043957,0.09100274725274725,0.061469780219780217,0.0673076923076923,0.04979395604395604,0.07108516483516483,0.044642857142857144,0.053228021978021976,0.07623626373626374,0.06318681318681318,0.05425824175824176,0.044986263736263736,0.051167582417582416,0.07589285714285714,0.04635989010989011,0.040521978021978024,0.04773351648351648,0.04395604395604396,0.05631868131868132,0.055288461538461536,0.036057692307692304,0.03502747252747253,0.049107142857142856,0.06456043956043957,0.04223901098901099,0.05185439560439561,0.03777472527472527,0.046703296703296704,0.05357142857142857,0.04429945054945055,0.03743131868131868,0.05563186813186813,0.04120879120879121,0.0521978021978022,0.044986263736263736,0.04739010989010989,0.04842032967032967,0.04361263736263736,0.052884615384615384,0.044986263736263736,0.04945054945054945,0.04120879120879121,0.03125,0.048763736263736264,0.03159340659340659,0.03159340659340659,0.040521978021978024,0.038461538461538464,0.047046703296703296,0.15521978021978022,0.03949175824175824,0.015453296703296704,0.04635989010989011,0.04395604395604396,0.03983516483516483,0.04223901098901099,0.04945054945054945,0.030563186813186812,0.05666208791208791,0.042582417582417584,0.040521978021978024,0.034684065934065936,0.05048076923076923,0.036744505494505496,0.04429945054945055,0.04635989010989011,0.04395604395604396,0.0521978021978022,0.057005494505494504,0.04189560439560439,0.06009615384615385,0.05151098901098901,0.026442307692307692,0.04189560439560439,0.03777472527472527,0.057348901098901096,0.04842032967032967,0.044642857142857144,0.03914835164835165,0.04326923076923077,0.061126373626373624,0.053228021978021976,0.032623626373626376,0.03365384615384615,0.049107142857142856,0.032623626373626376,0.024381868131868132,0.03021978021978022,0.04395604395604396,0.032623626373626376,0.044642857142857144,0.02918956043956044,0.040521978021978024,0.032623626373626376,0.053228021978021976,0.026785714285714284,0.04326923076923077,0.04361263736263736,0.040521978021978024,0.027472527472527472,0.02712912087912088
nh0110,1.0,0.624004550625711,0.5119453924914675,0.41581342434584756,0.4243458475540387,0.4129692832764505,0.472127417519909,0.45051194539249145,0.2781569965870307,0.2229806598407281,0.3503981797497156,0.30659840728100113,0.25426621160409557,0.3117178612059158,0.3424345847554039,0.30091012514220705,0.2895335608646189,0.2832764505119454,0.2502844141069397,0.26621160409556316,0.2030716723549488,0.18031854379977247,0.31456200227531284,0.23947667804323094,0.33674630261660976,0.20534698521046643,0.1899886234357224,0.16723549488054607,0.23435722411831628,0.22184300341296928,0.2883959044368601,0.17064846416382254,0.2229806598407281,0.17918088737201365,0.19226393629124006,0.17690557451649602,0.1695108077360637,0.1558589306029579,0.20477815699658702,0.10523321956769056,0.12343572241183162,0.18771331058020477,0.1547212741751991,0.14675767918088736,0.17121729237770195,0.28100113765642776,0.1751990898748578,0.09783845278725825,0.161547212741752,0.15984072810011377,0.21444823663253698,0.1427758816837315,0.1012514220705347,0.1296928327645051,0.17178612059158135,0.14391353811149032,0.12400455062571103,0.20022753128555176,0.08020477815699659,0.12116040955631399,0.18828213879408418,0.09670079635949944,0.16666666666666666,0.13993174061433447,0.11035267349260523,0.10693970420932879,0.11149032992036405,0.149032992036405,0.10068259385665529,0.12343572241183162,0.10352673492605233,0.17064846416382254,0.12514220705346984,0.13026166097838454,0.13879408418657566,0.14562002275312855,0.08248009101251422,0.2025028441410694,0.15073947667804324,0.11035267349260523,0.09556313993174062,0.08532423208191127,0.11262798634812286,0.11433447098976109,0.10295790671217292,0.11319681456200227,0.09613196814562003,0.15756541524459614,0.14675767918088736,0.09101251422070535,0.09556313993174062,0.12627986348122866,0.1018202502844141,0.07963594994311718,0.08703071672354949,0.07906712172923777,0.09385665529010238,0.07337883959044368,0.09783845278725825,0.11888509670079636,0.06598407281001138,0.09897610921501707,0.09215017064846416,0.15187713310580206,0.1296928327645051,0.06882821387940842,0.16097838452787258,0.09158134243458475,0.15642775881683732,0.09101251422070535,0.10580204778156997,0.080773606370876,0.10523321956769056,0.10580204778156997,0.14334470989761092,0.11092150170648464,0.14732650739476677,0.0813424345847554,0.09897610921501707,0.06939704209328783,0.06484641638225255,0.07508532423208192,0.10352673492605233,0.07565415244596133,0.0813424345847554,0.10238907849829351,0.06939704209328783,0.08361774744027303,0.07906712172923777,0.09101251422070535,0.08361774744027303,0.07849829351535836,0.11660978384527873,0.06370875995449374,0.06370875995449374,0.11092150170648464,0.1296928327645051,0.04323094425483504,0.07565415244596133,0.08304891922639362,0.11319681456200227,0.07792946530147896,0.09158134243458475,0.06370875995449374,0.07565415244596133,0.055176336746302616,0.07622298065984073,0.08418657565415244,0.1342434584755404,0.10921501706484642,0.12684869169510807,0.08020477815699659,0.08248009101251422,0.09385665529010238,0.05745164960182025,0.07849829351535836,0.10068259385665529,0.07736063708759955,0.07337883959044368,0.0813424345847554,0.080773606370876,0.0676905574516496,0.07849829351535836,0.07508532423208192,0.07053469852104664,0.051194539249146756,0.06598407281001138,0.07906712172923777,0.06598407281001138,0.0745164960182025,0.14334470989761092,0.06541524459613197,0.09215017064846416,0.0813424345847554,0.0676905574516496,0.08248009101251422,0.11433447098976109,0.036973833902161544,0.07679180887372014,0.10352673492605233,0.07508532423208192,0.04948805460750853,0.055176336746302616,0.055176336746302616,0.0676905574516496,0.06143344709897611,0.09271899886234357,0.04948805460750853,0.047212741751990896,0.047212741751990896,0.06825938566552901,0.080773606370876,0.03754266211604096,0.07508532423208192,0.03924914675767918,0.09670079635949944,0.04778156996587031,0.07906712172923777,0.07906712172923777,0.04948805460750853,0.08930602957906712,0.062002275312855515,0.0540386803185438,0.06143344709897611,0.07394766780432309,0.05233219567690557,0.05745164960182025,0.080773606370876,0.10864618885096701,0.08703071672354949,0.04209328782707622,0.0676905574516496,0.07963594994311718,0.0676905574516496,0.040955631399317405,0.08248009101251422,0.06996587030716724,0.04607508532423208,0.05233219567690557,0.11433447098976109,0.06313993174061433,0.04379977246871445,0.062002275312855515,0.05233219567690557,0.03128555176336746,0.04209328782707622,0.04379977246871445,0.05233219567690557,0.06257110352673492,0.08532423208191127,0.07053469852104664,0.04948805460750853,0.06143344709897611,0.053469852104664393,0.04607508532423208,0.05745164960182025,0.03924914675767918,0.05915813424345848,0.06143344709897611,0.04379977246871445,0.05631399317406143,0.044937428896473265,0.051194539249146756,0.06541524459613197,0.0676905574516496,0.06427758816837315,0.07224118316268487,0.03640500568828214,0.051763367463026164,0.04778156996587031,0.04436860068259386,0.036973833902161544,0.02161547212741752,0.02957906712172924,0.03128555176336746,0.034129692832764506,0.07110352673492605,0.0608646188850967,0.0540386803185438,0.04835039817974972,0.09158134243458475,0.051194539249146756,0.0608646188850967,0.06655290102389079,0.048919226393629126,0.034698521046643914,0.05460750853242321,0.04835039817974972,0.02502844141069397,0.023890784982935155,0.05688282138794084,0.07622298065984073,0.0875995449374289,0.036973833902161544,0.036973833902161544,0.03924914675767918,0.040386803185438,0.06484641638225255,0.08475540386803185,0.04209328782707622,0.07679180887372014,0.06029579067121729,0.09954493742889647,0.051194539249146756,0.055176336746302616,0.038680318543799774,0.06143344709897611,0.06313993174061433,0.07053469852104664,0.08418657565415244,0.06655290102389079,0.02901023890784983,0.05631399317406143,0.06598407281001138,0.05460750853242321,0.05745164960182025,0.03583617747440273,0.06939704209328783,0.10466439135381114,0.040955631399317405
nh0111,1.0,0.6933840041457937,0.5897391604767663,0.5261703230264294,0.5323890136465711,0.4498186215235792,0.3859043012610123,0.34444636379340127,0.3301088270858525,0.31110727241319747,0.35066505441354295,0.24512005527724995,0.33891863879771983,0.3026429435135602,0.28726895836932115,0.2991881153912593,0.2511660044912766,0.2779409224391087,0.2656762826049404,0.2560027638624978,0.27534980134738296,0.22439108654344447,0.2665399896355156,0.16963206080497495,0.20400760062186907,0.22231818967006392,0.19537053031611679,0.17792364829849716,0.2306097771635861,0.16514078424598377,0.1920884435999309,0.15339436863016065,0.20193470374848851,0.17792364829849716,0.24995681464847125,0.19727068578338228,0.2045258248402142,0.18276040766971843,0.19727068578338228,0.15529452409742614,0.17930557954741752,0.19329763344273623,0.1324926584902401,0.1166004491276559,0.18310589048194853,0.1392295733287269,0.17567801001900155,0.11832786318880635,0.1592675764380722,0.1637588529970634,0.18984280532043532,0.16237692174814303,0.1267921920884436,0.16444981862152358,0.2003800310934531,0.13992053895318707,0.10433580929348765,0.13732941786146138,0.09172568664708931,0.12765589911901884,0.15874935221972708,0.1388840905164968,0.135774745206426,0.1679046467438245,0.11694593193988599,0.10692693038521334,0.12195543271722231,0.16928657799274485,0.10088098117118674,0.13422007255139057,0.12195543271722231,0.14648471238555882,0.11262739678700985,0.10796337882190361,0.1649680428398687,0.11539125928485058,0.16134047331145276,0.17049576783555018,0.14389359129383314,0.11694593193988599,0.13871134911038177,0.12696493349455865,0.1086543444463638,0.13732941786146138,0.11366384522370013,0.0936258421143548,0.10139920538953187,0.11314562100535498,0.11314562100535498,0.11590948350319571,0.09172568664708931,0.11539125928485058,0.08257039212299189,0.08930730696147866,0.12022801865607186,0.10796337882190361,0.10606322335463811,0.10105372257730177,0.09828986007946104,0.1385386077042667,0.0920711694593194,0.08481603040248747,0.09690792883054068,0.1083088616341337,0.09949904992226637,0.10070823976507169,0.11780963897046122,0.08429780618414234,0.08170668509241666,0.10381758507514251,0.10468129210571774,0.07842459837623078,0.1105544999136293,0.10019001554672655,0.08861634133701848,0.11677319053377094,0.09448954914493005,0.11141820694420453,0.09466229055104508,0.08654344446363793,0.0837795819657972,0.07980652962515115,0.08239765071687684,0.10761789600967352,0.07911556400069096,0.1445845569182933,0.09258939367766454,0.09967179132838141,0.07842459837623078,0.08239765071687684,0.08982553117982381,0.0773881499395405,0.120746242874417,0.06875107963378822,0.08308861634133702,0.10554499913629296,0.10519951632406288,0.09777163586111591,0.08498877180860252,0.08533425462083262,0.10709967179132839,0.07894282259457593,0.09310761789600967,0.067887372603213,0.0735878390050095,0.08084297806184142,0.07635170150285023,0.07324235619277941,0.07946104681292106,0.09846260148557609,0.10278113663845223,0.0796337882190361,0.07186042494385904,0.08861634133701848,0.0592503022974607,0.08326135774745207,0.06633269994817757,0.06391432026256694,0.08205216790464674,0.0958714803938504,0.07997927103126619,0.05527724995681465,0.06356883745033684,0.08550699602694765,0.07082397650716876,0.06374157885645189,0.07186042494385904,0.06667818276040767,0.05406806011400933,0.1312834686474348,0.10606322335463811,0.06132319917084125,0.07082397650716876,0.07047849369493868,0.101917429607877,0.06926930385213335,0.07324235619277941,0.04750388668163759,0.06615995854206254,0.0761789600967352,0.09984453273449646,0.06201416479530143,0.04577647262048713,0.06011400932803593,0.07790637415788565,0.12575574365175332,0.09984453273449646,0.06495076869925721,0.09708067023665573,0.0656417343237174,0.0758334772845051,0.05959578510969079,0.061495940576956294,0.07721540853342546,0.060804974952496114,0.0735878390050095,0.11280013819312489,0.07013301088270858,0.06685092416652272,0.05061323199170841,0.05389531870789428,0.05579547417515979,0.07047849369493868,0.05890481948523061,0.07566073587839005,0.07116945931939886,0.08360684055968215,0.06374157885645189,0.0761789600967352,0.06633269994817757,0.10606322335463811,0.0554499913629297,0.05907756089134566,0.0656417343237174,0.06425980307479703,0.06011400932803593,0.06218690620141648,0.060977716358611156,0.06477802729314217,0.05821385386077043,0.05164968042839869,0.06633269994817757,0.07427880462946969,0.06926930385213335,0.053722577301779234,0.05406806011400933,0.052513387458973916,0.05804111245465538,0.0633960960442218,0.07410606322335464,0.06926930385213335,0.057177405424080154,0.056831922611850064,0.057350146830195195,0.056831922611850064,0.06771463119709795,0.0513041976161686,0.04940404214890309,0.071687683537744,0.051822421834513736,0.05821385386077043,0.06287787182587666,0.05458628433235446,0.07997927103126619,0.08274313352910692,0.04836759371221282,0.04646743824494731,0.04698566246329245,0.11124546553808948,0.053722577301779234,0.07203316634997409,0.03990326481257558,0.045949214026602174,0.07669718431508032,0.049576783555018135,0.128346864743479,0.06443254448091207,0.05855933667300052,0.030747970288478147,0.04197616168595612,0.067887372603213,0.0551045085506996,0.04802211089998273,0.057350146830195195,0.06218690620141648,0.04353083434099154,0.05475902573846951,0.045949214026602174,0.045603731214372084,0.0468129210571774,0.04767662808775264,0.060977716358611156,0.06460528588702712,0.05648643979961997,0.044049058559336676,0.049576783555018135,0.045258248402141994,0.05614095698738988,0.049576783555018135,0.053204353083434096,0.07393332181723959,0.07877008118846088,0.05044049058559337,0.0471584038694075,0.06270513041976161,0.04992226636724823,0.056659181205735015,0.06218690620141648,0.04318535152876144,0.04128519606149594,0.05164968042839869,0.03869407496977025,0.06667818276040767,0.05199516324062878,0.0690965624460183,0.044394541371566766,0.04646743824494731,0.06305061323199171,0.04266712731041631,0.07514251166004492
nh0112,1.0,0.4843292937735061,0.4893439197659841,0.32177183451734226,0.29419139155871293,0.3313832010029252,0.30839949853740073,0.23318010865022984,0.29502716255745925,0.2946092770580861,0.1880484747179273,0.26661094860008355,0.18136230672795653,0.2235687421646469,0.16464688675302966,0.2114500626828249,0.2473882156289177,0.2486418721270372,0.22983702465524447,0.192227329711659,0.2118679481821981,0.19891349770162975,0.18136230672795653,0.2143752611784371,0.1700793982448809,0.1450062682824906,0.15963226076055162,0.20768909318846637,0.13664855829502717,0.18178019222732972,0.17049728374425407,0.177601337233598,0.2101964061847054,0.1374843292937735,0.1257835353113247,0.1642290012536565,0.18136230672795653,0.16673631424989552,0.15294609277058085,0.11617216882574175,0.1613038027580443,0.13246970330129546,0.124111993313832,0.11617216882574175,0.10447137484329294,0.1345591307981613,0.1065608023401588,0.13623067279565398,0.10488926034266612,0.10363560384454659,0.13288758880066862,0.10697868783953197,0.09820309235269536,0.09820309235269536,0.07730881738403678,0.109486000835771,0.13497701629753447,0.1299623903050564,0.1170079398244881,0.12327622231508567,0.11659005432511492,0.11951525282072713,0.09151692436272461,0.09736732135394902,0.08900961136648558,0.109486000835771,0.109486000835771,0.12452987881320518,0.10029251984956122,0.11491851232762224,0.08608441287087339,0.10572503134141245,0.13497701629753447,0.09193480986209779,0.09235269536147096,0.10781445883827831,0.09653155035520268,0.11867948182198078,0.09527789385708316,0.11032177183451734,0.08692018386961972,0.09402423735896365,0.10781445883827831,0.11533639782699541,0.09694943585457584,0.10029251984956122,0.09736732135394902,0.10112829084830756,0.08023401587964897,0.09694943585457584,0.09193480986209779,0.08524864187212704,0.12369410781445885,0.0814876723777685,0.09486000835770998,0.12035102381947346,0.07312996239030506,0.10530714584203928,0.06644379440033431,0.11450062682824906,0.08357709987463435,0.06769745089845382,0.08692018386961972,0.06268282490597576,0.05056414542415378,0.07020476389469285,0.08190555787714167,0.082741328875888,0.08106978687839532,0.07730881738403678,0.11282908483075638,0.06477225240284162,0.09486000835770998,0.07271207689093188,0.05641454241537819,0.06895110739657334,0.06978687839531968,0.06393648140409527,0.06978687839531968,0.07981613038027581,0.08232344337651483,0.082741328875888,0.06769745089845382,0.08399498537400753,0.07898035938152946,0.05516088591725867,0.08608441287087339,0.06936899289594652,0.07605516088591725,0.06727956539908066,0.08984538236523193,0.06602590890096113,0.06184705390722942,0.05432511491851233,0.07312996239030506,0.07229419139155871,0.055996656916005014,0.04972837442540744,0.0651901379022148,0.07898035938152946,0.06226493940660259,0.08023401587964897,0.03969912244045132,0.07312996239030506,0.06142916840785625,0.07730881738403678,0.055578771416631846,0.06602590890096113,0.0768909318846636,0.0635185959047221,0.08065190137902215,0.05933974091099039,0.07939824488090264,0.05808608441287087,0.06310071040534894,0.06226493940660259,0.0651901379022148,0.05725031341412453,0.08775595486836607,0.045967404931048894,0.050982030923526954,0.06644379440033431,0.06602590890096113,0.0873380693689929,0.058921855411617215,0.050982030923526954,0.06602590890096113,0.041788549937317176,0.04513163393230255,0.032177183451734225,0.05056414542415378,0.0651901379022148,0.04722106142916841,0.07730881738403678,0.038027580442958626,0.053907229419139155,0.06560802340158796,0.06560802340158796,0.055996656916005014,0.05516088591725867,0.05516088591725867,0.06017551190973673,0.06686167989970748,0.06184705390722942,0.03969912244045132,0.03343083994985374,0.04304220643543669,0.048892603426661095,0.07480150438779774,0.07062264939406603,0.07020476389469285,0.07730881738403678,0.07229419139155871,0.04262432093606352,0.06978687839531968,0.07605516088591725,0.06727956539908066,0.07145842039281237,0.04763894692854158,0.07145842039281237,0.05307145842039281,0.037191809444212284,0.04053489343919766,0.06435436690346845,0.048892603426661095,0.038027580442958626,0.04513163393230255,0.06310071040534894,0.07898035938152946,0.04513163393230255,0.027162557459256165,0.04262432093606352,0.06226493940660259,0.04304220643543669,0.05808608441287087,0.050982030923526954,0.05223568742164647,0.028834099456748852,0.06184705390722942,0.04346009193480986,0.040952778938570834,0.045967404931048894,0.06477225240284162,0.05307145842039281,0.04763894692854158,0.05265357292101964,0.07939824488090264,0.07062264939406603,0.05725031341412453,0.05014625992478061,0.04931048892603427,0.050982030923526954,0.03760969494358546,0.03969912244045132,0.04262432093606352,0.05850396991224405,0.04931048892603427,0.05223568742164647,0.04805683242791475,0.06644379440033431,0.045967404931048894,0.040952778938570834,0.055996656916005014,0.048892603426661095,0.042206435436690344,0.040952778938570834,0.04847471792728792,0.05808608441287087,0.026744671959882994,0.07981613038027581,0.01880484747179273,0.05223568742164647,0.04722106142916841,0.040117007939824485,0.040952778938570834,0.04554951943167572,0.060593397409109906,0.051817801922273296,0.08190555787714167,0.040117007939824485,0.059757626410363564,0.04805683242791475,0.045967404931048894,0.04638529043042206,0.04931048892603427,0.04805683242791475,0.03928123694107814,0.05139991642290013,0.0355202674467196,0.04972837442540744,0.03468449644797326,0.04763894692854158,0.042206435436690344,0.03134141245298788,0.037191809444212284,0.04513163393230255,0.05432511491851233,0.04847471792728792,0.042206435436690344,0.041788549937317176,0.05056414542415378,0.028834099456748852,0.042206435436690344,0.04763894692854158,0.040952778938570834,0.06184705390722942,0.04847471792728792,0.03384872544922691,0.04554951943167572,0.05808608441287087,0.0384454659423318,0.05223568742164647,0.040117007939824485,0.038863351441704976,0.028834099456748852,0.03635603844546594,0.04763894692854158,0.03384872544922691,0.0384454659423318,0.024655244463017135
nh0113,1.0,0.6855647623201047,0.530745747928478,0.40383776711731356,0.31923244657653727,0.3475795900566943,0.3724378543392935,0.3061491495856956,0.26384648931530746,0.24901875272568688,0.2511993022241605,0.27780200610553857,0.2703881378107283,0.30135194068905363,0.2250327082424771,0.2821631051024858,0.22023549934583514,0.24247710423026603,0.24465765372873965,0.23462712603576102,0.18273004797208897,0.2686436982119494,0.2568687309201919,0.1831661578717837,0.22721325774095072,0.17444395987788922,0.19537723506323593,0.19973833406018315,0.1456607064980375,0.23898822503270825,0.2546881814217183,0.16877453118185784,0.1949411251635412,0.16703009158307894,0.18927169646750983,0.19014391626689925,0.18796336676842565,0.17313563017880507,0.14391626689925863,0.12734409071085914,0.16572176188399476,0.1949411251635412,0.1530745747928478,0.17531617967727867,0.14522459659834278,0.2245965983427824,0.11993022241604885,0.10117749672917575,0.08940252943741823,0.18839947666812037,0.16877453118185784,0.09463584823375491,0.11251635412123855,0.13170518970780637,0.07064980375054514,0.0867858700392499,0.11862189271696467,0.19624945486262538,0.13344962930658527,0.15351068469254253,0.12516354121238552,0.09943305713039687,0.12603576101177497,0.113388573920628,0.10553859572612298,0.11949411251635413,0.141735717400785,0.09245529873528129,0.11513301351940688,0.12778020061055387,0.10423026602703882,0.11164413432184911,0.10117749672917575,0.11731356301788051,0.10902747492368077,0.16048844308765808,0.08940252943741823,0.15263846489315308,0.07064980375054514,0.09332751853467074,0.085041430440471,0.09201918883558657,0.08591365023986045,0.11513301351940688,0.10466637592673354,0.09986916703009158,0.09289140863497601,0.11033580462276493,0.06977758395115569,0.07283035324901875,0.09943305713039687,0.07849978194505015,0.12080244221543829,0.08896641953772351,0.07152202354993459,0.09681639773222853,0.09201918883558657,0.10161360662887048,0.06716092455298735,0.12734409071085914,0.06323593545573485,0.085041430440471,0.10553859572612298,0.08155255124291322,0.06672481465329264,0.1094635848233755,0.1321412996075011,0.07806367204535543,0.11556912341910161,0.11862189271696467,0.1303968600087222,0.07588312254688181,0.07631923244657654,0.1059747056258177,0.08547754034016572,0.11774967291757522,0.10859136502398604,0.0340165721761884,0.11949411251635413,0.10989969472307021,0.0867858700392499,0.07719145224596598,0.09856083733100741,0.08765808983863933,0.07195813344962931,0.08809419973833406,0.06977758395115569,0.08547754034016572,0.06498037505451373,0.06454426515481901,0.10728303532490188,0.10728303532490188,0.09856083733100741,0.07806367204535543,0.08634976013955517,0.08591365023986045,0.07064980375054514,0.04622764936764064,0.07806367204535543,0.06279982555604012,0.08155255124291322,0.053205407762756216,0.09332751853467074,0.053205407762756216,0.05233318796336677,0.10161360662887048,0.04928041866550371,0.07239424334932403,0.11295246402093327,0.10466637592673354,0.08373310074138683,0.0641081552551243,0.07719145224596598,0.07239424334932403,0.07675534234627127,0.0776275621456607,0.08198866114260794,0.06716092455298735,0.07021369385085041,0.07152202354993459,0.055822067160924554,0.08198866114260794,0.05843872655909289,0.08198866114260794,0.08809419973833406,0.04491931966855647,0.041866550370693416,0.06759703445268207,0.04753597906672481,0.05974705625817706,0.10292193632795464,0.055822067160924554,0.0641081552551243,0.0737025730484082,0.05407762756214566,0.053205407762756216,0.07893589184474488,0.054949847361535104,0.07021369385085041,0.05364151766245094,0.06977758395115569,0.06498037505451373,0.03706934147405146,0.04840819886611426,0.06628870475359791,0.04884430876580898,0.03270824247710423,0.03881378107283035,0.034452682075883125,0.07152202354993459,0.03663323157435674,0.06846925425207152,0.06018316615787178,0.08591365023986045,0.04971652856519843,0.08155255124291322,0.04143044047099869,0.05756650675970344,0.085041430440471,0.05146096816397732,0.07588312254688181,0.05015263846489315,0.03532490187527257,0.0453554295682512,0.07588312254688181,0.04491931966855647,0.0737025730484082,0.042302660270388134,0.05538595726122983,0.04622764936764064,0.05015263846489315,0.054949847361535104,0.08416921064108156,0.07239424334932403,0.05756650675970344,0.04666375926733537,0.07675534234627127,0.044483209768861755,0.07544701264718709,0.06454426515481901,0.04273877017008286,0.04928041866550371,0.0510248582642826,0.04012211077191452,0.051897078063672046,0.0340165721761884,0.05233318796336677,0.0340165721761884,0.03924989097252508,0.11077191452245966,0.0737025730484082,0.03924989097252508,0.07544701264718709,0.05146096816397732,0.05146096816397732,0.06105538595726123,0.054513737461840385,0.04797208896641954,0.030527692978630616,0.0453554295682512,0.05756650675970344,0.054513737461840385,0.0641081552551243,0.042302660270388134,0.06716092455298735,0.06846925425207152,0.0623637156563454,0.06279982555604012,0.03837767117313563,0.05931094635848234,0.0017444395987788923,0.04840819886611426,0.040558220671609246,0.04012211077191452,0.06454426515481901,0.03750545137374618,0.06585259485390318,0.07806367204535543,0.0396860008722198,0.05931094635848234,0.05276929786306149,0.04840819886611426,0.06061927605756651,0.041866550370693416,0.06105538595726123,0.057130396860008724,0.044483209768861755,0.04622764936764064,0.033144352376798955,0.04971652856519843,0.03619712167466201,0.04143044047099869,0.05146096816397732,0.045791539467945924,0.03924989097252508,0.032272132577409504,0.04404709986916703,0.045791539467945924,0.03794156127344091,0.0453554295682512,0.053205407762756216,0.03663323157435674,0.08198866114260794,0.04404709986916703,0.033144352376798955,0.02311382468382032,0.057130396860008724,0.06149149585695595,0.03532490187527257,0.054949847361535104,0.057130396860008724,0.042302660270388134,0.05625817706061927,0.04666375926733537,0.03663323157435674,0.05625817706061927,0.04012211077191452,0.057130396860008724,0.08111644134321849,0.056694286960314
nh0114,1.0,0.6162092624356775,0.6123499142367067,0.3897941680960549,0.5201543739279588,0.3031732418524871,0.6239279588336192,0.44768439108061747,0.31989708404802747,0.3597770154373928,0.3786449399656947,0.2504288164665523,0.26329331046312177,0.27315608919382506,0.354631217838765,0.2555746140651801,0.2637221269296741,0.22384219554030874,0.23198970840480274,0.2114065180102916,0.24056603773584906,0.2285591766723842,0.3443396226415094,0.16037735849056603,0.217409948542024,0.2036878216123499,0.19210977701543738,0.1646655231560892,0.20111492281303603,0.18310463121783876,0.2006861063464837,0.137221269296741,0.1590909090909091,0.1951114922813036,0.16295025728987994,0.14751286449399656,0.14193825042881647,0.11921097770154374,0.12478559176672384,0.12478559176672384,0.10120068610634649,0.20711835334476844,0.19639794168096056,0.11449399656946826,0.14879931389365353,0.13936535162950256,0.24056603773584906,0.1865351629502573,0.1792452830188679,0.10591766723842196,0.13807890222984562,0.18567753001715265,0.14622641509433962,0.1153516295025729,0.1183533447684391,0.15566037735849056,0.08619210977701544,0.12478559176672384,0.11363636363636363,0.09905660377358491,0.18910806174957118,0.153516295025729,0.18481989708404803,0.13550600343053174,0.10634648370497427,0.11878216123499143,0.08533447684391081,0.10420240137221269,0.12778730703259006,0.11963979416809606,0.10506003430531732,0.09648370497427101,0.11449399656946826,0.09305317324185249,0.1239279588336192,0.11706689536878216,0.12778730703259006,0.11406518010291596,0.11363636363636363,0.1676672384219554,0.14708404802744426,0.1312178387650086,0.13807890222984562,0.08319039451114923,0.13593481989708406,0.15051457975986277,0.11921097770154374,0.09905660377358491,0.21526586620926244,0.11963979416809606,0.12735849056603774,0.11963979416809606,0.13807890222984562,0.12478559176672384,0.09262435677530018,0.08147512864493997,0.1509433962264151,0.08876500857632934,0.12307032590051457,0.10248713550600343,0.1346483704974271,0.08404802744425385,0.10077186963979416,0.1269296740994854,0.15308747855917668,0.09219554030874785,0.1320754716981132,0.09262435677530018,0.13336192109777015,0.11320754716981132,0.06989708404802744,0.0686106346483705,0.09991423670668954,0.07332761578044597,0.09433962264150944,0.08619210977701544,0.07504288164665524,0.2032590051457976,0.07075471698113207,0.07933104631217838,0.06775300171526587,0.1179245283018868,0.09133790737564322,0.07547169811320754,0.11749571183533447,0.10763293310463122,0.062178387650085765,0.0634648370497427,0.051457975986277875,0.09691252144082332,0.1097770154373928,0.08876500857632934,0.08919382504288165,0.06132075471698113,0.058319039451114926,0.07718696397941681,0.07590051457975987,0.07761578044596913,0.08104631217838765,0.09691252144082332,0.09562607204116638,0.09777015437392796,0.11106346483704975,0.09519725557461406,0.07847341337907375,0.08061749571183534,0.09691252144082332,0.09862778730703259,0.08919382504288165,0.08876500857632934,0.05960548885077187,0.06475128644939966,0.09433962264150944,0.11106346483704975,0.08319039451114923,0.10377358490566038,0.09519725557461406,0.09476843910806175,0.0716123499142367,0.13164665523156088,0.09305317324185249,0.07761578044596913,0.09734133790737565,0.10248713550600343,0.06432246998284734,0.0823327615780446,0.07847341337907375,0.08704974271012007,0.1432246998284734,0.04888507718696398,0.0879073756432247,0.08061749571183534,0.1097770154373928,0.09391080617495712,0.14794168096054888,0.0716123499142367,0.1016295025728988,0.07246998284734134,0.09476843910806175,0.10677530017152659,0.0823327615780446,0.10334476843910806,0.11492281303602059,0.0656089193825043,0.060034305317324184,0.034734133790737566,0.06989708404802744,0.0660377358490566,0.051457975986277875,0.07933104631217838,0.062178387650085765,0.08319039451114923,0.10849056603773585,0.05231560891938251,0.0630360205831904,0.06903945111492281,0.07547169811320754,0.08533447684391081,0.07933104631217838,0.09562607204116638,0.06389365351629503,0.09176672384219554,0.05960548885077187,0.07761578044596913,0.058319039451114926,0.05660377358490566,0.03773584905660377,0.07504288164665524,0.15566037735849056,0.05574614065180103,0.0660377358490566,0.056174957118353346,0.05060034305317324,0.05188679245283019,0.048027444253859346,0.07289879931389365,0.06732418524871354,0.08576329331046312,0.05274442538593482,0.09133790737564322,0.07718696397941681,0.06689536878216124,0.058747855917667235,0.060034305317324184,0.0767581475128645,0.060891938250428816,0.07246998284734134,0.05789022298456261,0.0716123499142367,0.043310463121783875,0.04159519725557462,0.04888507718696398,0.06432246998284734,0.0355917667238422,0.05917667238421955,0.05274442538593482,0.08061749571183534,0.058747855917667235,0.06775300171526587,0.06174957118353345,0.048027444253859346,0.06260720411663807,0.05188679245283019,0.04888507718696398,0.06646655231560893,0.060891938250428816,0.09519725557461406,0.04416809605488851,0.025728987993138937,0.03516295025728988,0.1569468267581475,0.05660377358490566,0.05231560891938251,0.04245283018867924,0.032590051457975985,0.0630360205831904,0.07032590051457976,0.04416809605488851,0.1676672384219554,0.04502572898799314,0.07718696397941681,0.08833619210977701,0.06260720411663807,0.06174957118353345,0.05574614065180103,0.044596912521440824,0.07032590051457976,0.03945111492281304,0.05445969125214408,0.048027444253859346,0.05274442538593482,0.07375643224699828,0.04716981132075472,0.06946826758147513,0.05274442538593482,0.06432246998284734,0.05360205831903945,0.062178387650085765,0.05789022298456261,0.04759862778730703,0.06518010291595197,0.04631217838765009,0.07375643224699828,0.06432246998284734,0.07246998284734134,0.09391080617495712,0.06260720411663807,0.05102915951972556,0.06518010291595197,0.028730703259005147,0.05574614065180103,0.04631217838765009,0.03430531732418525,0.05274442538593482,0.08190394511149228,0.05660377358490566,0.05317324185248713,0.04974271012006861,0.09090909090909091,0.06732418524871354
nh0115,1.0,0.6371160273754576,0.5661308292217093,0.34028330415406655,0.5785452809167595,0.4157249721470635,0.2949228075759987,0.31831927423205475,0.30956549419067325,0.23746617857711286,0.2753461722107274,0.22393760942225052,0.22664332325322298,0.34792296673563583,0.2653191150724176,0.27264045837975487,0.24574247970714627,0.2686614674518542,0.28425911188922487,0.22186853413974217,0.19178736272481298,0.25099474773197517,0.15072417634887791,0.16711761897182875,0.17937291102976285,0.19115072417634887,0.19974534458061435,0.19624383256406175,0.23014483526977558,0.1965621518382938,0.17077829062549738,0.12303039949068915,0.17157408881107752,0.15629476364793887,0.244150883335986,0.18414770014324366,0.18717173324844819,0.1674359382460608,0.16536686296355244,0.13003342352379438,0.14738182396944136,0.11936972783702053,0.19210568199904504,0.18637593506286806,0.1534298901798504,0.15677224255928696,0.09756485755212478,0.08642368295400286,0.1418112366703804,0.19847206748368615,0.1930606398217412,0.16377526659239217,0.10775107432755053,0.1360814897342034,0.1656851822377845,0.10249880630272162,0.0865828425911189,0.09151679134171574,0.10854687251313067,0.1391055228394079,0.1994270253063823,0.09103931243036766,0.13974216138787204,0.156931402196403,0.11173006525545122,0.13417157408881109,0.1290784657010982,0.09454082444692026,0.09310838771287601,0.11173006525545122,0.09804233646347287,0.14276619449307656,0.1203246856597167,0.10170300811714149,0.11952888747413656,0.10249880630272162,0.1354448511857393,0.1731656851822378,0.08005729746936177,0.17157408881107752,0.1069552761419704,0.12541779404742956,0.10504536049657807,0.1266910711443578,0.09469998408403629,0.08308133057456629,0.0767149450899252,0.14435779086423683,0.12334871876492122,0.08626452331688683,0.09851981537482095,0.11602737545758396,0.09199427025306382,0.07273595416202451,0.07639662581569313,0.10536367977081013,0.07480502944453286,0.08499124621995861,0.08276301130033424,0.08944771605920739,0.06493713194333917,0.06493713194333917,0.09676905936654465,0.09629158045519656,0.08419544803437848,0.12366703803915327,0.12000636638548465,0.1301925831609104,0.09899729428616903,0.08467292694572656,0.11841477001432436,0.0552283940792615,0.07178099633932834,0.0970873786407767,0.10281712557695369,0.09024351424478752,0.08276301130033424,0.04663377367499602,0.11173006525545122,0.10552283940792614,0.07273595416202451,0.07241763488779246,0.11077510743275505,0.0837179691230304,0.06732452650007958,0.07082603851663218,0.09310838771287601,0.1012255292057934,0.07766990291262135,0.04695209294922808,0.075600827630113,0.07926149928378164,0.09454082444692026,0.04965780678020054,0.08610536367977081,0.13624064937131944,0.06350469520929493,0.07926149928378164,0.07273595416202451,0.09056183351901957,0.08499124621995861,0.09469998408403629,0.0622314181123667,0.048702848957504374,0.051408562788476844,0.07416839089606876,0.0808530956549419,0.07305427343625656,0.06175393920101862,0.055387553716377526,0.0418589845615152,0.05331847843386917,0.07050771924240012,0.047429571860576156,0.05920738500716218,0.05634251153907369,0.07862486073531752,0.08196721311475409,0.0685978035970078,0.06780200541142767,0.07942065892089765,0.09565494190673245,0.06987108069393602,0.06366385484641095,0.07464586980741685,0.04790705077192424,0.05315931879675315,0.05841158682158205,0.01830335826834315,0.04201814419863123,0.09024351424478752,0.11125258634410314,0.05331847843386917,0.05713830972465383,0.05841158682158205,0.07623746617857712,0.12064300493394875,0.06382301448352698,0.06143561992678657,0.04488301766671972,0.09613242081808053,0.04488301766671972,0.039789909279006844,0.06589208976603533,0.08196721311475409,0.03644755689957027,0.07066687887951616,0.044405538755371635,0.05920738500716218,0.06270889702371478,0.04106318637593506,0.043132261658443416,0.04838452968327232,0.051408562788476844,0.05745662899888588,0.04997612605443259,0.07257679452490848,0.04615629476364794,0.07114435779086424,0.04042654782747095,0.0650962915804552,0.06079898137832246,0.07862486073531752,0.07448671017030081,0.05888906573293013,0.0418589845615152,0.051408562788476844,0.045042177303835744,0.05491007480502944,0.05395511698233328,0.04727041222346013,0.04551965621518383,0.06636956867738342,0.04965780678020054,0.08355880948591438,0.09963393283463313,0.05857074645869807,0.05029444532866465,0.05586503262772561,0.06239057774948273,0.030558650326277255,0.07114435779086424,0.07400923125895273,0.042813942384211365,0.03453764125417794,0.038516632182078625,0.04981696641731657,0.05284099952252109,0.03453764125417794,0.05761578863600191,0.08339964984879834,0.06716536686296355,0.059366544644278214,0.047111252586344105,0.055387553716377526,0.06525545121757122,0.04918032786885246,0.03612923762533821,0.043132261658443416,0.09199427025306382,0.045201336940951777,0.0436097405697915,0.05459175553079739,0.08101225529205794,0.06143561992678657,0.049339487505968484,0.04074486710170301,0.045837975489415886,0.02482890339010027,0.03151360814897342,0.0004774789113480821,0.053795957345217256,0.05681999045042177,0.0685978035970078,0.05459175553079739,0.05809326754734999,0.05220436097405698,0.06207225847525068,0.03581091835110616,0.05284099952252109,0.05634251153907369,0.03740251472226643,0.05252268024828904,0.052363520611173005,0.05618335190195766,0.046474614037879995,0.041540665287283146,0.03628839726245424,0.04567881585229985,0.06955276141970396,0.028171255769536847,0.028807894318000956,0.03135444851185739,0.06207225847525068,0.03740251472226643,0.057297469361769854,0.03597007798822219,0.04169982492439917,0.030081171414929175,0.049498647143084516,0.06796116504854369,0.048066210409040265,0.06700620722584752,0.03899411109342671,0.06541461085468725,0.03963074964189082,0.0337418430685978,0.05395511698233328,0.04997612605443259,0.0366067165366863,0.05618335190195766,0.015438484800254655,0.060003183192742324,0.04408721948113958,0.0418589845615152,0.048066210409040265,0.05777494827311794,0.047111252586344105,0.0482253700461563,0.023714785930288078
nh0116,1.0,0.5162213740458015,0.5190839694656488,0.39408396946564883,0.2881679389312977,0.3005725190839695,0.23282442748091603,0.2566793893129771,0.22423664122137404,0.25095419847328243,0.22423664122137404,0.23091603053435114,0.21660305343511452,0.27099236641221375,0.19751908396946566,0.20515267175572519,0.22805343511450382,0.20610687022900764,0.22805343511450382,0.20801526717557253,0.15076335877862596,0.20896946564885496,0.125,0.1431297709923664,0.18129770992366412,0.12309160305343511,0.16221374045801526,0.18606870229007633,0.14694656488549618,0.12881679389312978,0.19751908396946566,0.13358778625954199,0.15744274809160305,0.13454198473282442,0.16221374045801526,0.1269083969465649,0.14122137404580154,0.13549618320610687,0.1269083969465649,0.15458015267175573,0.1383587786259542,0.10591603053435114,0.12118320610687022,0.16698473282442747,0.05725190839694656,0.1431297709923664,0.07919847328244274,0.08778625954198473,0.07251908396946564,0.08301526717557252,0.13358778625954199,0.0916030534351145,0.12309160305343511,0.09637404580152671,0.08778625954198473,0.10114503816793893,0.06583969465648855,0.07729007633587787,0.10305343511450382,0.14790076335877864,0.09541984732824428,0.06774809160305344,0.09923664122137404,0.11736641221374046,0.10114503816793893,0.11164122137404581,0.12213740458015267,0.08492366412213741,0.08874045801526717,0.08206106870229007,0.11164122137404581,0.14885496183206107,0.08015267175572519,0.09446564885496184,0.06297709923664122,0.08110687022900763,0.09351145038167939,0.12404580152671756,0.04866412213740458,0.06774809160305344,0.08206106870229007,0.07061068702290077,0.07633587786259542,0.12786259541984732,0.09064885496183206,0.10877862595419847,0.05916030534351145,0.09446564885496184,0.06583969465648855,0.060114503816793896,0.061068702290076333,0.05820610687022901,0.07442748091603053,0.08778625954198473,0.08587786259541985,0.0982824427480916,0.06870229007633588,0.12118320610687022,0.06870229007633588,0.05248091603053435,0.08301526717557252,0.08587786259541985,0.07442748091603053,0.08969465648854962,0.03816793893129771,0.09064885496183206,0.08874045801526717,0.08301526717557252,0.07347328244274809,0.08587786259541985,0.10877862595419847,0.07633587786259542,0.08301526717557252,0.05152671755725191,0.07538167938931298,0.04389312977099236,0.07729007633587787,0.03816793893129771,0.08396946564885496,0.06583969465648855,0.07633587786259542,0.08015267175572519,0.07824427480916031,0.07251908396946564,0.04866412213740458,0.05725190839694656,0.10687022900763359,0.10209923664122138,0.06679389312977099,0.05916030534351145,0.060114503816793896,0.05916030534351145,0.06870229007633588,0.07919847328244274,0.03625954198473282,0.04770992366412214,0.14790076335877864,0.04580152671755725,0.11354961832061068,0.08587786259541985,0.06393129770992366,0.04866412213740458,0.05438931297709924,0.05820610687022901,0.04198473282442748,0.07347328244274809,0.09064885496183206,0.08874045801526717,0.061068702290076333,0.04389312977099236,0.04198473282442748,0.06297709923664122,0.06202290076335878,0.05248091603053435,0.060114503816793896,0.04484732824427481,0.06202290076335878,0.05343511450381679,0.10687022900763359,0.06297709923664122,0.05057251908396947,0.04007633587786259,0.06297709923664122,0.07061068702290077,0.05534351145038168,0.05248091603053435,0.0648854961832061,0.060114503816793896,0.046755725190839696,0.09255725190839695,0.02767175572519084,0.042938931297709926,0.08110687022900763,0.05152671755725191,0.03625954198473282,0.04484732824427481,0.07061068702290077,0.05629770992366412,0.05916030534351145,0.030534351145038167,0.060114503816793896,0.04866412213740458,0.035305343511450385,0.042938931297709926,0.05152671755725191,0.09732824427480916,0.039122137404580155,0.033396946564885496,0.04484732824427481,0.07919847328244274,0.04580152671755725,0.04484732824427481,0.0648854961832061,0.05438931297709924,0.04484732824427481,0.03435114503816794,0.04198473282442748,0.05534351145038168,0.04103053435114504,0.05534351145038168,0.05343511450381679,0.05248091603053435,0.08206106870229007,0.03625954198473282,0.05629770992366412,0.02862595419847328,0.042938931297709926,0.05343511450381679,0.06870229007633588,0.033396946564885496,0.06297709923664122,0.035305343511450385,0.04580152671755725,0.03816793893129771,0.029580152671755726,0.042938931297709926,0.05534351145038168,0.04580152671755725,0.03244274809160305,0.019083969465648856,0.042938931297709926,0.04580152671755725,0.033396946564885496,0.04866412213740458,0.046755725190839696,0.04103053435114504,0.039122137404580155,0.02767175572519084,0.022900763358778626,0.03244274809160305,0.07251908396946564,0.05820610687022901,0.030534351145038167,0.042938931297709926,0.0648854961832061,0.03148854961832061,0.042938931297709926,0.046755725190839696,0.02480916030534351,0.030534351145038167,0.039122137404580155,0.06202290076335878,0.04198473282442748,0.05248091603053435,0.02767175572519084,0.04770992366412214,0.05438931297709924,0.06297709923664122,0.08301526717557252,0.05725190839694656,0.0,0.030534351145038167,0.04770992366412214,0.03625954198473282,0.05152671755725191,0.042938931297709926,0.029580152671755726,0.04580152671755725,0.03148854961832061,0.05629770992366412,0.05248091603053435,0.03721374045801527,0.04389312977099236,0.030534351145038167,0.04103053435114504,0.05152671755725191,0.02194656488549618,0.04866412213740458,0.04484732824427481,0.04007633587786259,0.029580152671755726,0.035305343511450385,0.04389312977099236,0.05534351145038168,0.03721374045801527,0.022900763358778626,0.03625954198473282,0.042938931297709926,0.04770992366412214,0.03435114503816794,0.05057251908396947,0.029580152671755726,0.03625954198473282,0.03721374045801527,0.02385496183206107,0.025763358778625955,0.05438931297709924,0.019083969465648856,0.039122137404580155,0.03625954198473282,0.05438931297709924,0.02480916030534351,0.02385496183206107,0.026717557251908396,0.019083969465648856,0.030534351145038167,0.03625954198473282,0.026717557251908396,0.03435114503816794,0.02385496183206107
nh0117,1.0,0.5652617267165194,0.522093813732155,0.37491502379333785,0.2851801495581237,0.28619986403806935,0.25424881033310676,0.2654656696125085,0.22127804214819852,0.26478585995921144,0.21108089734874236,0.23147518694765465,0.20972127804214818,0.28008157715839566,0.23691366417403126,0.22705642420122366,0.23317471108089735,0.26410605030591433,0.260707002039429,0.20156356220258329,0.19340584636301836,0.21006118286879674,0.1947654656696125,0.16689326988443237,0.16349422161794697,0.15091774303195105,0.2202583276682529,0.1726716519374575,0.14547926580557444,0.17029231815091775,0.18898708361658736,0.13086335825968728,0.16825288919102652,0.13324269204622705,0.1893269884432359,0.16043507817811012,0.1991842284160435,0.13596193065941536,0.17029231815091775,0.150237933378654,0.13460231135282122,0.14717878993881714,0.11658735554044868,0.17505098572399727,0.1070700203942896,0.14581917063222297,0.08837525492861999,0.11726716519374575,0.09449354180829368,0.1070700203942896,0.14004078857919783,0.1390210740992522,0.10469068660774983,0.10129163834126445,0.10503059143439837,0.08361658735554045,0.06764106050305914,0.10605030591434399,0.1070700203942896,0.11624745071380013,0.1390210740992522,0.09687287559483344,0.11828687967369136,0.12678450033990482,0.09925220938137322,0.12338545207341944,0.11284840244731476,0.11726716519374575,0.08803535010197144,0.07987763426240653,0.10944935418082936,0.150237933378654,0.11488783140720599,0.09619306594153637,0.10503059143439837,0.09619306594153637,0.09007477906186268,0.1380013596193066,0.061182868796736914,0.07681849082256968,0.08157715839564922,0.0778382053025153,0.09109449354180829,0.09993201903467029,0.09789259007477906,0.08565601631543168,0.08327668252889191,0.10876954452753229,0.11522773623385452,0.09313392250169952,0.0690006798096533,0.06934058463630184,0.09041468388851122,0.0866757307953773,0.08463630183548607,0.11828687967369136,0.06458191706322229,0.1053704962610469,0.08361658735554045,0.10197144799456152,0.07036029911624746,0.07205982324949015,0.08429639700883752,0.08123725356900068,0.052345343303874914,0.09347382732834807,0.07579877634262407,0.07138001359619306,0.09143439836845683,0.10571040108769544,0.10842963970088375,0.061182868796736914,0.06764106050305914,0.06458191706322229,0.07749830047586675,0.0866757307953773,0.09245411284840245,0.05302515295717199,0.09415363698164514,0.08293677770224338,0.08123725356900068,0.07443915703602991,0.08021753908905506,0.07036029911624746,0.05268524813052345,0.08429639700883752,0.06832087015635623,0.09653297076818491,0.07205982324949015,0.05914343983684568,0.08225696804894629,0.07002039428959891,0.08157715839564922,0.07613868116927261,0.06458191706322229,0.07002039428959891,0.0805574439157036,0.049966009517335146,0.06968048946295037,0.08531611148878314,0.055064581917063225,0.04452753229095853,0.06696125084976207,0.06458191706322229,0.05302515295717199,0.0778382053025153,0.06866077498300475,0.06764106050305914,0.07239972807613868,0.07239972807613868,0.05472467709041468,0.05472467709041468,0.06424201223657376,0.04384772263766146,0.061862678450033994,0.06356220258327669,0.05302515295717199,0.06356220258327669,0.08599592114208021,0.05302515295717199,0.06084296397008838,0.04894629503738953,0.06560163154316791,0.06560163154316791,0.06492182188987083,0.061182868796736914,0.04486743711760707,0.058803535010197146,0.07545887151597552,0.06526172671651938,0.06356220258327669,0.05030591434398368,0.05302515295717199,0.05982324949014276,0.04826648538409246,0.0424881033310673,0.08565601631543168,0.07205982324949015,0.056084296397008834,0.0424881033310673,0.04860639021074099,0.057443915703602993,0.041128484024473146,0.0469068660774983,0.05914343983684568,0.05846363018354861,0.04316791298436438,0.04894629503738953,0.07545887151597552,0.07070020394289599,0.07341944255608429,0.05472467709041468,0.08089734874235215,0.06968048946295037,0.06152277362338545,0.04486743711760707,0.04282800815771584,0.060503059143439834,0.054384772263766146,0.04656696125084976,0.04894629503738953,0.05540448674371176,0.054384772263766146,0.05030591434398368,0.047926580557443914,0.046227056424201225,0.04860639021074099,0.03942895989123046,0.04588715159755268,0.03433038749150238,0.08021753908905506,0.03467029231815092,0.0469068660774983,0.05982324949014276,0.041128484024473146,0.04384772263766146,0.060503059143439834,0.04146838885112169,0.04520734194425561,0.04384772263766146,0.03195105370496261,0.058123725356900066,0.041128484024473146,0.041808293677770225,0.039089055064581914,0.04724677090414684,0.0601631543167913,0.04078857919782461,0.03942895989123046,0.05404486743711761,0.06526172671651938,0.04962610469068661,0.04758667573079538,0.043507817811012914,0.04894629503738953,0.043507817811012914,0.047926580557443914,0.041128484024473146,0.03263086335825969,0.06832087015635623,0.05030591434398368,0.05030591434398368,0.05710401087695445,0.04010876954452753,0.04044867437117607,0.06356220258327669,0.03942895989123046,0.0557443915703603,0.050645819170632225,0.049286199864038066,0.0010197144799456153,0.04418762746430999,0.04418762746430999,0.04078857919782461,0.04452753229095853,0.05846363018354861,0.07138001359619306,0.056764106050305914,0.039089055064581914,0.04214819850441876,0.056084296397008834,0.04418762746430999,0.05336505778382053,0.05030591434398368,0.061862678450033994,0.049286199864038066,0.037389530931339225,0.04044867437117607,0.05098572399728076,0.04520734194425561,0.03127124405166554,0.037389530931339225,0.05030591434398368,0.06492182188987083,0.041128484024473146,0.04384772263766146,0.04486743711760707,0.047926580557443914,0.02787219578518015,0.03433038749150238,0.04486743711760707,0.03602991162474507,0.04282800815771584,0.03501019714479946,0.04418762746430999,0.030931339225016997,0.03942895989123046,0.03569000679809653,0.036709721278042146,0.03195105370496261,0.03263086335825969,0.026852481305234533,0.037389530931339225,0.03874915023793338,0.032970768184908225,0.039089055064581914,0.036709721278042146,0.03636981645139361,0.04894629503738953,0.049966009517335146
nh0118,1.0,0.5105912930474334,0.5399610136452242,0.3612735542560104,0.35815464587394413,0.3230669265756985,0.33892137751786877,0.24028589993502275,0.26757634827810267,0.38089668615984407,0.28875893437296946,0.305912930474334,0.2673164392462638,0.21650422352176737,0.1838856400259909,0.20909681611435998,0.24574398960363872,0.2244314489928525,0.17543859649122806,0.22560103963612735,0.1903833658219623,0.17413905133203378,0.16881091617933724,0.23716699155295645,0.19714100064977258,0.1603638726445744,0.14892787524366471,0.1621832358674464,0.15412605588044184,0.150227420402859,0.18596491228070175,0.15971410006497727,0.17218973359324236,0.16920077972709552,0.13996101364522417,0.12930474333983105,0.13060428849902533,0.12202729044834308,0.11513970110461338,0.12345679012345678,0.12748538011695906,0.13021442495126706,0.10266406757634827,0.13021442495126706,0.13892137751786873,0.1286549707602339,0.07563352826510722,0.1723196881091618,0.12384665367121507,0.10409356725146199,0.10760233918128655,0.11228070175438597,0.09759584145549058,0.11319038336582196,0.09642625081221573,0.10682261208576999,0.11734892787524366,0.12306692657569851,0.15191682910981158,0.11591942820012996,0.11851851851851852,0.10604288499025341,0.1313840155945419,0.1078622482131254,0.10227420402859,0.08953866146848603,0.11202079272254711,0.09083820662768032,0.13632228719948017,0.09642625081221573,0.1303443794671865,0.08382066276803118,0.08706952566601689,0.09655620532813515,0.08810916179337232,0.09486679662118258,0.08408057179987005,0.08174139051332034,0.12319688109161793,0.11072124756335283,0.09785575048732943,0.08901884340480831,0.09291747888239116,0.10773229369720598,0.09915529564652371,0.14450942170240416,0.1216374269005848,0.09395711500974659,0.09083820662768032,0.07979207277452892,0.0903183885640026,0.09291747888239116,0.09447693307342431,0.12358674463937622,0.10578297595841456,0.08927875243664718,0.08187134502923976,0.09187784275503574,0.12683560753736192,0.10162443144899286,0.06939571150097466,0.09707602339181287,0.07537361923326835,0.09473684210526316,0.0903183885640026,0.057439896036387265,0.08992852501624432,0.09252761533463288,0.08070175438596491,0.08499025341130605,0.05964912280701754,0.09018843404808317,0.13671215074723847,0.0861598440545809,0.09291747888239116,0.07043534762833008,0.07641325536062378,0.04327485380116959,0.08083170890188435,0.07537361923326835,0.07108512020792722,0.07732293697205977,0.0691358024691358,0.06939571150097466,0.07992202729044834,0.07498375568551006,0.0792722547108512,0.07758284600389864,0.06575698505523067,0.1037037037037037,0.09811565951916829,0.09512670565302145,0.0810916179337232,0.07758284600389864,0.07225471085120208,0.07589343729694607,0.06627680311890838,0.06211825860948668,0.05588044184535412,0.06848602988953865,0.09161793372319688,0.06796621182586095,0.10760233918128655,0.0852501624431449,0.07043534762833008,0.07355425601039636,0.0861598440545809,0.11280051981806367,0.07589343729694607,0.04899285250162443,0.07745289148797921,0.0714749837556855,0.07537361923326835,0.08278102664067577,0.05834957764782326,0.06042884990253411,0.06588693957115009,0.0894087069525666,0.0640675763482781,0.07849252761533464,0.07173489278752436,0.0667966211825861,0.08096166341780377,0.07485380116959064,0.0539311241065627,0.07121507472384665,0.07017543859649122,0.0691358024691358,0.08992852501624432,0.07329434697855751,0.05860948667966212,0.04665367121507472,0.05795971410006498,0.05756985055230669,0.06588693957115009,0.05730994152046784,0.05211176088369071,0.06172839506172839,0.07368421052631578,0.07225471085120208,0.03924626380766732,0.08161143599740091,0.08213125406107863,0.07368421052631578,0.07082521117608837,0.08888888888888889,0.05769980506822612,0.07433398310591292,0.04093567251461988,0.06133853151397011,0.06146848602988954,0.0539311241065627,0.07862248213125406,0.06575698505523067,0.04340480831708902,0.04938271604938271,0.050682261208576995,0.05705003248862898,0.04223521767381416,0.06419753086419754,0.04197530864197531,0.05847953216374269,0.04704353476283301,0.0447043534762833,0.047303443794671864,0.061208576998050684,0.04015594541910331,0.06757634827810266,0.04600389863547758,0.03404808317089019,0.056140350877192984,0.06042884990253411,0.05341130604288499,0.05549057829759584,0.06445743989603639,0.04028589993502274,0.05198180636777128,0.06211825860948668,0.0566601689408707,0.046523716699155296,0.057439896036387265,0.04496426250812216,0.04808317089018843,0.04431448992852502,0.06549707602339182,0.04639376218323587,0.03716699155295646,0.06198830409356725,0.05705003248862898,0.05341130604288499,0.04132553606237817,0.03508771929824561,0.04743339831059129,0.048602988953866146,0.04483430799220273,0.07862248213125406,0.06263807667316439,0.050292397660818715,0.05328135152696556,0.032618583495776475,0.04275503573749188,0.04990253411306043,0.03469785575048733,0.03742690058479532,0.037946718648473036,0.03781676413255361,0.05549057829759584,0.04509421702404159,0.058869395711500974,0.07134502923976609,0.0035087719298245615,0.04535412605588044,0.041455490578297595,0.04457439896036387,0.04717348927875244,0.05341130604288499,0.03170890188434048,0.042105263157894736,0.05601039636127356,0.047953216374269005,0.049772579597141,0.0447043534762833,0.057439896036387265,0.0447043534762833,0.06250812215724497,0.048213125406107865,0.04366471734892788,0.050942170240415856,0.04990253411306043,0.03781676413255361,0.050682261208576995,0.048602988953866146,0.05250162443144899,0.042105263157894736,0.05549057829759584,0.03989603638726446,0.041065627030539315,0.06744639376218324,0.04938271604938271,0.04717348927875244,0.04496426250812216,0.04457439896036387,0.048602988953866146,0.048862897985705006,0.05107212475633528,0.08602988953866147,0.06263807667316439,0.043794671864847305,0.043534762833008445,0.06198830409356725,0.036647173489278755,0.05380116959064327,0.04496426250812216,0.05120207927225471,0.042105263157894736,0.04015594541910331,0.03690708252111761,0.04691358024691358,0.04197530864197531,0.0447043534762833
nh0119,1.0,0.3663115169964485,0.35667174023338405,0.33079654997463215,0.3510908168442415,0.24708269913749364,0.2947742262810756,0.23845763571790968,0.22323693556570268,0.2404870624048706,0.3135464231354642,0.21055301877219684,0.20345002536783358,0.1643835616438356,0.2115677321156773,0.16083206494165397,0.1506849315068493,0.15119228817858954,0.1278538812785388,0.1780821917808219,0.2749873160832065,0.11009639776763064,0.1856925418569254,0.13444951801116184,0.1461187214611872,0.11009639776763064,0.1156773211567732,0.08269913749365804,0.15271435819381024,0.12430238457635717,0.23033992897006594,0.13800101471334347,0.15119228817858954,0.15575849822425164,0.0989345509893455,0.07661085743277524,0.0593607305936073,0.12227295788939624,0.07508878741755454,0.10147133434804667,0.0669710806697108,0.1126331811263318,0.10705225773718924,0.1050228310502283,0.14104515474378487,0.2070015220700152,0.0639269406392694,0.13597158802638254,0.14104515474378487,0.09842719431760527,0.1430745814307458,0.09791983764586504,0.09538305428716387,0.11364789446981227,0.055301877219685436,0.0487062404870624,0.1095890410958904,0.09030948756976154,0.09791983764586504,0.0715372907153729,0.11669203450025367,0.2298325722983257,0.10248604769152714,0.0837138508371385,0.07255200405885337,0.0593607305936073,0.09386098427194317,0.0730593607305936,0.12734652460679857,0.06494165398274987,0.07813292744799594,0.07052257737189244,0.052257737189244036,0.07559614408929477,0.0684931506849315,0.052257737189244036,0.07965499746321664,0.10908168442415017,0.10553018772196854,0.08422120750887874,0.07864028411973617,0.0806697108066971,0.06900050735667174,0.0669710806697108,0.10147133434804667,0.09994926433282597,0.07204464738711314,0.07102993404363267,0.09183155758498224,0.05733130390664637,0.0745814307458143,0.11060375443937087,0.08168442415017757,0.0776255707762557,0.09233891425672247,0.055301877219685436,0.0852359208523592,0.059868087265347536,0.0532724505327245,0.056823947234906136,0.07255200405885337,0.0776255707762557,0.0547945205479452,0.06900050735667174,0.12582445459157787,0.061390157280568236,0.0837138508371385,0.06291222729578894,0.11009639776763064,0.07661085743277524,0.037037037037037035,0.05428716387620497,0.09030948756976154,0.06900050735667174,0.0974124809741248,0.055301877219685436,0.05124302384576357,0.0487062404870624,0.0715372907153729,0.07965499746321664,0.05580923389142567,0.04819888381532217,0.06950786402841197,0.05428716387620497,0.0563165905631659,0.0532724505327245,0.0471841704718417,0.03906646372399797,0.030948756976154235,0.060882800608828,0.06747843734145104,0.07356671740233384,0.07407407407407407,0.07356671740233384,0.0669710806697108,0.0806697108066971,0.06494165398274987,0.0563165905631659,0.046169457128361235,0.0547945205479452,0.07052257737189244,0.0380517503805175,0.08269913749365804,0.08117706747843734,0.07255200405885337,0.076103500761035,0.0487062404870624,0.052257737189244036,0.05580923389142567,0.07052257737189244,0.03906646372399797,0.0471841704718417,0.0471841704718417,0.03450025367833587,0.053779807204464736,0.043125317097919835,0.047691527143581935,0.0532724505327245,0.0410958904109589,0.07711821410451547,0.06950786402841197,0.0410958904109589,0.0471841704718417,0.08472856418061897,0.0426179604261796,0.0258751902587519,0.04211060375443937,0.05124302384576357,0.04667681380010147,0.0365296803652968,0.05428716387620497,0.0593607305936073,0.06443429731100964,0.0410958904109589,0.041603247082699135,0.06494165398274987,0.040081177067478435,0.024860476915271434,0.0578386605783866,0.0471841704718417,0.044647387113140535,0.0669710806697108,0.05276509386098427,0.025367833587011668,0.045662100456621,0.0365296803652968,0.028411973617453068,0.045662100456621,0.011161846778285134,0.041603247082699135,0.0365296803652968,0.08929477422628107,0.037037037037037035,0.045662100456621,0.04058853373921867,0.027904616945712835,0.037037037037037035,0.056823947234906136,0.06037544393708777,0.050735667174023336,0.04667681380010147,0.07204464738711314,0.0319634703196347,0.0365296803652968,0.04515474378488077,0.04667681380010147,0.021816336884830034,0.0487062404870624,0.0395738203957382,0.0547945205479452,0.0228310502283105,0.04819888381532217,0.0563165905631659,0.03450025367833587,0.029426686960933535,0.038559107052257735,0.043125317097919835,0.025367833587011668,0.026382546930492135,0.0487062404870624,0.020294266869609334,0.0380517503805175,0.030948756976154235,0.03297818366311517,0.033992897006595635,0.03145611364789447,0.021816336884830034,0.03906646372399797,0.0273972602739726,0.053779807204464736,0.030441400304414,0.0365296803652968,0.03906646372399797,0.024860476915271434,0.053779807204464736,0.026889903602232368,0.05124302384576357,0.047691527143581935,0.03145611364789447,0.0228310502283105,0.0167427701674277,0.038559107052257735,0.03145611364789447,0.07052257737189244,0.050735667174023336,0.03297818366311517,0.030948756976154235,0.018772196854388634,0.0228310502283105,0.035514967021816335,0.016235413495687467,0.027904616945712835,0.022323693556570268,0.026382546930492135,0.0243531202435312,0.038559107052257735,0.0441400304414003,0.030441400304414,0.0350076103500761,0.0441400304414003,0.015728056823947234,0.05276509386098427,0.016235413495687467,0.044647387113140535,0.03145611364789447,0.038559107052257735,0.032470826991374935,0.040081177067478435,0.0167427701674277,0.0136986301369863,0.06341958396752917,0.03602232369355657,0.024860476915271434,0.0380517503805175,0.061390157280568236,0.041603247082699135,0.0350076103500761,0.05885337392186707,0.0426179604261796,0.0289193302891933,0.020801623541349568,0.0319634703196347,0.0745814307458143,0.058346017250126836,0.03602232369355657,0.026382546930492135,0.024860476915271434,0.0471841704718417,0.05885337392186707,0.030441400304414,0.045662100456621,0.046169457128361235,0.04819888381532217,0.03145611364789447,0.023845763571790968,0.025367833587011668,0.0228310502283105,0.04667681380010147,0.0654490106544901,0.026382546930492135
nh0120,1.0,0.6156621806124439,0.583772186463819,0.4881997269358299,0.3323581041544763,0.344938560561732,0.3019309537741369,0.3299200312073337,0.2761849034523113,0.24575775307197192,0.28018334308562515,0.23980885508094402,0.28954554320265263,0.26272674078408426,0.24712307392237176,0.21630583187048957,0.21845133606397504,0.3050516871464794,0.24361224887848645,0.2114296859762044,0.23229959040374487,0.2780378388921397,0.31519407060659255,0.1930953774136922,0.19455822118197777,0.17983226058123658,0.18295299395357909,0.148819972693583,0.16315584162278135,0.1771016188804369,0.13224107665301346,0.1645211624731812,0.15057538521552566,0.17797932514140824,0.14374878096352642,0.14345621220986932,0.14550419348546909,0.15759703530329627,0.14794226643261166,0.17622391261946557,0.12570704115467135,0.14131070801638385,0.12648722449775698,0.12658474741564268,0.13175346206358493,0.06699824458747805,0.10649502633118783,0.13779988297249854,0.1554515311098108,0.10678759508484494,0.06894870294519212,0.12463428905792862,0.139945387165984,0.1305831870489565,0.15467134776672517,0.13731226838307004,0.1054222742344451,0.12073337234250049,0.1303881412131851,0.12229373902867174,0.11624731811975815,0.11634484103764385,0.10688511800273064,0.1148819972693583,0.11644236395552955,0.10191144919055978,0.09566998244587478,0.14111566218061244,0.1270723620050712,0.11858786814901502,0.13516676418958457,0.09586502828164618,0.10629998049541642,0.11117612638970158,0.12297639945387166,0.12248878486444315,0.11653988687341525,0.0372537546323386,0.09586502828164618,0.10629998049541642,0.10629998049541642,0.11088355763604447,0.11585722644821533,0.11361419933684416,0.10844548468890189,0.13146089330992783,0.114979520187244,0.09225668031987518,0.08913594694753267,0.10191144919055978,0.10093622001170276,0.1268773161692998,0.08825824068656134,0.10922566803198752,0.13848254339769847,0.08757558026136142,0.09089135946947532,0.10786034718158767,0.15291593524478253,0.09157401989467524,0.0965476887068461,0.09196411156621806,0.08065145309147649,0.08757558026136142,0.12843768285547102,0.11995318899941486,0.06738833625902087,0.07177686756387751,0.1023015408621026,0.09898576165398869,0.08630778232884728,0.11020089721084454,0.06602301540862103,0.08543007606787595,0.09147649697678954,0.08767310317924712,0.08503998439633313,0.03540081919251024,0.07353228008582016,0.08152915935244782,0.07918860932319095,0.08221181977764774,0.08601521357519017,0.07401989467524868,0.07616539886873415,0.08065145309147649,0.07050906963136337,0.060756777842793055,0.08250438853130486,0.11332163058318705,0.08747805734347572,0.08289448020284768,0.07733567388336259,0.0901111761263897,0.0745075092646772,0.07480007801833431,0.07938365515896235,0.09547493661010338,0.07519016968987711,0.07372732592159158,0.07226448215330603,0.06182952993953579,0.08191925102399064,0.07538521552564853,0.10629998049541642,0.07548273844353423,0.06436512580456408,0.0685586112736493,0.09089135946947532,0.06992393212404915,0.08894090111176127,0.08533255314999025,0.06319485078993564,0.0807489760093622,0.07723815096547688,0.0809440218451336,0.07499512385410571,0.07675053637604837,0.07021650087770626,0.08104154476301931,0.06885118002730642,0.0682660425199922,0.0683635654378779,0.07362980300370588,0.06163448410376438,0.05978154866393603,0.07167934464599181,0.07928613224107665,0.060951823678564464,0.06046420908913595,0.06690072166959235,0.058611273649307585,0.07353228008582016,0.05314999024770821,0.05519797152330798,0.07714062804759118,0.056465769455822115,0.08162668227033353,0.06251219036473571,0.06163448410376438,0.07158182172810611,0.0622196216110786,0.07996879266627657,0.06358494246147844,0.06241466744685001,0.05714842988102204,0.07577530719719135,0.10522722839867368,0.08016383850204799,0.0621220986931929,0.06163448410376438,0.04759118392822313,0.051394577725765556,0.06875365710942072,0.06699824458747805,0.07548273844353423,0.06173200702165009,0.054125219426565244,0.047103569338794615,0.05373512775502243,0.054125219426565244,0.08172420518821923,0.04905402769650868,0.058123659059879075,0.058221181977764776,0.0835771406280476,0.07977374683050517,0.05344255900136532,0.05305246732982251,0.049541642285937194,0.12882777452701386,0.07597035303296275,0.0526623756582797,0.06417007996879266,0.04154476301930954,0.0464209089135947,0.053930173590793835,0.04778622976399454,0.051784669397308365,0.04759118392822313,0.05529549444119368,0.04798127559976594,0.07206943631753462,0.047298615174566024,0.05724595279890774,0.05685586112736493,0.056465769455822115,0.042032377608738056,0.040276965086795395,0.06231714452896431,0.04291008386970938,0.04144724010142384,0.04164228593719524,0.0621220986931929,0.04193485469085235,0.0435927442949093,0.05080944021845134,0.056270723620050714,0.04564072557050907,0.042422469280280865,0.054222742344450944,0.06192705285742149,0.05490540276965087,0.04720109225668032,0.03384045250633899,0.058318704895650476,0.046811000585137506,0.05792861322410767,0.044665496391652036,0.09079383655158962,0.000682660425199922,0.03686366296079579,0.04583577140628048,0.04720109225668032,0.06299980495416423,0.04544567973473766,0.06368246537936414,0.04778622976399454,0.04993173395748001,0.056173200702165006,0.04612834015993759,0.060366686171250246,0.03705870879656719,0.046811000585137506,0.05110200897210845,0.03871659840062415,0.04876145894285157,0.0433976984591379,0.033352837916910474,0.040081919251023994,0.06738833625902087,0.05227228398673688,0.0526623756582797,0.061049346596450164,0.05539301735907939,0.05519797152330798,0.051687146479422665,0.042032377608738056,0.0433976984591379,0.044958065145309145,0.040081919251023994,0.040081919251023994,0.044470450555880635,0.0434952213770236,0.0466159547493661,0.056270723620050714,0.03696118587868149,0.03822898381119563,0.056368246537936414,0.05997659449970743,0.048956504778622977,0.04388531304856641,0.04515311098108055,0.04554320265262337,0.05032182562902282,0.04105714842988102,0.0433976984591379,0.03930173590793837,0.05071191730056563,0.05256485274039399
nh0121,1.0,0.4137371552190373,0.4597079502433748,0.2466197944835046,0.4640346133044889,0.251487290427258,0.3591130340724716,0.3153055705786912,0.23309897241752298,0.3120605732828556,0.28393726338561387,0.2239048134126555,0.21795565170362358,0.1990265008112493,0.23634396971335858,0.23796646836127636,0.2525689561925365,0.20281233098972418,0.20227149810708492,0.16982152514872903,0.1644131963223364,0.18820984315846404,0.14223904813412655,0.20173066522444566,0.1400757166035695,0.1763115197404002,0.11681990265008113,0.1233098972417523,0.10816657652785289,0.1157382368848026,0.14981070849107625,0.18929150892374255,0.12709572742022715,0.1687398593834505,0.11790156841535965,0.11952406706327745,0.13034072471606273,0.11844240129799892,0.11195240670632775,0.0881557598702001,0.09031909140075717,0.10275824770146025,0.11952406706327745,0.1341265548945376,0.1065440778799351,0.09734991887506761,0.11249323958896701,0.12979989183342347,0.14494321254732287,0.12493239588967009,0.10870740941049216,0.07950243374797188,0.09734991887506761,0.10870740941049216,0.11141157382368848,0.10005408328826393,0.1265548945375879,0.21200648999459168,0.11303407247160627,0.10005408328826393,0.11790156841535965,0.07733910221741482,0.11952406706327745,0.08491076257436452,0.1433207138994051,0.09789075175770687,0.1460248783126014,0.06273661438615467,0.1352082206598161,0.08599242833964305,0.058409951325040566,0.06057328285559762,0.08491076257436452,0.09031909140075717,0.07733910221741482,0.06165494862087615,0.08328826392644673,0.10708491076257437,0.06814494321254733,0.11249323958896701,0.0670632774472688,0.08923742563547864,0.11627906976744186,0.0670632774472688,0.09194159004867496,0.16170903190914007,0.10221741481882099,0.0670632774472688,0.08923742563547864,0.09410492157923202,0.08166576527852894,0.1032990805840995,0.08599242833964305,0.07950243374797188,0.083829096809086,0.06435911303407248,0.07733910221741482,0.10167658193618172,0.0638182801514332,0.09031909140075717,0.08112493239588967,0.11249323958896701,0.06489994591671173,0.07679826933477556,0.1032990805840995,0.0713899405083829,0.08491076257436452,0.0805840995132504,0.05083829096809086,0.08869659275283938,0.06327744726879395,0.0713899405083829,0.07571660356949703,0.0670632774472688,0.06165494862087615,0.0805840995132504,0.0578691184424013,0.08869659275283938,0.06922660897782586,0.08653326122228232,0.06273661438615467,0.052460789616008655,0.07355327203893997,0.03839913466738778,0.06057328285559762,0.04434829637641969,0.05949161709031909,0.058950784207679824,0.09734991887506761,0.08869659275283938,0.055164954029204974,0.06544077879935101,0.05949161709031909,0.08923742563547864,0.08869659275283938,0.04326663061114116,0.0822065981611682,0.04542996214169821,0.06273661438615467,0.0881557598702001,0.06544077879935101,0.046511627906976744,0.06760411032990805,0.07571660356949703,0.06814494321254733,0.06489994591671173,0.10546241211465657,0.05570578691184424,0.09302325581395349,0.052460789616008655,0.06760411032990805,0.03731746890210925,0.07247160627366143,0.05949161709031909,0.0411032990805841,0.043807463493780424,0.08112493239588967,0.0822065981611682,0.051379123850730124,0.06273661438615467,0.05300162249864792,0.03731746890210925,0.08599242833964305,0.04921579232017307,0.06273661438615467,0.04434829637641969,0.06057328285559762,0.05300162249864792,0.07247160627366143,0.10221741481882099,0.04488912925905895,0.029204975662520283,0.04488912925905895,0.0881557598702001,0.035154137371552194,0.0730124391563007,0.023255813953488372,0.04705246078961601,0.06273661438615467,0.06435911303407248,0.048674959437533805,0.06922660897782586,0.06814494321254733,0.06327744726879395,0.03948080043266631,0.09626825310978908,0.05678745267712277,0.051379123850730124,0.03731746890210925,0.047593293672255274,0.04434829637641969,0.04056246619794483,0.048674959437533805,0.04488912925905895,0.03407247160627366,0.05570578691184424,0.05949161709031909,0.052460789616008655,0.052460789616008655,0.058950784207679824,0.04542996214169821,0.058409951325040566,0.04975662520281233,0.03136830719307734,0.0670632774472688,0.052460789616008655,0.047593293672255274,0.04434829637641969,0.027582477014602487,0.04056246619794483,0.016224986479177934,0.05408328826392644,0.057328285559762035,0.04218496484586263,0.05570578691184424,0.04975662520281233,0.03785830178474851,0.06760411032990805,0.0638182801514332,0.038939967550027044,0.035154137371552194,0.060032449972958354,0.042725797728501894,0.05029745808545159,0.06327744726879395,0.06057328285559762,0.03785830178474851,0.03136830719307734,0.051379123850730124,0.052460789616008655,0.029745808545159545,0.03785830178474851,0.07409410492157924,0.06544077879935101,0.055164954029204974,0.07084910762574365,0.060032449972958354,0.04597079502433748,0.07409410492157924,0.03244997295835587,0.0411032990805841,0.03677663601946998,0.03136830719307734,0.04597079502433748,0.04164413196322336,0.03569497025419145,0.048674959437533805,0.04597079502433748,0.08653326122228232,0.0319091400757166,0.03948080043266631,0.062195781503515415,0.046511627906976744,0.029204975662520283,0.05570578691184424,0.06598161168199027,0.0319091400757166,0.03028664142779881,0.027582477014602487,0.03731746890210925,0.024337479718766902,0.05949161709031909,0.03299080584099513,0.03948080043266631,0.028664142779881017,0.04326663061114116,0.03299080584099513,0.047593293672255274,0.035154137371552194,0.048674959437533805,0.05083829096809086,0.04597079502433748,0.04488912925905895,0.053542455381287185,0.03569497025419145,0.03623580313683072,0.025959978366684695,0.04218496484586263,0.035154137371552194,0.03623580313683072,0.028123309897241752,0.051379123850730124,0.05029745808545159,0.05678745267712277,0.042725797728501894,0.04488912925905895,0.04056246619794483,0.029204975662520283,0.03948080043266631,0.03461330448891293,0.03028664142779881,0.04597079502433748,0.042725797728501894,0.04164413196322336,0.02650081124932396,0.022714981070849107,0.05029745808545159,0.03028664142779881,0.05678745267712277,0.025959978366684695
nh0122,1.0,0.5555555555555556,0.5407407407407407,0.45650793650793653,0.4222222222222222,0.3528042328042328,0.3197883597883598,0.34814814814814815,0.28973544973544973,0.3396825396825397,0.27576719576719577,0.27005291005291004,0.2414814814814815,0.2577777777777778,0.25947089947089946,0.2518518518518518,0.2656084656084656,0.2958730158730159,0.26645502645502644,0.22306878306878306,0.23343915343915345,0.20846560846560847,0.2383068783068783,0.17735449735449735,0.19830687830687832,0.2055026455026455,0.17714285714285713,0.17587301587301588,0.20507936507936508,0.1619047619047619,0.16783068783068783,0.1580952380952381,0.16973544973544974,0.19407407407407407,0.21756613756613757,0.14455026455026454,0.13227513227513227,0.1583068783068783,0.13396825396825396,0.1674074074074074,0.1183068783068783,0.19724867724867726,0.12486772486772486,0.14497354497354498,0.17989417989417988,0.12973544973544973,0.09777777777777778,0.1439153439153439,0.15407407407407409,0.11238095238095239,0.14455026455026454,0.15322751322751324,0.12634920634920635,0.13396825396825396,0.16423280423280423,0.10772486772486772,0.08613756613756614,0.11195767195767196,0.10751322751322752,0.13037037037037036,0.15915343915343916,0.13058201058201058,0.14687830687830689,0.17312169312169312,0.09968253968253968,0.09523809523809523,0.09714285714285714,0.12804232804232804,0.08486772486772487,0.13037037037037036,0.11238095238095239,0.1908994708994709,0.10455026455026455,0.11703703703703704,0.10476190476190476,0.09904761904761905,0.09883597883597883,0.14179894179894179,0.12338624338624339,0.09481481481481481,0.10920634920634921,0.10264550264550265,0.09714285714285714,0.11005291005291006,0.10560846560846561,0.10455026455026455,0.08761904761904762,0.11555555555555555,0.0982010582010582,0.08402116402116402,0.07661375661375662,0.10666666666666667,0.09206349206349207,0.07809523809523809,0.0998941798941799,0.07746031746031747,0.06962962962962962,0.0998941798941799,0.0962962962962963,0.1219047619047619,0.10095238095238095,0.07470899470899471,0.09375661375661376,0.11386243386243386,0.0871957671957672,0.08994708994708994,0.08931216931216931,0.09291005291005291,0.0637037037037037,0.09777777777777778,0.09142857142857143,0.06878306878306878,0.10920634920634921,0.10455026455026455,0.0855026455026455,0.07788359788359789,0.09481481481481481,0.030687830687830688,0.07534391534391534,0.08931216931216931,0.08105820105820105,0.06878306878306878,0.06349206349206349,0.08232804232804233,0.06666666666666667,0.142010582010582,0.08063492063492063,0.08783068783068783,0.07576719576719576,0.06052910052910053,0.06984126984126984,0.08042328042328042,0.10793650793650794,0.08994708994708994,0.08973544973544974,0.09206349206349207,0.08169312169312169,0.052486772486772484,0.08634920634920636,0.07047619047619047,0.10645502645502646,0.05925925925925926,0.09904761904761905,0.061375661375661375,0.06666666666666667,0.06984126984126984,0.07873015873015873,0.06687830687830688,0.07682539682539682,0.08105820105820105,0.08042328042328042,0.06412698412698413,0.0692063492063492,0.07978835978835978,0.06687830687830688,0.06285714285714286,0.05544973544973545,0.06941798941798942,0.07957671957671958,0.06031746031746032,0.06772486772486773,0.04275132275132275,0.07661375661375662,0.08613756613756614,0.05650793650793651,0.08317460317460318,0.07513227513227513,0.04507936507936508,0.08613756613756614,0.10433862433862434,0.07809523809523809,0.0764021164021164,0.05544973544973545,0.054603174603174605,0.10941798941798941,0.05227513227513227,0.06857142857142857,0.08190476190476191,0.04825396825396826,0.057777777777777775,0.061375661375661375,0.07047619047619047,0.05396825396825397,0.05566137566137566,0.07492063492063492,0.10116402116402116,0.08465608465608465,0.0582010582010582,0.07534391534391534,0.06264550264550264,0.06666666666666667,0.05502645502645503,0.057566137566137564,0.08105820105820105,0.07449735449735449,0.05164021164021164,0.05671957671957672,0.06285714285714286,0.07746031746031747,0.05227513227513227,0.05164021164021164,0.061375661375661375,0.054814814814814816,0.07111111111111111,0.05354497354497355,0.05523809523809524,0.06328042328042328,0.05671957671957672,0.056296296296296296,0.05947089947089947,0.10603174603174603,0.05354497354497355,0.04105820105820106,0.07026455026455027,0.04253968253968254,0.05058201058201058,0.07089947089947089,0.04973544973544974,0.04296296296296296,0.05544973544973545,0.054391534391534394,0.05375661375661376,0.03746031746031746,0.052698412698412696,0.06285714285714286,0.05354497354497355,0.06031746031746032,0.04634920634920635,0.049523809523809526,0.05375661375661376,0.04698412698412698,0.037037037037037035,0.035555555555555556,0.04105820105820106,0.05015873015873016,0.0617989417989418,0.045714285714285714,0.04804232804232804,0.04867724867724868,0.05142857142857143,0.0328042328042328,0.0617989417989418,0.04169312169312169,0.06603174603174604,0.06645502645502646,0.042328042328042326,0.06010582010582011,0.04973544973544974,0.08888888888888889,0.027724867724867725,0.0010582010582010583,0.03428571428571429,0.0419047619047619,0.0455026455026455,0.05566137566137566,0.03576719576719577,0.05375661375661376,0.05566137566137566,0.026243386243386242,0.03936507936507937,0.06476190476190476,0.0582010582010582,0.07153439153439153,0.040423280423280424,0.06349206349206349,0.05312169312169312,0.05015873015873016,0.05185185185185185,0.049523809523809526,0.0364021164021164,0.056296296296296296,0.035555555555555556,0.05375661375661376,0.04698412698412698,0.04380952380952381,0.06010582010582011,0.051216931216931216,0.05947089947089947,0.040423280423280424,0.05142857142857143,0.037248677248677246,0.04783068783068783,0.04105820105820106,0.047619047619047616,0.07767195767195767,0.047195767195767194,0.04465608465608466,0.056084656084656084,0.04,0.036825396825396824,0.0435978835978836,0.035555555555555556,0.040423280423280424,0.057566137566137564,0.06645502645502646,0.040423280423280424,0.05417989417989418,0.05417989417989418,0.037037037037037035,0.07957671957671958
nh0123,1.0,0.7108486439195101,0.6342957130358705,0.37970253718285213,0.39326334208223973,0.33902012248468943,0.400262467191601,0.2987751531058618,0.28258967629046366,0.28171478565179353,0.35870516185476814,0.3031496062992126,0.3188976377952756,0.3333333333333333,0.2410323709536308,0.2458442694663167,0.26246719160104987,0.21959755030621173,0.2283464566929134,0.29308836395450566,0.29177602799650043,0.23053368328958881,0.321084864391951,0.23184601924759404,0.22528433945756782,0.18022747156605423,0.19072615923009623,0.2020997375328084,0.21478565179352582,0.24671916010498687,0.2174103237095363,0.11854768153980752,0.17979002624671916,0.18766404199475065,0.17804024496937884,0.17410323709536307,0.1452318460192476,0.15266841644794402,0.1784776902887139,0.18460192475940507,0.16491688538932633,0.16972878390201224,0.15441819772528434,0.16185476815398075,0.1447944006999125,0.15354330708661418,0.09755030621172353,0.1342957130358705,0.13692038495188102,0.18591426071741032,0.1557305336832896,0.16535433070866143,0.11461067366579178,0.15879265091863518,0.10061242344706911,0.16404199475065617,0.06955380577427822,0.11811023622047244,0.11723534558180228,0.12248468941382328,0.13035870516185477,0.17454068241469817,0.1714785651793526,0.11767279090113736,0.1268591426071741,0.11242344706911636,0.12073490813648294,0.1347331583552056,0.15091863517060367,0.16535433070866143,0.11286089238845144,0.12467191601049869,0.1321084864391951,0.1036745406824147,0.14916885389326334,0.1447944006999125,0.10279965004374453,0.13517060367454067,0.11067366579177602,0.10148731408573929,0.1167979002624672,0.12904636920384951,0.15748031496062992,0.09711286089238845,0.08967629046369203,0.10411198600174978,0.13035870516185477,0.08661417322834646,0.09536307961504811,0.14566929133858267,0.15266841644794402,0.12292213473315836,0.07961504811898512,0.10498687664041995,0.06824146981627296,0.08180227471566054,0.09448818897637795,0.07917760279965004,0.1089238845144357,0.12554680664916884,0.08136482939632546,0.08617672790901137,0.08880139982502187,0.15966754155730534,0.12335958005249344,0.08792650918635171,0.11198600174978128,0.10061242344706911,0.10279965004374453,0.12904636920384951,0.06911636045494313,0.08092738407699038,0.0778652668416448,0.09798775153105861,0.1216097987751531,0.10323709536307961,0.1294838145231846,0.050306211723534555,0.12510936132983377,0.09361329833770779,0.09361329833770779,0.13604549431321084,0.08661417322834646,0.10061242344706911,0.09011373578302712,0.09405074365704287,0.08136482939632546,0.07392825896762904,0.07349081364829396,0.09361329833770779,0.08092738407699038,0.09011373578302712,0.10279965004374453,0.07086614173228346,0.06124234470691164,0.10017497812773403,0.07874015748031496,0.0699912510936133,0.05818022747156605,0.09798775153105861,0.09405074365704287,0.08398950131233596,0.09098862642169729,0.06517935258092739,0.07086614173228346,0.07392825896762904,0.1111111111111111,0.07742782152230972,0.07480314960629922,0.0831146106736658,0.09098862642169729,0.07042869641294838,0.08442694663167104,0.08136482939632546,0.09142607174103237,0.07436570428696412,0.07742782152230972,0.08180227471566054,0.06124234470691164,0.1141732283464567,0.09230096237970253,0.08136482939632546,0.05555555555555555,0.09580052493438321,0.09186351706036745,0.07042869641294838,0.08005249343832022,0.10761154855643044,0.09142607174103237,0.05643044619422572,0.07742782152230972,0.06867891513560805,0.12598425196850394,0.06780402449693788,0.08355205599300088,0.07174103237095363,0.07042869641294838,0.06386701662292213,0.07611548556430446,0.07742782152230972,0.06867891513560805,0.09273840769903761,0.07042869641294838,0.06167979002624672,0.08398950131233596,0.05468066491688539,0.048118985126859144,0.07436570428696412,0.051181102362204724,0.049868766404199474,0.08005249343832022,0.0673665791776028,0.05643044619422572,0.05643044619422572,0.049868766404199474,0.07655293088363954,0.07961504811898512,0.07217847769028872,0.07086614173228346,0.06911636045494313,0.06911636045494313,0.07655293088363954,0.05555555555555555,0.08092738407699038,0.048556430446194225,0.049431321084864394,0.08398950131233596,0.08923884514435695,0.07086614173228346,0.05555555555555555,0.03718285214348206,0.05774278215223097,0.05993000874890639,0.06299212598425197,0.0804899387576553,0.0752405949256343,0.07436570428696412,0.06299212598425197,0.06867891513560805,0.05643044619422572,0.05336832895888014,0.04199475065616798,0.0568678915135608,0.07130358705161854,0.0699912510936133,0.05905511811023622,0.03237095363079615,0.0699912510936133,0.09273840769903761,0.05336832895888014,0.048118985126859144,0.06080489938757655,0.07567804024496938,0.05249343832020997,0.06824146981627296,0.06824146981627296,0.06255468066491689,0.05468066491688539,0.05730533683289589,0.05468066491688539,0.05818022747156605,0.06561679790026247,0.07567804024496938,0.06911636045494313,0.06649168853893263,0.051618547681539804,0.05774278215223097,0.05905511811023622,0.03718285214348206,0.0621172353455818,0.0008748906386701663,0.08705161854768154,0.0594925634295713,0.048993875765529306,0.03805774278215223,0.045494313210848646,0.06561679790026247,0.047244094488188976,0.06342957130358705,0.05336832895888014,0.045931758530183726,0.03543307086614173,0.05468066491688539,0.06342957130358705,0.0673665791776028,0.050306211723534555,0.05380577427821522,0.051181102362204724,0.049868766404199474,0.048556430446194225,0.06561679790026247,0.04111986001749781,0.06167979002624672,0.05993000874890639,0.0726159230096238,0.05730533683289589,0.045931758530183726,0.06036745406824147,0.0568678915135608,0.05380577427821522,0.0594925634295713,0.045494313210848646,0.06824146981627296,0.05249343832020997,0.047244094488188976,0.049431321084864394,0.06342957130358705,0.03849518810148731,0.0621172353455818,0.0621172353455818,0.0699912510936133,0.020122484689413824,0.04374453193350831,0.06824146981627296,0.051618547681539804,0.04505686789151356,0.04330708661417323,0.04024496937882765,0.05074365704286964,0.047244094488188976
nh0124,1.0,0.6308648954211419,0.49208592425098924,0.3312605992085924,0.22781232334652346,0.30327868852459017,0.27840587902769925,0.33267382702091575,0.2526851328434144,0.25127190503109104,0.19813453928773317,0.2255511588468061,0.248728094968909,0.25494629734313173,0.22894290559638214,0.21678914641040137,0.21509327303561335,0.179479932165065,0.2088750706613906,0.27671000565291126,0.18908988128886375,0.25918598078010174,0.1215375918598078,0.1823063877897117,0.2173544375353307,0.18202374222724704,0.16365178066704353,0.2071791972866026,0.11390616167326173,0.20407009609949123,0.20407009609949123,0.1215375918598078,0.19672131147540983,0.14019219898247598,0.1684567552289429,0.17100056529112492,0.18117580553985302,0.1520633126059921,0.15630299604296213,0.11560203504804975,0.14019219898247598,0.11729790842283776,0.14754098360655737,0.17806670435274166,0.11503674392312041,0.15856416054267947,0.071791972866026,0.11249293386093838,0.09327303561334087,0.11927642736009045,0.1483889202939514,0.08818541548897682,0.10740531373657433,0.10938383267382702,0.09129451667608819,0.09779536461277558,0.07998869417750142,0.14160542679479932,0.11560203504804975,0.1399095534200113,0.10486150367439231,0.09412097230073488,0.11560203504804975,0.1263425664217072,0.10090446579988695,0.14104013566986998,0.1215375918598078,0.10288298473713962,0.08988128886376484,0.10881854154889768,0.08338044092707744,0.1602600339174675,0.11673261729790842,0.10655737704918032,0.13425664217071792,0.10344827586206896,0.058507631430186544,0.12097230073487847,0.0958168456755229,0.0847936687394008,0.1040135669869983,0.09892594686263426,0.09129451667608819,0.11899378179762578,0.09723007348784624,0.08846806105144149,0.0856416054267948,0.1031656302996043,0.06953080836630865,0.08055398530243076,0.0893159977388355,0.07857546636517806,0.11192764273600904,0.08027133973996609,0.08027133973996609,0.09129451667608819,0.06613906161673262,0.09270774448841153,0.06755228942905596,0.08790276992651215,0.07009609949123799,0.06472583380440927,0.1040135669869983,0.07631430186546072,0.07405313736574336,0.10740531373657433,0.059072922555115884,0.09327303561334087,0.10203504804974561,0.09355568117580554,0.12266817410966648,0.04889768230638779,0.0746184284906727,0.08027133973996609,0.07263990955342,0.09016393442622951,0.09553420011305823,0.04324477105709441,0.10175240248728094,0.08988128886376484,0.07348784624081402,0.07320520067834935,0.09609949123798757,0.07348784624081402,0.06274731486715658,0.053420011305822496,0.07377049180327869,0.10740531373657433,0.06105144149236857,0.053420011305822496,0.060486150367439234,0.06868287167891464,0.08394573205200678,0.06670435274166196,0.06416054267947993,0.0497456189937818,0.06387789711701526,0.03928773318258903,0.06642170717919729,0.07631430186546072,0.07263990955342,0.06896551724137931,0.06274731486715658,0.06472583380440927,0.0746184284906727,0.0791407574901074,0.06783493499152063,0.07037874505370266,0.09270774448841153,0.07037874505370266,0.07659694742792539,0.06840022611644997,0.0811192764273601,0.06331260599208592,0.07801017524024872,0.07603165630299605,0.070944036178632,0.07687959299039004,0.08507631430186546,0.06726964386659129,0.05200678349349915,0.06726964386659129,0.04494064443188242,0.06868287167891464,0.07885811192764274,0.0570944036178632,0.0497456189937818,0.09553420011305823,0.03702656868287168,0.06189937817976258,0.03730921424533635,0.05313736574335783,0.04889768230638779,0.06246466930469192,0.04070096099491238,0.05652911249293386,0.07716223855285471,0.05313736574335783,0.06755228942905596,0.040983606557377046,0.047484454494064444,0.04437535330695308,0.0497456189937818,0.06189937817976258,0.06105144149236857,0.05285472018089316,0.035613340870548335,0.03278688524590164,0.0644431882419446,0.06161673261729791,0.05172413793103448,0.0395703787450537,0.058790276992651214,0.0644431882419446,0.053702656868287166,0.06472583380440927,0.04946297343131713,0.046071226681741094,0.06161673261729791,0.04494064443188242,0.05087620124364047,0.046071226681741094,0.06246466930469192,0.05257207461842849,0.055115884680610516,0.06613906161673262,0.06755228942905596,0.05652911249293386,0.05596382136800452,0.05313736574335783,0.02826455624646693,0.0681175805539853,0.05822498586772187,0.04494064443188242,0.06698699830412662,0.05087620124364047,0.059072922555115884,0.047201808931599774,0.06218202374222725,0.0423968343697004,0.041548897682306386,0.05115884680610514,0.05285472018089316,0.03278688524590164,0.041266252119841716,0.05002826455624647,0.05285472018089316,0.055398530243075186,0.035613340870548335,0.059920859242509894,0.06840022611644997,0.04550593555681176,0.06642170717919729,0.04861503674392312,0.04918032786885246,0.06133408705483324,0.046919163369135104,0.03730921424533635,0.04267947993216507,0.059920859242509894,0.055398530243075186,0.04918032786885246,0.047484454494064444,0.04041831543244771,0.035048049745618995,0.054550593555681176,0.046636517806670434,0.06218202374222725,0.03928773318258903,0.053985302430751836,0.001978518937252685,0.0497456189937818,0.05228942905596382,0.040983606557377046,0.05652911249293386,0.04946297343131713,0.0607687959299039,0.06698699830412662,0.048049745618993785,0.05596382136800452,0.05228942905596382,0.02798191068400226,0.047201808931599774,0.03843979649519502,0.053985302430751836,0.06529112492933861,0.04296212549462974,0.04437535330695308,0.0570944036178632,0.08535895986433013,0.05002826455624647,0.029112492933860937,0.040983606557377046,0.03900508762012436,0.034765404183154325,0.026568682871678916,0.033634821933295644,0.034482758620689655,0.035613340870548335,0.047767100056529115,0.06161673261729791,0.030808366308648954,0.048049745618993785,0.054833239118145846,0.03900508762012436,0.030525720746184284,0.04296212549462974,0.041266252119841716,0.025438100621820236,0.05059355568117581,0.03759185980780102,0.014132278123233465,0.03843979649519502,0.041266252119841716,0.03193894855850763,0.047767100056529115,0.04578858111927643,0.034765404183154325,0.03843979649519502,0.022328999434708875
nh0125,1.0,0.5369375419744795,0.49529885829415715,0.4084956346541303,0.37793821356615176,0.3529214237743452,0.3947280053727334,0.2978509066487576,0.29348556077904636,0.3067494963062458,0.2511752854264607,0.23488918737407657,0.2647750167897918,0.23270651443922094,0.24714573539288112,0.21121558092679651,0.2165883143049026,0.30439892545332436,0.28223640026863667,0.19492948287441236,0.25067159167226327,0.19895903290799194,0.25570852921423776,0.1922431161853593,0.180658159838818,0.15782404298186703,0.18519140362659503,0.15782404298186703,0.20567494963062458,0.1344862323707186,0.17444593687038282,0.19593687038280724,0.14422431161853594,0.16873740765614506,0.14875755540631297,0.13817998656816655,0.1134989926124916,0.14926124916051042,0.11685695097380792,0.14623908663532573,0.12088650100738751,0.18351242444593688,0.15413028878441906,0.13179986568166555,0.1459032907991941,0.12777031564808597,0.2540295500335796,0.1270987239758227,0.1428811282740094,0.08965748824714574,0.14271323035594358,0.13498992612491606,0.1301208865010074,0.09838817998656817,0.14775016789791806,0.16134989926124915,0.1438885157824043,0.13616521155137676,0.12189388851578241,0.11014103425117529,0.10678307588985897,0.12407656145063801,0.08781061114842176,0.1312961719274681,0.12357286769644056,0.07807253190060444,0.08462055070517126,0.1502686366689053,0.10090664875755541,0.10392881128274009,0.13331094694425788,0.07740094022834117,0.07521826729348556,0.11265950302216253,0.08697112155809268,0.08210208193418402,0.11820013431833445,0.14489590329079918,0.13801208865010073,0.10208193418401612,0.11736064472800538,0.09503022162525185,0.07118871725990597,0.08478844862323708,0.13381464069845533,0.13415043653458697,0.10241773002014776,0.07656145063801209,0.125923438549362,0.08143049026192076,0.09335124244459368,0.11014103425117529,0.09922766957689724,0.0935191403626595,0.10141034251175285,0.08059100067159167,0.11383478844862324,0.08730691739422432,0.11316319677635997,0.0851242444593687,0.10006715916722633,0.07387508394895903,0.0671591672263264,0.10325721961047683,0.09486232370718603,0.08243787777031565,0.10409670920080591,0.08697112155809268,0.07421087978509067,0.08680322364002686,0.05910006715916723,0.10997313633310947,0.10661517797179315,0.07572196104768301,0.07588985896574882,0.06783075889858965,0.0755540631296172,0.20735392881128273,0.07001343183344527,0.09301544660846206,0.07824042981867024,0.07102081934184017,0.06531229012760242,0.07169241101410342,0.06867024848891874,0.1123237071860309,0.06816655473472129,0.0809267965077233,0.07958361316319677,0.12273337810611148,0.09016118200134318,0.08361316319677636,0.05842847548690396,0.07202820685023506,0.07404298186702485,0.06665547347212894,0.04986568166554735,0.07689724647414373,0.08797850906648758,0.044157152451309606,0.07337139019476159,0.05389523169912693,0.07387508394895903,0.06749496306245803,0.0893216924110141,0.06631967763599732,0.07051712558764271,0.04818670248488919,0.0725319006044325,0.0777367360644728,0.08394895903290799,0.09284754869039624,0.05876427132303559,0.07975151108126259,0.04600402955003358,0.069341840161182,0.09116856950973808,0.07001343183344527,0.0525520483546004,0.054902619207521826,0.0987239758226998,0.05876427132303559,0.07018132975151108,0.05910006715916723,0.0545668233713902,0.0777367360644728,0.0661517797179315,0.056413700470114174,0.10057085292142377,0.09519811954331767,0.07740094022834117,0.05087306917394224,0.0577568838146407,0.06413700470114171,0.069341840161182,0.06279382135661518,0.046171927468099394,0.07269979852249832,0.05221625251846877,0.05288784419073204,0.07672934855607791,0.06380120886501008,0.0747145735392881,0.05842847548690396,0.03643384822028207,0.08596373404969779,0.07706514439220953,0.08646742780389523,0.06883814640698456,0.05591000671591672,0.06548018804566823,0.0671591672263264,0.0493619879113499,0.08948959032907992,0.07085292142377435,0.047515110812625924,0.07488247145735392,0.049026192075218265,0.04600402955003358,0.069341840161182,0.04650772330423103,0.06161853593015447,0.041638683680322364,0.050705171255876424,0.05708529214237743,0.04986568166554735,0.08445265278710544,0.06363331094694426,0.0367696440564137,0.07790463398253862,0.12055070517125588,0.05725319006044325,0.04852249832102082,0.05725319006044325,0.03912021490933512,0.06648757555406314,0.03307588985896575,0.06010745466756212,0.03173270651443922,0.049026192075218265,0.05087306917394224,0.05406312961719275,0.05053727333781061,0.059267965077233045,0.04079919408999328,0.05523841504365346,0.04499664204163868,0.03710543989254533,0.044157152451309606,0.04801880456682337,0.038280725319006045,0.06010745466756212,0.03441907320349228,0.05842847548690396,0.04650772330423103,0.044157152451309606,0.05221625251846877,0.04701141705842848,0.039959704499664205,0.048690396239086636,0.043149764942914705,0.041302887844190735,0.03928811282740094,0.03844862323707186,0.0409670920080591,0.036937541974479515,0.0567494963062458,0.04533243787777032,0.07807253190060444,0.08008730691739423,0.18619879113498994,0.03492276695768973,0.035594358629952985,0.04533243787777032,0.05423102753525856,0.046171927468099394,0.033747481531229015,0.04079919408999328,0.03089321692411014,0.04214237743451981,0.05221625251846877,0.07521826729348556,0.042813969106783076,0.04600402955003358,0.059603760913364674,0.04684351914036266,0.049026192075218265,0.053727333781061114,0.04499664204163868,0.03307588985896575,0.05574210879785091,0.06447280053727333,0.05893216924110141,0.030389523169912693,0.0525520483546004,0.06145063801208865,0.04684351914036266,0.044157152451309606,0.036601746138347886,0.03878441907320349,0.03727333781061115,0.0377770315648086,0.050369375419744795,0.05322364002686367,0.043149764942914705,0.05271994627266622,0.04633982538616521,0.0631296171927468,0.04231027535258563,0.05322364002686367,0.04650772330423103,0.06010745466756212,0.029885829415715246,0.048690396239086636,0.041638683680322364,0.04550033579583613,0.035594358629952985,0.06447280053727333,0.038280725319006045,0.07135661517797179
nh0126,1.0,0.5264040234702431,0.44761106454316846,0.3755238893545683,0.4392288348700754,0.37720033528918695,0.18273260687342832,0.15590947191953058,0.18440905280804695,0.25565800502933783,0.2145850796311819,0.2598491198658843,0.19865884325230512,0.2740989103101425,0.11399832355406538,0.17267393126571667,0.26236378876781224,0.22799664710813075,0.20787929589270746,0.1584241408214585,0.22632020117351215,0.17015926236378875,0.20033528918692373,0.17015926236378875,0.1181894383906119,0.11567476948868399,0.18440905280804695,0.1768650461022632,0.15423302598491198,0.18021793797150043,0.07627829002514669,0.16429170159262363,0.18273260687342832,0.09220452640402348,0.12154233025984912,0.18357082984073764,0.22045264040234702,0.19195305951383068,0.1785414920368818,0.12824811399832356,0.18189438390611903,0.12238055322715842,0.10226320201173512,0.07292539815590947,0.11986588432523052,0.06538139145012574,0.10813076278290025,0.08382229673093043,0.1601005867560771,0.13243922883487008,0.051969823973176864,0.16512992455993294,0.15088013411567477,0.08466051969823973,0.07376362112321877,0.12154233025984912,0.11064543168482817,0.1165129924559933,0.036881810561609385,0.11902766135792121,0.12992455993294216,0.15088013411567477,0.10813076278290025,0.12657166806370496,0.0972338642078793,0.15590947191953058,0.18105616093880972,0.14920368818105617,0.07627829002514669,0.14417435037720033,0.07795473595976529,0.12154233025984912,0.1383067896060352,0.07795473595976529,0.1173512154233026,0.08382229673093043,0.13411567476948869,0.036881810561609385,0.05280804694048617,0.10393964794635373,0.1383067896060352,0.11483654652137469,0.13327745180217937,0.11483654652137469,0.08549874266554904,0.07711651299245599,0.07208717518860017,0.0972338642078793,0.0586756077116513,0.10310142497904443,0.06873428331936295,0.12657166806370496,0.10813076278290025,0.10393964794635373,0.07460184409052809,0.12405699916177704,0.056160938809723386,0.08885163453478626,0.04861693210393965,0.08130762782900251,0.1165129924559933,0.08466051969823973,0.08046940486169321,0.04945515507124895,0.08046940486169321,0.06873428331936295,0.050293378038558254,0.07627829002514669,0.053646269907795474,0.09304274937133278,0.08968985750209556,0.06286672254819782,0.04107292539815591,0.07963118189438391,0.06957250628667226,0.051969823973176864,0.08549874266554904,0.053646269907795474,0.07627829002514669,0.08130762782900251,0.07627829002514669,0.06873428331936295,0.04945515507124895,0.07460184409052809,0.11483654652137469,0.06873428331936295,0.08298407376362113,0.05699916177703269,0.06538139145012574,0.04861693210393965,0.10142497904442582,0.08214585079631181,0.06621961441743504,0.09555741827326068,0.07879295892707461,0.06621961441743504,0.05699916177703269,0.07627829002514669,0.057837384744341996,0.07963118189438391,0.038558256496227995,0.0972338642078793,0.037720033528918694,0.04694048616932104,0.08466051969823973,0.08382229673093043,0.05113160100586756,0.06119027661357921,0.04777870913663034,0.06873428331936295,0.06119027661357921,0.09304274937133278,0.05113160100586756,0.04526404023470243,0.06705783738474434,0.04442581726739313,0.07711651299245599,0.09052808046940486,0.06119027661357921,0.05113160100586756,0.03520536462699078,0.08130762782900251,0.07376362112321877,0.07711651299245599,0.07208717518860017,0.03604358759430008,0.06035205364626991,0.06035205364626991,0.020117351215423303,0.03101424979044426,0.04610226320201174,0.05951383067896061,0.019279128248113998,0.05280804694048617,0.05280804694048617,0.06873428331936295,0.06621961441743504,0.038558256496227995,0.056160938809723386,0.03520536462699078,0.041911148365465216,0.04107292539815591,0.04442581726739313,0.05280804694048617,0.04861693210393965,0.020955574182732608,0.03269069572506287,0.038558256496227995,0.09220452640402348,0.05699916177703269,0.06202849958088852,0.054484492875104776,0.07879295892707461,0.055322715842414084,0.041911148365465216,0.04694048616932104,0.053646269907795474,0.09388097233864208,0.036881810561609385,0.04107292539815591,0.04777870913663034,0.02933780385582565,0.028499580888516344,0.07292539815590947,0.03352891869237217,0.036881810561609385,0.03185247275775356,0.04694048616932104,0.056160938809723386,0.06538139145012574,0.054484492875104776,0.04610226320201174,0.036881810561609385,0.053646269907795474,0.050293378038558254,0.03185247275775356,0.03269069572506287,0.027661357921207042,0.04442581726739313,0.03520536462699078,0.037720033528918694,0.038558256496227995,0.07711651299245599,0.036881810561609385,0.03520536462699078,0.03101424979044426,0.04442581726739313,0.053646269907795474,0.05699916177703269,0.04274937133277452,0.06202849958088852,0.056160938809723386,0.038558256496227995,0.0586756077116513,0.03604358759430008,0.04274937133277452,0.06454316848281642,0.08298407376362113,0.025984911986588432,0.05951383067896061,0.05280804694048617,0.04107292539815591,0.06789606035205364,0.07041072925398156,0.037720033528918694,0.06621961441743504,0.05113160100586756,0.051969823973176864,0.01760268231349539,0.04358759430008382,0.002514668901927913,0.03352891869237217,0.020955574182732608,0.06202849958088852,0.055322715842414084,0.05699916177703269,0.036881810561609385,0.06119027661357921,0.05699916177703269,0.051969823973176864,0.028499580888516344,0.056160938809723386,0.03604358759430008,0.03436714165968147,0.06873428331936295,0.039396479463537304,0.03352891869237217,0.037720033528918694,0.027661357921207042,0.054484492875104776,0.039396479463537304,0.03436714165968147,0.04526404023470243,0.04694048616932104,0.020955574182732608,0.05113160100586756,0.05113160100586756,0.025146689019279127,0.03352891869237217,0.07963118189438391,0.04442581726739313,0.03604358759430008,0.024308466051969825,0.026823134953897737,0.037720033528918694,0.028499580888516344,0.03520536462699078,0.02179379715004191,0.038558256496227995,0.03352891869237217,0.03269069572506287,0.05699916177703269,0.06621961441743504,0.03436714165968147,0.04358759430008382,0.054484492875104776,0.030176026823134954,0.018440905280804692,0.06119027661357921,0.041911148365465216
nh0127,1.0,0.5684503127171647,0.5507296733842947,0.48957609451007644,0.3763029881862405,0.3842946490618485,0.34711605281445446,0.3047255038220987,0.30958999305072965,0.3064628214037526,0.3033356497567755,0.30264072272411396,0.3311327310632384,0.26094510076441974,0.30750521195274494,0.2501737317581654,0.2658095899930507,0.22724113968033358,0.21959694232105628,0.21890201528839473,0.21994440583738709,0.16990965948575398,0.13759555246699096,0.2543432939541348,0.20917303683113272,0.1813759555246699,0.1841556636553162,0.1890201528839472,0.19423210562890897,0.15740097289784571,0.16782487838776927,0.09972202918693537,0.17720639332870047,0.19492703266157055,0.16678248783877692,0.1414176511466296,0.17998610145934676,0.11292564280750521,0.15288394718554552,0.12890896455872133,0.14315496872828354,0.15218902015288394,0.15913829047949965,0.17859624739402363,0.15149409312022238,0.10840861709520501,0.25538568450312715,0.17129951355107714,0.19701181375955526,0.1348158443363447,0.11535788742182071,0.12300208478109799,0.13238359972202918,0.13099374565670605,0.12230715774843641,0.11188325225851285,0.059763724808895066,0.1365531619179986,0.16435024322446143,0.11952744961779013,0.113273106323836,0.12439193884642112,0.12821403752605975,0.13724808895066018,0.16539263377345378,0.12856150104239056,0.07678943710910355,0.13516330785267547,0.10423905489923559,0.08756080611535788,0.14211257817929118,0.1292564280750521,0.11431549687282835,0.11153578874218208,0.16052814454482278,0.11396803335649756,0.10771369006254343,0.10910354412786658,0.12126476719944405,0.12856150104239056,0.12230715774843641,0.12786657400972898,0.11640027797081307,0.11640027797081307,0.11292564280750521,0.10215427380125087,0.13620569840166782,0.08790826963168867,0.11501042390548992,0.11779013203613621,0.13829047949965254,0.14211257817929118,0.11014593467685893,0.1226546212647672,0.1414176511466296,0.10736622654621265,0.08304378040305768,0.09346768589298124,0.11917998610145934,0.12161223071577484,0.0945100764419736,0.10250173731758165,0.07748436414176511,0.0945100764419736,0.1626129256428075,0.08651841556636553,0.09277275886031966,0.07713690062543432,0.09624739402362752,0.07678943710910355,0.08130646282140375,0.0851285615010424,0.10250173731758165,0.09798471160528145,0.09763724808895066,0.08617095205003475,0.11779013203613621,0.22515635858234886,0.07644197359277276,0.07713690062543432,0.0941626129256428,0.0920778318276581,0.10875608061153579,0.09068797776233495,0.09867963863794302,0.09138290479499653,0.07157748436414177,0.0847810979847116,0.0823488533703961,0.08373870743571925,0.08165392633773454,0.08582348853370396,0.08860319666435024,0.08686587908269632,0.06949270326615706,0.08547602501737317,0.06289089645587213,0.06775538568450312,0.11292564280750521,0.06775538568450312,0.07887421820708826,0.08895066018068103,0.06984016678248783,0.06949270326615706,0.13551077136900624,0.07887421820708826,0.0729673384294649,0.09034051424600417,0.0851285615010424,0.07088255733148019,0.07018763029881862,0.07192494788047255,0.08651841556636553,0.08061153578874218,0.06462821403752605,0.07817929117442668,0.08130646282140375,0.08860319666435024,0.06879777623349548,0.11501042390548992,0.10250173731758165,0.05906879777623349,0.0851285615010424,0.08408617095205004,0.0684503127171647,0.05837387074357193,0.06289089645587213,0.09937456567060458,0.1292564280750521,0.11257817929117443,0.06254343293954134,0.07366226546212648,0.10667129951355107,0.06428075052119528,0.03370396108408617,0.06323835997220292,0.08617095205003475,0.037526059763724806,0.05142460041695622,0.06428075052119528,0.04794996525364837,0.07018763029881862,0.0847810979847116,0.06810284920083391,0.07887421820708826,0.10180681028492009,0.06080611535788742,0.08130646282140375,0.05733148019457957,0.07157748436414177,0.06219596942321056,0.0660180681028492,0.07852675469075747,0.04760250173731758,0.04378040305767894,0.045170257123002086,0.06671299513551077,0.05211952744961779,0.059763724808895066,0.06810284920083391,0.05211952744961779,0.05072967338429465,0.07018763029881862,0.055941626129256426,0.05003474635163308,0.0847810979847116,0.04551772063933287,0.06532314107018763,0.11709520500347463,0.06219596942321056,0.03613620569840167,0.08964558721334259,0.05107713690062544,0.05906879777623349,0.05072967338429465,0.06775538568450312,0.043085476025017375,0.052466990965948576,0.04447533009034051,0.05802640722724114,0.04169562195969423,0.05698401667824878,0.06011118832522585,0.054204308547602505,0.05802640722724114,0.07435719249478805,0.05072967338429465,0.08686587908269632,0.0684503127171647,0.05350938151494093,0.03231410701876303,0.048992355802640726,0.059763724808895066,0.05281445448227936,0.054204308547602505,0.05003474635163308,0.03995830437804031,0.05489923558026407,0.06184850590687978,0.05941626129256428,0.051772063933287,0.05524669909659486,0.05524669909659486,0.05559416261292564,0.046560111188325225,0.04343293954134816,0.06011118832522585,0.04760250173731758,0.09346768589298124,0.025364836692147324,0.1695621959694232,0.05733148019457957,0.06323835997220292,0.08860319666435024,0.057678943710910355,0.04829742876997915,0.05524669909659486,0.03335649756775538,0.07852675469075747,0.05872133425990271,0.056289089645587216,0.05802640722724114,0.05211952744961779,0.04794996525364837,0.03683113273106324,0.04100069492703266,0.05350938151494093,0.04447533009034051,0.044822793606671296,0.04760250173731758,0.08061153578874218,0.03648366921473245,0.05837387074357193,0.05802640722724114,0.04412786657400973,0.03266157053509382,0.05455177206393329,0.03856845031271716,0.04933981931897151,0.06567060458651841,0.05455177206393329,0.050382209867963865,0.03717859624739402,0.05211952744961779,0.04551772063933287,0.06289089645587213,0.05941626129256428,0.05107713690062544,0.04447533009034051,0.03648366921473245,0.03613620569840167,0.07157748436414177,0.05872133425990271,0.04760250173731758,0.022585128561501043,0.051772063933287,0.05281445448227936,0.042738012508686585,0.03961084086170952,0.03961084086170952
nh0128,1.0,0.5203774342501506,0.4740012045773941,0.3423007428227264,0.23790403533427024,0.3153985143545473,0.259987954226059,0.33888777353944993,0.2758482232483437,0.246938365790002,0.18711102188315598,0.24151776751656293,0.22364986950411564,0.19474001204577393,0.24191929331459547,0.20036137321822928,0.18309576390283075,0.23047580807066853,0.2306765709696848,0.18931941377233488,0.19514153784380647,0.23268419995984743,0.18048584621561936,0.17145151575988757,0.16884159807267618,0.1887171250752861,0.16181489660710702,0.17707287693234292,0.12126079100582213,0.15860269022284681,0.1391286890182694,0.18510339289299338,0.1598072676169444,0.15539048383858664,0.13370809074483037,0.1455531017867898,0.13953021481630196,0.13651877133105803,0.1029913671953423,0.11323027504517165,0.12808672957237502,0.11644248142943184,0.12387070869303353,0.14675767918088736,0.12326841999598474,0.09576390283075688,0.08753262397109014,0.10961654286287895,0.0815097370006023,0.09395703673961052,0.10058221240714715,0.08612728367797631,0.1098173057618952,0.08913872716322024,0.1266813892792612,0.11021883155992772,0.1435454727966272,0.0815097370006023,0.11323027504517165,0.12387070869303353,0.08191126279863481,0.11182493475205782,0.10158602690222847,0.09857458341698454,0.10439670748845613,0.13170046175466774,0.11945392491467577,0.08231278859666734,0.09415779963862678,0.08130897410158602,0.11845011041959445,0.07930134511142341,0.06825938566552901,0.11463561533828548,0.06785785986749648,0.11744629592451315,0.07749447902027705,0.08893796426420397,0.07869905641437462,0.06564946797831761,0.08853643846617146,0.05842200361373218,0.062437261594057415,0.09857458341698454,0.07508532423208192,0.08090744830355351,0.06846014856454527,0.0903433045573178,0.07869905641437462,0.05400521983537442,0.06143344709897611,0.09636619152780566,0.08713109817305761,0.08030515960650472,0.10760891387271632,0.09235093354748043,0.08492270628387874,0.08612728367797631,0.0877333868701064,0.07066854045372416,0.08994177875928529,0.10780967677173259,0.07930134511142341,0.06785785986749648,0.06745633406946397,0.11704477012648062,0.049789198956032926,0.07006625175667537,0.07910058221240715,0.06223649869504116,0.10078297530616342,0.0841196546878137,0.049989961855049184,0.07207388074683799,0.07127082915077294,0.07187311784782172,0.07107006625175667,0.02790604296326039,0.07347922103995182,0.09757076892190324,0.0877333868701064,0.07608913872716322,0.07227464364585424,0.06444489058422004,0.04657699257177274,0.05862276651274844,0.08652880947600883,0.07608913872716322,0.07046777755470789,0.03754266211604096,0.063641838988155,0.05320216823930938,0.07287693234290303,0.08191126279863481,0.05320216823930938,0.055209797229471995,0.0399518169042361,0.05681590042160209,0.05380445693635816,0.04697851836980526,0.054406745633406944,0.047179281268821524,0.054406745633406944,0.07910058221240715,0.07488456133306565,0.059626581007829756,0.07026701465569163,0.0646456534832363,0.06544870507930134,0.07327845814093556,0.04115639429833367,0.05460750853242321,0.0578197149166834,0.062437261594057415,0.0604296326038948,0.05822124071471592,0.06524794218028508,0.053001405340293115,0.05541056012848825,0.05179682794619554,0.04296326038948002,0.060630395502911064,0.0536036940373419,0.07488456133306565,0.05059225055209797,0.09596466572977314,0.049789198956032926,0.04296326038948002,0.053001405340293115,0.03453121863079703,0.07026701465569163,0.04055410560128488,0.04055410560128488,0.0451716522786589,0.03914876530817105,0.044970889379642644,0.04276249749046376,0.05641437462356957,0.046376229672756474,0.043967074884561336,0.03714113631800843,0.06585023087733387,0.03814495081308974,0.04798233286488657,0.04236097169243124,0.03593655892391086,0.06123268419995985,0.06424412768520378,0.04798233286488657,0.04818309576390283,0.06685404537241518,0.036538847620959644,0.05179682794619554,0.044970889379642644,0.049387673158000404,0.046175466773740216,0.04738004416783778,0.049789198956032926,0.06424412768520378,0.05019072475406545,0.04657699257177274,0.03212206384260189,0.048584621561935354,0.03814495081308974,0.05541056012848825,0.06324031319012247,0.0451716522786589,0.026500702670146557,0.04918691025898414,0.05259987954226059,0.03352740413571572,0.06123268419995985,0.04336478618751255,0.0399518169042361,0.06866091146356153,0.04216020879341498,0.04135715719734993,0.06926320016061031,0.046376229672756474,0.046175466773740216,0.03533427022686208,0.04918691025898414,0.03011443485243927,0.05641437462356957,0.04878538446095162,0.04697851836980526,0.030515960650471793,0.05059225055209797,0.05259987954226059,0.05902429231078097,0.04557317807669143,0.04778156996587031,0.04838385866291909,0.04035334270226862,0.046777755470788995,0.032925115438666934,0.033728167034731985,0.03232282674161815,0.05601284882553704,0.039550291106203575,0.0357357960248946,0.02810680586227665,0.038345713712106,0.03754266211604096,0.059626581007829756,0.03794418791407348,0.046376229672756474,0.07046777755470789,0.023087733386870108,0.03473198152981329,0.0002007628990162618,0.04838385866291909,0.04115639429833367,0.03252358964063441,0.05541056012848825,0.020879341497691228,0.030917486448504318,0.047179281268821524,0.019875527002609916,0.037743425015057216,0.05681590042160209,0.045372415177675166,0.038345713712106,0.03111824934752058,0.050793013451114234,0.04557317807669143,0.041758682995382455,0.04416783778357759,0.07910058221240715,0.07970287090945594,0.04055410560128488,0.05681590042160209,0.025095362377032724,0.03794418791407348,0.02911062035735796,0.03473198152981329,0.049789198956032926,0.03593655892391086,0.03754266211604096,0.03252358964063441,0.03794418791407348,0.03613732182292712,0.04216020879341498,0.029512146155390485,0.043967074884561336,0.028709094559325438,0.03493274442882955,0.04577394097570769,0.031519775145553104,0.034129692832764506,0.027504517165227865,0.035535033125878336,0.05280064244127685,0.03794418791407348,0.029512146155390485,0.03694037341899217,0.04115639429833367,0.04436860068259386,0.04296326038948002,0.02690222846817908
nh0129,1.0,0.45621716287215414,0.45621716287215414,0.42294220665499127,0.27933450087565675,0.3283712784588441,0.2373029772329247,0.25569176882662,0.23467600700525393,0.30910683012259194,0.30560420315236425,0.26882661996497376,0.2425569176882662,0.2031523642732049,0.2171628721541156,0.1987740805604203,0.2583187390542907,0.28371278458844135,0.2486865148861646,0.1584938704028021,0.20928196147110334,0.16112084063047286,0.18126094570928197,0.2040280210157618,0.13134851138353765,0.1637478108581436,0.20052539404553416,0.1830122591943958,0.1190893169877408,0.12171628721541156,0.12084063047285463,0.2180385288966725,0.15148861646234676,0.18914185639229422,0.0989492119089317,0.11821366024518389,0.08756567425569177,0.12259194395796848,0.10770577933450087,0.14010507880910683,0.11821366024518389,0.12084063047285463,0.13747810858143608,0.14010507880910683,0.09194395796847636,0.08756567425569177,0.28021015761821366,0.16112084063047286,0.07267950963222417,0.0893169877408056,0.0840630472854641,0.13660245183887915,0.13660245183887915,0.09369527145359019,0.11120840630472854,0.10595446584938704,0.17075306479859895,0.1295971978984238,0.10770577933450087,0.11646234676007006,0.09019264448336252,0.1295971978984238,0.13047285464098074,0.12784588441331,0.09281961471103327,0.08231173380035026,0.06742556917688267,0.15499124343257442,0.12784588441331,0.1234676007005254,0.14973730297723292,0.053415061295971976,0.06830122591943957,0.11733800350262696,0.10770577933450087,0.07530647985989491,0.12609457092819615,0.1042031523642732,0.11558669001751314,0.0796847635726795,0.07443082311733801,0.08231173380035026,0.0796847635726795,0.1287215411558669,0.13222416812609458,0.07793345008756568,0.08756567425569177,0.08493870402802102,0.06654991243432574,0.06830122591943957,0.0893169877408056,0.07180385288966724,0.07005253940455342,0.09281961471103327,0.12609457092819615,0.0542907180385289,0.08318739054290718,0.06742556917688267,0.1339754816112084,0.05166374781085814,0.09807355516637478,0.03239929947460595,0.06654991243432574,0.0647985989492119,0.06742556917688267,0.0595446584938704,0.063922942206655,0.0796847635726795,0.07355516637478109,0.05604203152364273,0.047285464098073555,0.10245183887915937,0.07705779334500876,0.07355516637478109,0.08669001751313485,0.03852889667250438,0.0595446584938704,0.23117338003502627,0.05166374781085814,0.07530647985989491,0.09369527145359019,0.03765323992994746,0.04903677758318739,0.06567425569176882,0.06830122591943957,0.07443082311733801,0.050788091068301226,0.06042031523642732,0.06654991243432574,0.09019264448336252,0.09982486865148861,0.1138353765323993,0.04203152364273205,0.08143607705779335,0.05866900175131348,0.04816112084063047,0.025394045534150613,0.07092819614711034,0.06742556917688267,0.06742556917688267,0.050788091068301226,0.06830122591943957,0.05166374781085814,0.07267950963222417,0.06217162872154115,0.09544658493870403,0.049912434325744305,0.04553415061295972,0.0595446584938704,0.03765323992994746,0.10157618213660245,0.08056042031523643,0.07530647985989491,0.1085814360770578,0.05253940455341506,0.06567425569176882,0.040280210157618214,0.04553415061295972,0.06742556917688267,0.05866900175131348,0.07092819614711034,0.06217162872154115,0.08844133099824869,0.07618213660245184,0.04816112084063047,0.09194395796847636,0.11733800350262696,0.09106830122591944,0.15674255691768826,0.19614711033274956,0.05166374781085814,0.03327495621716287,0.040280210157618214,0.04115586690017513,0.07618213660245184,0.047285464098073555,0.05166374781085814,0.08318739054290718,0.05166374781085814,0.043782837127845885,0.028896672504378284,0.0840630472854641,0.07880910683012259,0.05166374781085814,0.05253940455341506,0.1777583187390543,0.05779334500875657,0.07267950963222417,0.06304728546409807,0.07092819614711034,0.028896672504378284,0.0542907180385289,0.05516637478108581,0.06567425569176882,0.05604203152364273,0.03152364273204904,0.06304728546409807,0.05516637478108581,0.046409807355516634,0.07880910683012259,0.025394045534150613,0.05604203152364273,0.06129597197898424,0.049912434325744305,0.0297723292469352,0.03502626970227671,0.0446584938704028,0.06567425569176882,0.021015761821366025,0.05779334500875657,0.12784588441331,0.03765323992994746,0.049912434325744305,0.042907180385288964,0.05166374781085814,0.06742556917688267,0.0297723292469352,0.06654991243432574,0.049912434325744305,0.04203152364273205,0.07705779334500876,0.040280210157618214,0.05604203152364273,0.0691768826619965,0.07618213660245184,0.0647985989492119,0.05691768826619965,0.07267950963222417,0.03940455341506129,0.03590192644483362,0.03064798598949212,0.03327495621716287,0.02626970227670753,0.06129597197898424,0.03852889667250438,0.07530647985989491,0.0691768826619965,0.03415061295971979,0.02276707530647986,0.03852889667250438,0.03152364273204904,0.07443082311733801,0.03502626970227671,0.023642732049036778,0.023642732049036778,0.02714535901926445,0.03152364273204904,0.03677758318739054,0.1672504378283713,0.01838879159369527,0.1978984238178634,0.03239929947460595,0.03239929947460595,0.04903677758318739,0.043782837127845885,0.053415061295971976,0.02714535901926445,0.043782837127845885,0.040280210157618214,0.05604203152364273,0.06129597197898424,0.0542907180385289,0.03502626970227671,0.05866900175131348,0.06129597197898424,0.03239929947460595,0.021015761821366025,0.03064798598949212,0.047285464098073555,0.03239929947460595,0.04816112084063047,0.050788091068301226,0.05253940455341506,0.03940455341506129,0.03327495621716287,0.03064798598949212,0.046409807355516634,0.04553415061295972,0.020140105078809107,0.03677758318739054,0.01576182136602452,0.028021015761821366,0.024518388791593695,0.025394045534150613,0.025394045534150613,0.09019264448336252,0.03327495621716287,0.0297723292469352,0.08581436077057793,0.02276707530647986,0.024518388791593695,0.07005253940455342,0.03152364273204904,0.046409807355516634,0.06217162872154115,0.03677758318739054,0.03852889667250438,0.03502626970227671,0.043782837127845885,0.028896672504378284
nh0130,1.0,0.8514285714285714,0.6953846153846154,0.45714285714285713,0.4756043956043956,0.5389010989010989,0.3463736263736264,0.2720879120879121,0.3749450549450549,0.370989010989011,0.4096703296703297,0.3626373626373626,0.41494505494505496,0.3424175824175824,0.2334065934065934,0.3375824175824176,0.35956043956043954,0.22417582417582418,0.21186813186813186,0.31164835164835164,0.2567032967032967,0.3221978021978022,0.389010989010989,0.26153846153846155,0.30153846153846153,0.1331868131868132,0.28395604395604396,0.19692307692307692,0.2967032967032967,0.28923076923076924,0.28835164835164834,0.23384615384615384,0.2549450549450549,0.2654945054945055,0.26373626373626374,0.23956043956043957,0.2826373626373626,0.2857142857142857,0.19956043956043956,0.1621978021978022,0.20395604395604397,0.16835164835164834,0.1920879120879121,0.1898901098901099,0.17846153846153845,0.2562637362637363,0.16175824175824177,0.14505494505494507,0.23252747252747252,0.1534065934065934,0.2043956043956044,0.1723076923076923,0.17274725274725275,0.12483516483516484,0.14505494505494507,0.16747252747252747,0.16439560439560438,0.18681318681318682,0.18725274725274726,0.16131868131868132,0.17098901098901098,0.14285714285714285,0.1920879120879121,0.17626373626373626,0.16615384615384615,0.19252747252747252,0.11340659340659341,0.12351648351648352,0.16835164835164834,0.1498901098901099,0.12,0.13274725274725274,0.18461538461538463,0.12923076923076923,0.16175824175824177,0.16395604395604396,0.11252747252747253,0.1731868131868132,0.11956043956043956,0.1934065934065934,0.14945054945054945,0.16835164835164834,0.18373626373626373,0.1221978021978022,0.15516483516483517,0.18505494505494505,0.1463736263736264,0.149010989010989,0.10945054945054945,0.17494505494505494,0.13186813186813187,0.21318681318681318,0.10681318681318681,0.1402197802197802,0.10373626373626374,0.1832967032967033,0.10813186813186813,0.16263736263736264,0.16439560439560438,0.1389010989010989,0.12967032967032968,0.1463736263736264,0.17142857142857143,0.15032967032967032,0.20307692307692307,0.1635164835164835,0.1279120879120879,0.12043956043956044,0.12571428571428572,0.1389010989010989,0.12351648351648352,0.09538461538461539,0.12967032967032968,0.13274725274725274,0.17186813186813188,0.12879120879120878,0.10813186813186813,0.0989010989010989,0.10417582417582417,0.12131868131868132,0.0945054945054945,0.11472527472527473,0.1657142857142857,0.10505494505494506,0.14285714285714285,0.10813186813186813,0.08395604395604396,0.1221978021978022,0.08791208791208792,0.12263736263736263,0.11956043956043956,0.07912087912087912,0.1010989010989011,0.08967032967032967,0.10065934065934067,0.09142857142857143,0.07868131868131868,0.06901098901098901,0.08175824175824176,0.07824175824175825,0.12043956043956044,0.10065934065934067,0.09846153846153846,0.09846153846153846,0.10637362637362638,0.10373626373626374,0.13186813186813187,0.08527472527472528,0.08527472527472528,0.07868131868131868,0.08043956043956044,0.10021978021978022,0.08791208791208792,0.10065934065934067,0.0865934065934066,0.13846153846153847,0.09978021978021978,0.1178021978021978,0.09714285714285714,0.11032967032967032,0.08351648351648351,0.10593406593406593,0.1564835164835165,0.12483516483516484,0.06505494505494505,0.0945054945054945,0.08527472527472528,0.10197802197802198,0.08967032967032967,0.08395604395604396,0.08131868131868132,0.09758241758241758,0.09186813186813186,0.07604395604395604,0.10637362637362638,0.08087912087912089,0.08527472527472528,0.1156043956043956,0.1054945054945055,0.07736263736263736,0.10857142857142857,0.08087912087912089,0.08835164835164835,0.05450549450549451,0.09230769230769231,0.07120879120879121,0.06857142857142857,0.11648351648351649,0.055384615384615386,0.053626373626373625,0.0843956043956044,0.06241758241758242,0.06417582417582418,0.07120879120879121,0.12175824175824176,0.0610989010989011,0.07956043956043957,0.07560439560439561,0.06945054945054945,0.04087912087912088,0.07120879120879121,0.0989010989010989,0.06285714285714286,0.090989010989011,0.07208791208791208,0.11736263736263736,0.05186813186813187,0.07252747252747253,0.054945054945054944,0.07604395604395604,0.052307692307692305,0.07824175824175825,0.05934065934065934,0.06681318681318682,0.10329670329670329,0.09010989010989011,0.044395604395604395,0.1156043956043956,0.07076923076923076,0.06593406593406594,0.0654945054945055,0.06065934065934066,0.07120879120879121,0.056263736263736264,0.07912087912087912,0.05142857142857143,0.08219780219780219,0.11736263736263736,0.06505494505494505,0.056263736263736264,0.07076923076923076,0.07868131868131868,0.07296703296703297,0.06065934065934066,0.10901098901098902,0.07164835164835165,0.06505494505494505,0.09758241758241758,0.07824175824175825,0.07164835164835165,0.0945054945054945,0.06681318681318682,0.041758241758241756,0.07824175824175825,0.06285714285714286,0.06241758241758242,0.07076923076923076,0.06857142857142857,0.06241758241758242,0.045714285714285714,0.05186813186813187,0.10021978021978022,0.08263736263736264,0.07120879120879121,0.0843956043956044,0.054945054945054944,0.05582417582417582,0.08,0.06637362637362637,0.07824175824175825,0.06945054945054945,0.043076923076923075,0.056703296703296706,0.08219780219780219,0.04,0.08,0.08263736263736264,0.07120879120879121,0.06637362637362637,0.055384615384615386,0.08219780219780219,0.10153846153846154,0.05450549450549451,0.026813186813186812,0.04087912087912088,0.08307692307692308,0.04835164835164835,0.06813186813186813,0.08351648351648351,0.05714285714285714,0.05758241758241758,0.08087912087912089,0.07076923076923076,0.06241758241758242,0.03428571428571429,0.07120879120879121,0.05934065934065934,0.04879120879120879,0.08747252747252747,0.0589010989010989,0.05186813186813187,0.023736263736263738,0.055384615384615386,0.056263736263736264,0.09626373626373626,0.08835164835164835,0.05846153846153846,0.04263736263736264,0.047032967032967034,0.05186813186813187
nh0131,1.0,0.48957055214723927,0.5134969325153375,0.3889570552147239,0.32699386503067485,0.3128834355828221,0.3049079754601227,0.26134969325153373,0.3220858895705521,0.29754601226993865,0.4012269938650307,0.25337423312883434,0.25214723926380367,0.2134969325153374,0.18957055214723925,0.21226993865030674,0.23190184049079754,0.21042944785276074,0.20306748466257668,0.15950920245398773,0.26809815950920246,0.16257668711656442,0.249079754601227,0.21288343558282208,0.17607361963190185,0.17423312883435582,0.17914110429447852,0.17730061349693252,0.1558282208588957,0.13496932515337423,0.17177914110429449,0.2196319018404908,0.1441717791411043,0.1460122699386503,0.1,0.11779141104294479,0.12576687116564417,0.12331288343558282,0.1392638036809816,0.1607361963190184,0.1116564417177914,0.14355828220858896,0.10061349693251534,0.12576687116564417,0.0687116564417178,0.13680981595092023,0.25828220858895706,0.15030674846625766,0.1165644171779141,0.09141104294478528,0.13803680981595093,0.12883435582822086,0.15521472392638036,0.10858895705521472,0.10429447852760736,0.10184049079754601,0.201840490797546,0.13987730061349693,0.12085889570552147,0.1343558282208589,0.07975460122699386,0.15337423312883436,0.15030674846625766,0.0834355828220859,0.09877300613496932,0.08282208588957055,0.07177914110429448,0.1049079754601227,0.10122699386503067,0.09815950920245399,0.10061349693251534,0.04785276073619632,0.08711656441717791,0.10122699386503067,0.08588957055214724,0.07914110429447853,0.1067484662576687,0.13558282208588956,0.08957055214723926,0.09570552147239264,0.0803680981595092,0.0950920245398773,0.08711656441717791,0.09386503067484663,0.09202453987730061,0.09815950920245399,0.09386503067484663,0.06687116564417178,0.1165644171779141,0.09631901840490797,0.12085889570552147,0.10306748466257669,0.0736196319018405,0.0950920245398773,0.1,0.06441717791411043,0.09570552147239264,0.07730061349693251,0.11533742331288344,0.06687116564417178,0.10552147239263804,0.06073619631901841,0.08220858895705521,0.09447852760736196,0.11779141104294479,0.0705521472392638,0.0705521472392638,0.07484662576687116,0.07607361963190185,0.07116564417177915,0.06257668711656442,0.12392638036809817,0.04785276073619632,0.0736196319018405,0.08282208588957055,0.07177914110429448,0.06687116564417178,0.20920245398773007,0.07116564417177915,0.0638036809815951,0.09386503067484663,0.08588957055214724,0.048466257668711654,0.07975460122699386,0.07116564417177915,0.0754601226993865,0.05889570552147239,0.05337423312883435,0.06932515337423313,0.0803680981595092,0.06073619631901841,0.06257668711656442,0.053987730061349694,0.07914110429447853,0.05030674846625767,0.04294478527607362,0.03987730061349693,0.08711656441717791,0.08098159509202454,0.08466257668711656,0.04723926380368098,0.04723926380368098,0.07116564417177915,0.08282208588957055,0.07239263803680981,0.06748466257668712,0.08282208588957055,0.051533742331288344,0.053987730061349694,0.06993865030674846,0.07791411042944785,0.08650306748466258,0.07607361963190185,0.06687116564417178,0.0638036809815951,0.07116564417177915,0.0656441717791411,0.04723926380368098,0.05644171779141104,0.09386503067484663,0.08834355828220859,0.0392638036809816,0.08650306748466258,0.06257668711656442,0.05214723926380368,0.0687116564417178,0.08957055214723926,0.06073619631901841,0.12515337423312883,0.12822085889570553,0.016564417177914112,0.05766871165644172,0.049079754601226995,0.044171779141104296,0.0754601226993865,0.06073619631901841,0.03742331288343558,0.08159509202453988,0.04294478527607362,0.04539877300613497,0.025153374233128835,0.05766871165644172,0.07975460122699386,0.05214723926380368,0.07116564417177915,0.13006134969325153,0.04785276073619632,0.0852760736196319,0.04969325153374233,0.06134969325153374,0.03742331288343558,0.0687116564417178,0.04539877300613497,0.06012269938650307,0.0638036809815951,0.05030674846625767,0.05276073619631902,0.04723926380368098,0.04233128834355828,0.06993865030674846,0.04785276073619632,0.0736196319018405,0.05828220858895705,0.03619631901840491,0.046012269938650305,0.05276073619631902,0.04294478527607362,0.05276073619631902,0.02822085889570552,0.05460122699386503,0.0754601226993865,0.05766871165644172,0.04049079754601227,0.06073619631901841,0.03987730061349693,0.050920245398773004,0.04049079754601227,0.06993865030674846,0.033128834355828224,0.02147239263803681,0.07300613496932515,0.053987730061349694,0.07607361963190185,0.05276073619631902,0.05889570552147239,0.05950920245398773,0.03742331288343558,0.03619631901840491,0.03680981595092025,0.02883435582822086,0.03619631901840491,0.03496932515337423,0.02638036809815951,0.03987730061349693,0.044171779141104296,0.0392638036809816,0.06441717791411043,0.046625766871165646,0.0343558282208589,0.04171779141104295,0.04478527607361963,0.07116564417177915,0.04294478527607362,0.03987730061349693,0.044171779141104296,0.03987730061349693,0.04049079754601227,0.046012269938650305,0.1165644171779141,0.03680981595092025,0.1785276073619632,0.041104294478527606,0.03496932515337423,0.03742331288343558,0.04478527607361963,0.05766871165644172,0.03067484662576687,0.03803680981595092,0.05460122699386503,0.07177914110429448,0.053987730061349694,0.04723926380368098,0.030061349693251534,0.04539877300613497,0.05889570552147239,0.03558282208588957,0.04785276073619632,0.03067484662576687,0.046012269938650305,0.03067484662576687,0.05644171779141104,0.03190184049079755,0.033128834355828224,0.041104294478527606,0.0638036809815951,0.05460122699386503,0.04049079754601227,0.03742331288343558,0.029447852760736196,0.027607361963190184,0.02392638036809816,0.04969325153374233,0.0343558282208589,0.029447852760736196,0.02822085889570552,0.05276073619631902,0.0392638036809816,0.046012269938650305,0.06319018404907975,0.03742331288343558,0.0343558282208589,0.07300613496932515,0.01901840490797546,0.033128834355828224,0.06503067484662577,0.02822085889570552,0.03496932515337423,0.050920245398773004,0.03128834355828221,0.04294478527607362
nh0132,1.0,0.38830542151575365,0.36275901220550666,0.3040022707919387,0.23218847573091114,0.2821458983820607,0.25205790519443655,0.21231904626738576,0.1992619926199262,0.23985239852398524,0.21742832812943513,0.20068123758160658,0.21458983820607436,0.18024411013340902,0.14646608004541584,0.1558330967925064,0.19103037184217997,0.1757025262560318,0.16661935850127732,0.17598637524836785,0.1558330967925064,0.13511212035197276,0.18989497587283566,0.15043996593812092,0.1546977008231621,0.12347431166619359,0.1246097076355379,0.13653136531365315,0.12631280158955435,0.1405052512063582,0.17087709338631848,0.13170593244393983,0.12035197275049674,0.08629009367016748,0.11836502980414419,0.11978427476582458,0.13567981833664491,0.14107294919103036,0.11098495600340619,0.11609423786545557,0.0996309963099631,0.08884473460119216,0.0996309963099631,0.1657678115242691,0.077206925915413,0.17967641214873686,0.08714164064717571,0.10615952313369288,0.0959409594095941,0.08969628157820039,0.10530797615668465,0.09281862049389725,0.1047402781720125,0.07294919103037184,0.077206925915413,0.07323304002270792,0.1058756741413568,0.17768946920238432,0.12801589554357082,0.09849560034061879,0.08458699971615101,0.08657394266250355,0.11637808685779165,0.09168322452455294,0.07919386886176553,0.07550383196139654,0.1419244961680386,0.11297189894975873,0.09196707351688901,0.10133409026397956,0.09367016747090548,0.10502412716434857,0.07891001986942946,0.10928186204938972,0.08714164064717571,0.06755606017598638,0.08998013057053647,0.10275333522565995,0.08657394266250355,0.080896962815782,0.054215157536190745,0.07408458699971615,0.09054782855520863,0.12375816065852967,0.08714164064717571,0.09111552653988078,0.10303718421799603,0.09452171444791371,0.08118081180811808,0.06642066420664207,0.08856088560885608,0.07947771785410161,0.06500141924496168,0.07777462390008516,0.06840760715299461,0.08288390576213454,0.09054782855520863,0.0709622480840193,0.04768663071246097,0.06897530513766677,0.08316775475447062,0.05449900652852682,0.0760715299460687,0.05875674141356798,0.080896962815782,0.04938972466647743,0.06982685211467499,0.045131989781436274,0.07323304002270792,0.07039455009934714,0.07266534203803576,0.09196707351688901,0.043996593812091964,0.061879080329264834,0.07777462390008516,0.07380073800738007,0.04797047970479705,0.061879080329264834,0.07521998296906046,0.043428895827419815,0.08742548963951179,0.04200965086573943,0.07067839909168322,0.077206925915413,0.07266534203803576,0.05194436559750213,0.06017598637524837,0.045131989781436274,0.05563440249787113,0.07976156684643769,0.05279591257451036,0.04428044280442804,0.05194436559750213,0.05620210048254329,0.05336361055918251,0.04456429179676412,0.03775191598069827,0.05393130854385467,0.04711893272778882,0.04172580187340335,0.05676979846721544,0.047402781720124895,0.03491342605733749,0.048538177689469206,0.05705364745955152,0.04995742265114959,0.06273062730627306,0.04257734885041158,0.048538177689469206,0.04655123474311666,0.06131138234459268,0.06414987226795345,0.036048822026681804,0.06358217428328129,0.05676979846721544,0.041158103888731194,0.05705364745955152,0.04938972466647743,0.05052512063582174,0.05166051660516605,0.048822026681805276,0.04598353675844451,0.04797047970479705,0.048538177689469206,0.04711893272778882,0.02923644621061595,0.04967357365881351,0.0610275333522566,0.03888731195004258,0.08146466080045416,0.029804144195288106,0.04541583877377235,0.049105875674141354,0.05563440249787113,0.02639795628725518,0.073516889015044,0.06869145614533069,0.048538177689469206,0.06216292932160091,0.03945500993471473,0.01845018450184502,0.038319613965370425,0.04200965086573943,0.038319613965370425,0.048822026681805276,0.07380073800738007,0.03491342605733749,0.05194436559750213,0.07578768095373262,0.04598353675844451,0.050241271643485665,0.04655123474311666,0.036048822026681804,0.05393130854385467,0.05279591257451036,0.055350553505535055,0.03491342605733749,0.02952029520295203,0.04456429179676412,0.04371274481975589,0.030939540164632417,0.06244677831393699,0.04144195288106727,0.05563440249787113,0.044848140789100197,0.04711893272778882,0.042293499858075505,0.04541583877377235,0.04967357365881351,0.05364745955151859,0.08146466080045416,0.03462957706500142,0.04172580187340335,0.030939540164632417,0.04144195288106727,0.0323587851263128,0.03462957706500142,0.04456429179676412,0.05194436559750213,0.03150723814930457,0.026681805279591256,0.03150723814930457,0.048538177689469206,0.03519727504967357,0.024411013340902638,0.04087425489639512,0.051376667612829975,0.044848140789100197,0.028952597218279873,0.05194436559750213,0.05904059040590406,0.02724950326426341,0.03690036900369004,0.03349418109565711,0.02952029520295203,0.035764973034345726,0.0323587851263128,0.04967357365881351,0.04314504683508374,0.03491342605733749,0.05080896962815782,0.05052512063582174,0.030087993187624184,0.04711893272778882,0.02838489923360772,0.049105875674141354,0.02554640931024695,0.02724950326426341,0.06783990916832246,0.061595231336928756,0.034345728072665345,0.03690036900369004,0.031791087141640646,0.03491342605733749,0.029804144195288106,0.02639795628725518,0.03065569117229634,0.04428044280442804,0.04172580187340335,0.038319613965370425,0.0286687482259438,0.031223389156968494,0.03349418109565711,0.04797047970479705,0.03917116094237866,0.026965654271927333,0.03690036900369004,0.027817201248935566,0.022707919386886176,0.028101050241271644,0.04711893272778882,0.02157252341754187,0.033210332103321034,0.032074936133976724,0.03462957706500142,0.03519727504967357,0.027817201248935566,0.03037184217996026,0.019017882486517174,0.039738858927050806,0.03462957706500142,0.02355946636389441,0.03519727504967357,0.03150723814930457,0.034345728072665345,0.03406187908032927,0.02753335225659949,0.020720976440533636,0.039738858927050806,0.0584728924212319,0.02015327845586148,0.06273062730627306,0.04711893272778882,0.033210332103321034,0.020720976440533636,0.034345728072665345,0.023843315356230486,0.017882486517172863,0.031791087141640646,0.019869429463525403
nh0133,1.0,0.5038167938931297,0.5076335877862596,0.3045801526717557,0.4732824427480916,0.40916030534351144,0.6748091603053435,0.3847328244274809,0.32595419847328244,0.2687022900763359,0.3786259541984733,0.25725190839694656,0.21450381679389313,0.24732824427480915,0.33587786259541985,0.2549618320610687,0.2450381679389313,0.32061068702290074,0.25572519083969464,0.18625954198473282,0.20305343511450383,0.1763358778625954,0.2916030534351145,0.21908396946564884,0.2916030534351145,0.2748091603053435,0.18702290076335878,0.14274809160305343,0.24122137404580152,0.14885496183206107,0.26641221374045804,0.15954198473282444,0.17786259541984734,0.18931297709923664,0.1732824427480916,0.11908396946564885,0.10916030534351145,0.1282442748091603,0.12442748091603054,0.14045801526717558,0.08854961832061069,0.16030534351145037,0.17557251908396945,0.10076335877862595,0.14045801526717558,0.1687022900763359,0.2450381679389313,0.18549618320610686,0.16259541984732825,0.12290076335877863,0.22213740458015266,0.1282442748091603,0.10152671755725191,0.1183206106870229,0.0916030534351145,0.06717557251908397,0.12213740458015267,0.12595419847328243,0.0900763358778626,0.1687022900763359,0.12137404580152672,0.09465648854961832,0.15725190839694655,0.10916030534351145,0.10458015267175573,0.0916030534351145,0.08473282442748091,0.08091603053435115,0.08702290076335878,0.10610687022900764,0.11068702290076336,0.08396946564885496,0.10305343511450382,0.09541984732824428,0.09541984732824428,0.1183206106870229,0.08854961832061069,0.15801526717557252,0.15419847328244274,0.11221374045801527,0.13969465648854962,0.12595419847328243,0.11374045801526718,0.0900763358778626,0.1435114503816794,0.1366412213740458,0.1251908396946565,0.15419847328244274,0.23740458015267177,0.1099236641221374,0.11145038167938931,0.11145038167938931,0.09083969465648854,0.12442748091603054,0.0816793893129771,0.07938931297709924,0.1534351145038168,0.08244274809160305,0.16030534351145037,0.11984732824427481,0.08702290076335878,0.13435114503816795,0.07557251908396946,0.09923664122137404,0.12366412213740458,0.051908396946564885,0.13053435114503817,0.06641221374045801,0.07862595419847328,0.12137404580152672,0.05877862595419847,0.11526717557251909,0.12366412213740458,0.05725190839694656,0.1183206106870229,0.08778625954198473,0.048091603053435114,0.20229007633587787,0.04885496183206107,0.09236641221374046,0.07709923664122137,0.10076335877862595,0.08473282442748091,0.09694656488549619,0.09083969465648854,0.09770992366412214,0.07938931297709924,0.07251908396946564,0.06030534351145038,0.1083969465648855,0.08625954198473282,0.08091603053435115,0.07786259541984733,0.06259541984732825,0.06641221374045801,0.07862595419847328,0.0916030534351145,0.03969465648854962,0.11603053435114503,0.0633587786259542,0.08625954198473282,0.11145038167938931,0.083206106870229,0.07099236641221374,0.08015267175572519,0.04961832061068702,0.08702290076335878,0.09236641221374046,0.08931297709923663,0.07480916030534351,0.05267175572519084,0.055725190839694655,0.09236641221374046,0.10610687022900764,0.08854961832061069,0.06412213740458016,0.09465648854961832,0.07022900763358779,0.06564885496183206,0.0916030534351145,0.06793893129770992,0.07251908396946564,0.0633587786259542,0.08549618320610687,0.055725190839694655,0.06717557251908397,0.09541984732824428,0.061068702290076333,0.17786259541984734,0.09694656488549619,0.0816793893129771,0.09770992366412214,0.1366412213740458,0.08625954198473282,0.0732824427480916,0.09389312977099237,0.06412213740458016,0.05648854961832061,0.06946564885496183,0.11984732824427481,0.06793893129770992,0.06412213740458016,0.083206106870229,0.06946564885496183,0.08091603053435115,0.09389312977099237,0.05114503816793893,0.07709923664122137,0.04045801526717557,0.08702290076335878,0.07709923664122137,0.12366412213740458,0.0633587786259542,0.05725190839694656,0.06946564885496183,0.08015267175572519,0.06030534351145038,0.08549618320610687,0.07404580152671755,0.07251908396946564,0.0816793893129771,0.08091603053435115,0.05648854961832061,0.07786259541984733,0.051908396946564885,0.042748091603053436,0.0633587786259542,0.05801526717557252,0.0549618320610687,0.05419847328244275,0.06183206106870229,0.04961832061068702,0.03282442748091603,0.05114503816793893,0.044274809160305344,0.07099236641221374,0.083206106870229,0.055725190839694655,0.05419847328244275,0.07862595419847328,0.05725190839694656,0.07404580152671755,0.05267175572519084,0.06717557251908397,0.05877862595419847,0.06793893129770992,0.06259541984732825,0.0816793893129771,0.06183206106870229,0.04122137404580153,0.04045801526717557,0.04351145038167939,0.04351145038167939,0.04122137404580153,0.04961832061068702,0.04351145038167939,0.07557251908396946,0.061068702290076333,0.04732824427480916,0.0366412213740458,0.05343511450381679,0.05343511450381679,0.03816793893129771,0.0717557251908397,0.046564885496183206,0.04961832061068702,0.03969465648854962,0.042748091603053436,0.07862595419847328,0.0648854961832061,0.17251908396946564,0.042748091603053436,0.0366412213740458,0.05343511450381679,0.015267175572519083,0.0648854961832061,0.05648854961832061,0.06641221374045801,0.061068702290076333,0.03740458015267176,0.05267175572519084,0.05114503816793893,0.04961832061068702,0.0916030534351145,0.04122137404580153,0.021374045801526718,0.042748091603053436,0.01984732824427481,0.03816793893129771,0.03740458015267176,0.05419847328244275,0.04580152671755725,0.0450381679389313,0.06412213740458016,0.05877862595419847,0.06870229007633588,0.03816793893129771,0.05648854961832061,0.06564885496183206,0.03969465648854962,0.048091603053435114,0.06183206106870229,0.059541984732824425,0.055725190839694655,0.05877862595419847,0.10458015267175573,0.07938931297709924,0.04198473282442748,0.0648854961832061,0.046564885496183206,0.02900763358778626,0.05648854961832061,0.03206106870229008,0.07404580152671755,0.061068702290076333,0.044274809160305344,0.029770992366412213,0.04198473282442748,0.0633587786259542,0.0450381679389313
nh0134,1.0,0.8419732441471572,0.5819397993311036,0.4280936454849498,0.46153846153846156,0.35702341137123744,0.3520066889632107,0.3862876254180602,0.26755852842809363,0.3612040133779264,0.5158862876254181,0.32525083612040134,0.25752508361204013,0.3219063545150502,0.2909698996655518,0.30183946488294316,0.3311036789297659,0.15551839464882944,0.20903010033444816,0.23494983277591974,0.3770903010033445,0.24832775919732442,0.22826086956521738,0.20735785953177258,0.2516722408026756,0.15719063545150502,0.18227424749163879,0.24832775919732442,0.1797658862876254,0.3612040133779264,0.27759197324414714,0.12123745819397994,0.19648829431438128,0.14046822742474915,0.19648829431438128,0.3988294314381271,0.26755852842809363,0.18478260869565216,0.30351170568561875,0.13127090301003344,0.3294314381270903,0.13795986622073578,0.14715719063545152,0.15301003344481606,0.15301003344481606,0.2801003344481605,0.1948160535117057,0.09531772575250837,0.1931438127090301,0.17307692307692307,0.2148829431438127,0.15551839464882944,0.15217391304347827,0.1245819397993311,0.0451505016722408,0.112876254180602,0.056020066889632104,0.16137123745819398,0.1588628762541806,0.10702341137123746,0.13879598662207357,0.2600334448160535,0.18896321070234115,0.10451505016722408,0.08612040133779264,0.23662207357859533,0.1705685618729097,0.16387959866220736,0.112876254180602,0.1697324414715719,0.10953177257525083,0.14297658862876253,0.19147157190635453,0.13043478260869565,0.23662207357859533,0.16638795986622074,0.13377926421404682,0.18729096989966554,0.10618729096989966,0.14632107023411373,0.09949832775919733,0.20317725752508362,0.2583612040133779,0.06605351170568562,0.11789297658862877,0.11705685618729098,0.11705685618729098,0.13294314381270902,0.05016722408026756,0.2525083612040134,0.12040133779264214,0.1488294314381271,0.06939799331103678,0.07023411371237458,0.06939799331103678,0.09866220735785954,0.09615384615384616,0.13043478260869565,0.04933110367892977,0.07023411371237458,0.1262541806020067,0.09448160535117058,0.16806020066889632,0.07525083612040134,0.15384615384615385,0.09866220735785954,0.10535117056856187,0.09364548494983277,0.13127090301003344,0.1354515050167224,0.20234113712374582,0.06688963210702341,0.03177257525083612,0.1596989966555184,0.13795986622073578,0.09782608695652174,0.14046822742474915,0.038461538461538464,0.24749163879598662,0.12374581939799331,0.09280936454849498,0.15635451505016723,0.06270903010033445,0.08862876254180602,0.10618729096989966,0.05351170568561873,0.07357859531772576,0.05518394648829431,0.061872909698996656,0.038461538461538464,0.12959866220735786,0.0677257525083612,0.09197324414715718,0.05100334448160535,0.10785953177257525,0.051839464882943144,0.038461538461538464,0.11204013377926421,0.09615384615384616,0.08695652173913043,0.06939799331103678,0.12959866220735786,0.030936454849498328,0.046822742474916385,0.07525083612040134,0.14632107023411373,0.0794314381270903,0.043478260869565216,0.09197324414715718,0.09364548494983277,0.11204013377926421,0.09615384615384616,0.06438127090301003,0.12040133779264214,0.13377926421404682,0.06020066889632107,0.048494983277591976,0.09364548494983277,0.10535117056856187,0.09949832775919733,0.023411371237458192,0.1354515050167224,0.07775919732441472,0.12207357859531773,0.21153846153846154,0.038461538461538464,0.0802675585284281,0.057692307692307696,0.06020066889632107,0.04933110367892977,0.05351170568561873,0.10033444816053512,0.08361204013377926,0.06856187290969899,0.07525083612040134,0.04180602006688963,0.09698996655518395,0.06270903010033445,0.04013377926421405,0.061872909698996656,0.10367892976588629,0.020066889632107024,0.06354515050167224,0.057692307692307696,0.05100334448160535,0.008361204013377926,0.030100334448160536,0.03511705685618729,0.06354515050167224,0.061872909698996656,0.043478260869565216,0.07775919732441472,0.05434782608695652,0.061036789297658864,0.07357859531772576,0.08779264214046822,0.07190635451505016,0.061036789297658864,0.13294314381270902,0.03260869565217391,0.2525083612040134,0.05100334448160535,0.07441471571906355,0.07190635451505016,0.15551839464882944,0.06438127090301003,0.03762541806020067,0.05434782608695652,0.048494983277591976,0.03260869565217391,0.015050167224080268,0.056856187290969896,0.05351170568561873,0.05016722408026756,0.04933110367892977,0.06605351170568562,0.09531772575250837,0.028428093645484948,0.04598662207357859,0.0451505016722408,0.023411371237458192,0.03177257525083612,0.07775919732441472,0.038461538461538464,0.07859531772575251,0.01839464882943144,0.11622073578595318,0.06354515050167224,0.08528428093645485,0.09197324414715718,0.0451505016722408,0.0802675585284281,0.08695652173913043,0.08612040133779264,0.07441471571906355,0.025919732441471572,0.05936454849498328,0.039297658862876256,0.05936454849498328,0.09280936454849498,0.11956521739130435,0.08612040133779264,0.11872909698996656,0.06020066889632107,0.08779264214046822,0.16304347826086957,0.05852842809364549,0.09113712374581939,0.005016722408026756,0.011705685618729096,0.0225752508361204,0.05434782608695652,0.03511705685618729,0.06020066889632107,0.06521739130434782,0.13294314381270902,0.07190635451505016,0.08444816053511706,0.09615384615384616,0.04933110367892977,0.05518394648829431,0.034280936454849496,0.06605351170568562,0.11454849498327759,0.06270903010033445,0.0802675585284281,0.08862876254180602,0.039297658862876256,0.034280936454849496,0.05852842809364549,0.05351170568561873,0.043478260869565216,0.023411371237458192,0.030100334448160536,0.025919732441471572,0.06020066889632107,0.1454849498327759,0.056020066889632104,0.030936454849498328,0.030936454849498328,0.07441471571906355,0.042642140468227424,0.06521739130434782,0.04180602006688963,0.1028428093645485,0.033444816053511704,0.08361204013377926,0.039297658862876256,0.07441471571906355,0.030936454849498328,0.07190635451505016,0.021739130434782608,0.07608695652173914,0.024247491638795988,0.09531772575250837,0.038461538461538464,0.03678929765886288,0.027591973244147156,0.04013377926421405,0.0225752508361204
nh0135,1.0,0.544361763022324,0.5649685174585003,0.34974241556954777,0.27933600457927876,0.3005151688609044,0.3692043503148254,0.24384659416141957,0.3279908414424728,0.23354321694333144,0.17172295363480253,0.2638809387521465,0.24728105323411562,0.21637092157985116,0.18317115054378935,0.25586720091585574,0.24384659416141957,0.18030910131654265,0.21866056096164854,0.21007441327990842,0.19061247853463079,0.19118488838008013,0.273039496279336,0.18259874069834,0.17344018317115054,0.16542644533485976,0.1728677733257012,0.180881511161992,0.09502003434459072,0.1551230681167716,0.19118488838008013,0.19232970807097882,0.1648540354894104,0.1974813966800229,0.16027475672581568,0.18832283915283343,0.15168860904407555,0.14138523182598742,0.17916428162564396,0.1648540354894104,0.16256439610761306,0.1453921007441328,0.12936462507155122,0.13623354321694334,0.12249570692615913,0.17572982255294792,0.10761305094447625,0.13795077275329135,0.07498568975386377,0.12535775615340583,0.10188895248998282,0.09444762449914139,0.10303377218088151,0.1110475100171723,0.06811677160847167,0.13508872352604465,0.1287922152261019,0.1493989696622782,0.10417859187178019,0.11047510017172295,0.10074413279908415,0.09502003434459072,0.07613050944476245,0.08471665712650257,0.09902690326273612,0.11505437893531768,0.12020606754436176,0.11448196908986835,0.08586147681740126,0.10589582140812821,0.09444762449914139,0.08471665712650257,0.10761305094447625,0.10303377218088151,0.12421293646250715,0.12421293646250715,0.09101316542644533,0.08185460789925587,0.08299942759015455,0.06239267315397825,0.07784773898111047,0.08128219805380653,0.08070978820835718,0.11448196908986835,0.09101316542644533,0.10589582140812821,0.08128219805380653,0.1001717229536348,0.06296508299942759,0.07727532913566114,0.07498568975386377,0.05666857469948483,0.11505437893531768,0.08414424728105323,0.0755580995993131,0.08929593589009731,0.10303377218088151,0.11505437893531768,0.090440755580996,0.11906124785346307,0.08586147681740126,0.11161991986262164,0.0795649685174585,0.08872352604464796,0.05552375500858615,0.06239267315397825,0.0795649685174585,0.08471665712650257,0.10360618202633086,0.10532341156267888,0.1345163136805953,0.06868918145392101,0.05037206639954207,0.0726960503720664,0.048082427017744706,0.06697195191757298,0.06353749284487693,0.059530623926731537,0.10589582140812821,0.0755580995993131,0.08586147681740126,0.07384087006296508,0.08128219805380653,0.0755580995993131,0.059530623926731537,0.07384087006296508,0.07441327990841443,0.0835718374356039,0.0755580995993131,0.06754436176302232,0.07097882083571837,0.0755580995993131,0.07097882083571837,0.10933028048082427,0.0755580995993131,0.06296508299942759,0.05552375500858615,0.06410990269032628,0.06983400114481969,0.08528906697195192,0.07899255867200916,0.08128219805380653,0.0658271322266743,0.0767029192902118,0.05266170578133944,0.07727532913566114,0.05094447624499141,0.06983400114481969,0.09273039496279337,0.07899255867200916,0.10303377218088151,0.05609616485403549,0.07040641099026904,0.06525472238122496,0.07498568975386377,0.06697195191757298,0.061820263308528904,0.07498568975386377,0.09444762449914139,0.048082427017744706,0.04922724670864339,0.0767029192902118,0.04979965655409273,0.06754436176302232,0.08757870635374929,0.05609616485403549,0.0795649685174585,0.05437893531768746,0.04922724670864339,0.04636519748139668,0.0726960503720664,0.06926159129937035,0.03949627933600458,0.0835718374356039,0.06639954207212365,0.07842014882655982,0.0726960503720664,0.04922724670864339,0.06353749284487693,0.038923869490555235,0.04979965655409273,0.05437893531768746,0.044647967945048654,0.05437893531768746,0.044647967945048654,0.03262736119061248,0.029765311963365768,0.053806525472238124,0.05838580423583286,0.05666857469948483,0.04350314825414997,0.0658271322266743,0.061820263308528904,0.06983400114481969,0.053806525472238124,0.08986834573554665,0.04636519748139668,0.04922724670864339,0.07498568975386377,0.053806525472238124,0.08299942759015455,0.040641099026903264,0.04579278763594734,0.04979965655409273,0.08128219805380653,0.06296508299942759,0.04579278763594734,0.05323411562678878,0.05151688609044076,0.04636519748139668,0.04579278763594734,0.044075558099599316,0.06067544361763022,0.04751001717229536,0.045220377790498,0.057240984544934176,0.05151688609044076,0.03777904979965655,0.06868918145392101,0.03663423010875787,0.03606182026330853,0.04922724670864339,0.03777904979965655,0.04751001717229536,0.05094447624499141,0.03205495134516314,0.061820263308528904,0.03262736119061248,0.045220377790498,0.057813394390383514,0.06754436176302232,0.03434459072696051,0.057813394390383514,0.05094447624499141,0.05437893531768746,0.04006868918145392,0.05094447624499141,0.05037206639954207,0.034917000572409845,0.07326846021751574,0.04922724670864339,0.05838580423583286,0.048082427017744706,0.03777904979965655,0.0658271322266743,0.04922724670864339,0.03720663995420721,0.03434459072696051,0.028620492272467088,0.03606182026330853,0.014310246136233544,0.04751001717229536,0.05151688609044076,0.04693760732684602,0.031482541499713794,0.03434459072696051,0.04235832856325129,0.044647967945048654,0.03319977103606182,0.03777904979965655,0.038923869490555235,0.031482541499713794,0.04006868918145392,0.03777904979965655,0.048082427017744706,0.0412135088723526,0.048082427017744706,0.059530623926731537,0.0383514596451059,0.053806525472238124,0.04636519748139668,0.03777904979965655,0.05037206639954207,0.03777904979965655,0.05552375500858615,0.026903262736119062,0.04579278763594734,0.057813394390383514,0.035489410417859184,0.044647967945048654,0.03606182026330853,0.024041213508872353,0.04922724670864339,0.061247853463079566,0.03319977103606182,0.028620492272467088,0.03606182026330853,0.034917000572409845,0.02919290211791643,0.04350314825414997,0.03777904979965655,0.02003434459072696,0.05151688609044076,0.0383514596451059,0.04178591871780195,0.03606182026330853,0.031482541499713794,0.03606182026330853,0.04178591871780195,0.040641099026903264
nh0136,1.0,0.8294829482948295,0.5907590759075908,0.3146314631463146,0.41694169416941695,0.41914191419141916,0.44994499449944997,0.40154015401540155,0.36853685368536854,0.2915291529152915,0.28272827282728275,0.2607260726072607,0.2552255225522552,0.24972497249724973,0.30583058305830585,0.35203520352035206,0.23652365236523654,0.19691969196919692,0.2629262926292629,0.39163916391639164,0.2376237623762376,0.30363036303630364,0.30803080308030806,0.23432343234323433,0.31573157315731576,0.23432343234323433,0.1936193619361936,0.22882288228822883,0.2156215621562156,0.24202420242024203,0.27282728272827284,0.20242024202420242,0.18151815181518152,0.19471947194719472,0.18701870187018702,0.20132013201320131,0.1485148514851485,0.1705170517051705,0.1474147414741474,0.1793179317931793,0.16501650165016502,0.11771177117711772,0.18701870187018702,0.20242024202420242,0.1034103410341034,0.22552255225522552,0.11661166116611661,0.15181518151815182,0.1408140814081408,0.1793179317931793,0.1705170517051705,0.09900990099009901,0.1408140814081408,0.11661166116611661,0.12871287128712872,0.1331133113311331,0.1474147414741474,0.1551155115511551,0.18701870187018702,0.1573157315731573,0.11661166116611661,0.15181518151815182,0.12321232123212321,0.06050605060506051,0.13751375137513752,0.10451045104510451,0.09790979097909791,0.08800880088008801,0.12211221122112212,0.1496149614961496,0.0924092409240924,0.0484048404840484,0.1111111111111111,0.11441144114411442,0.11331133113311331,0.1078107810781078,0.1078107810781078,0.12431243124312431,0.16721672167216722,0.0968096809680968,0.12211221122112212,0.1408140814081408,0.10671067106710672,0.10451045104510451,0.11771177117711772,0.1342134213421342,0.1254125412541254,0.1573157315731573,0.11001100110011001,0.07590759075907591,0.13641364136413642,0.12431243124312431,0.11001100110011001,0.12871287128712872,0.08030803080308031,0.08360836083608361,0.1188118811881188,0.09020902090209021,0.15841584158415842,0.12211221122112212,0.10121012101210121,0.1265126512651265,0.0781078107810781,0.12981298129812982,0.13091309130913092,0.1342134213421342,0.12211221122112212,0.11331133113311331,0.15401540154015403,0.10451045104510451,0.11221122112211221,0.1342134213421342,0.11991199119911991,0.1034103410341034,0.10891089108910891,0.10671067106710672,0.0814081408140814,0.08030803080308031,0.07920792079207921,0.0924092409240924,0.0858085808580858,0.11771177117711772,0.1188118811881188,0.10671067106710672,0.0781078107810781,0.036303630363036306,0.056105610561056105,0.1034103410341034,0.07150715071507151,0.09350935093509351,0.0748074807480748,0.0594059405940594,0.1111111111111111,0.09570957095709572,0.0858085808580858,0.0594059405940594,0.0671067106710671,0.07700770077007701,0.09790979097909791,0.08690869086908691,0.11551155115511551,0.0539053905390539,0.08800880088008801,0.08250825082508251,0.09130913091309131,0.058305830583058306,0.11441144114411442,0.09130913091309131,0.0891089108910891,0.09130913091309131,0.0781078107810781,0.0858085808580858,0.08690869086908691,0.09020902090209021,0.1001100110011001,0.061606160616061605,0.11331133113311331,0.07920792079207921,0.0781078107810781,0.0891089108910891,0.06930693069306931,0.04950495049504951,0.04950495049504951,0.07700770077007701,0.0858085808580858,0.05720572057205721,0.08800880088008801,0.04950495049504951,0.0968096809680968,0.0374037403740374,0.06050605060506051,0.09570957095709572,0.10561056105610561,0.0847084708470847,0.061606160616061605,0.08690869086908691,0.0781078107810781,0.047304730473047306,0.0847084708470847,0.09460946094609461,0.0517051705170517,0.07260726072607261,0.07150715071507151,0.0627062706270627,0.07590759075907591,0.025302530253025302,0.09570957095709572,0.0814081408140814,0.047304730473047306,0.056105610561056105,0.0737073707370737,0.0858085808580858,0.052805280528052806,0.056105610561056105,0.052805280528052806,0.0968096809680968,0.0781078107810781,0.058305830583058306,0.0891089108910891,0.04950495049504951,0.09570957095709572,0.0737073707370737,0.066006600660066,0.07590759075907591,0.0891089108910891,0.1001100110011001,0.08360836083608361,0.0737073707370737,0.05720572057205721,0.08800880088008801,0.0539053905390539,0.06820682068206821,0.0671067106710671,0.09460946094609461,0.06050605060506051,0.08690869086908691,0.0671067106710671,0.0891089108910891,0.06930693069306931,0.0638063806380638,0.04950495049504951,0.0858085808580858,0.0594059405940594,0.045104510451045104,0.045104510451045104,0.0704070407040704,0.06930693069306931,0.0814081408140814,0.056105610561056105,0.0737073707370737,0.036303630363036306,0.05500550055005501,0.06490649064906491,0.0352035203520352,0.03850385038503851,0.0517051705170517,0.061606160616061605,0.05500550055005501,0.03850385038503851,0.0748074807480748,0.0781078107810781,0.050605060506050605,0.050605060506050605,0.04400440044004401,0.07590759075907591,0.07260726072607261,0.07590759075907591,0.0517051705170517,0.019801980198019802,0.0352035203520352,0.041804180418041806,0.0638063806380638,0.04950495049504951,0.034103410341034104,0.03850385038503851,0.04950495049504951,0.0781078107810781,0.0484048404840484,0.066006600660066,0.056105610561056105,0.03850385038503851,0.0638063806380638,0.0737073707370737,0.0594059405940594,0.04950495049504951,0.0517051705170517,0.039603960396039604,0.04950495049504951,0.033003300330033,0.0319031903190319,0.0737073707370737,0.0484048404840484,0.0671067106710671,0.0242024202420242,0.0429042904290429,0.041804180418041806,0.04400440044004401,0.061606160616061605,0.0594059405940594,0.06820682068206821,0.041804180418041806,0.056105610561056105,0.08030803080308031,0.05720572057205721,0.0704070407040704,0.1001100110011001,0.0539053905390539,0.0781078107810781,0.0517051705170517,0.0462046204620462,0.0638063806380638,0.0242024202420242,0.041804180418041806,0.036303630363036306,0.052805280528052806,0.0429042904290429,0.0374037403740374,0.07150715071507151,0.06930693069306931,0.0121012101210121
nh0137,1.0,0.5552162849872774,0.5302798982188295,0.5068702290076336,0.30916030534351147,0.4063613231552163,0.24173027989821882,0.24936386768447838,0.2653944020356234,0.4015267175572519,0.22111959287531807,0.22213740458015266,0.28142493638676847,0.24860050890585242,0.17735368956743003,0.2407124681933842,0.2564885496183206,0.2880407124681934,0.28905852417302796,0.24325699745547075,0.1905852417302799,0.16615776081424935,0.23435114503816795,0.1524173027989822,0.22493638676844785,0.2104325699745547,0.2475826972010178,0.2272264631043257,0.18880407124681933,0.2511450381679389,0.17989821882951654,0.12900763358778625,0.20483460559796438,0.1905852417302799,0.16259541984732825,0.2005089058524173,0.17760814249363868,0.20076335877862594,0.1638676844783715,0.17938931297709923,0.18804071246819337,0.15648854961832062,0.13078880407124682,0.13053435114503817,0.14376590330788805,0.16132315521628499,0.11501272264631043,0.1643765903307888,0.12748091603053435,0.11857506361323156,0.10559796437659033,0.15089058524173027,0.15852417302798982,0.11984732824427481,0.10814249363867684,0.12900763358778625,0.09618320610687023,0.12340966921119594,0.10636132315521629,0.12086513994910941,0.15190839694656488,0.10152671755725191,0.10610687022900764,0.16412213740458015,0.1272264631043257,0.1628498727735369,0.1628498727735369,0.14707379134860052,0.09338422391857507,0.08473282442748091,0.1282442748091603,0.1183206106870229,0.14045801526717558,0.0816793893129771,0.11857506361323156,0.12442748091603054,0.13638676844783715,0.07022900763358779,0.09185750636132316,0.09363867684478372,0.11603053435114503,0.10305343511450382,0.11272264631043256,0.10966921119592875,0.11959287531806616,0.10458015267175573,0.0816793893129771,0.12111959287531807,0.06513994910941476,0.11119592875318066,0.1010178117048346,0.09287531806615776,0.07506361323155217,0.089058524173028,0.1282442748091603,0.11145038167938931,0.0638676844783715,0.13587786259541984,0.06513994910941476,0.08651399491094147,0.11323155216284987,0.127735368956743,0.09821882951653944,0.09185750636132316,0.07531806615776081,0.055216284987277355,0.11043256997455471,0.09821882951653944,0.08498727735368956,0.07251908396946564,0.08371501272264631,0.04147582697201018,0.10712468193384224,0.11603053435114503,0.10178117048346055,0.07659033078880408,0.08676844783715013,0.06081424936386769,0.10458015267175573,0.0717557251908397,0.062340966921119595,0.07811704834605598,0.1193384223918575,0.11857506361323156,0.08269720101781171,0.08396946564885496,0.09974554707379135,0.07964376590330789,0.07251908396946564,0.06310432569974554,0.09389312977099237,0.10330788804071246,0.07862595419847328,0.09541984732824428,0.09338422391857507,0.06793893129770992,0.11984732824427481,0.08422391857506362,0.07557251908396946,0.09694656488549619,0.089058524173028,0.08244274809160305,0.07684478371501273,0.09033078880407125,0.08040712468193384,0.0916030534351145,0.05725190839694656,0.06666666666666667,0.06513994910941476,0.06793893129770992,0.09694656488549619,0.08549618320610687,0.07888040712468193,0.06666666666666667,0.09033078880407125,0.052417302798982185,0.0633587786259542,0.0727735368956743,0.056997455470737916,0.07913486005089058,0.0628498727735369,0.08625954198473282,0.12010178117048347,0.05776081424936387,0.05826972010178117,0.0648854961832061,0.07709923664122137,0.09287531806615776,0.06463104325699745,0.06539440203562341,0.06539440203562341,0.0450381679389313,0.06030534351145038,0.04071246819338423,0.05928753180661578,0.058524173027989825,0.1010178117048346,0.0549618320610687,0.06539440203562341,0.04198473282442748,0.06081424936386769,0.05623409669211196,0.06183206106870229,0.08066157760814249,0.061068702290076333,0.05597964376590331,0.0539440203562341,0.040966921119592874,0.06692111959287532,0.07099236641221374,0.06972010178117048,0.044783715012722644,0.07353689567430026,0.052417302798982185,0.04885496183206107,0.06361323155216285,0.05979643765903308,0.06437659033078881,0.05165394402035623,0.04885496183206107,0.07226463104325699,0.04529262086513995,0.07404580152671755,0.06259541984732825,0.062340966921119595,0.05063613231552163,0.047073791348600506,0.06743002544529263,0.04783715012722646,0.05547073791348601,0.04147582697201018,0.05648854961832061,0.06183206106870229,0.056997455470737916,0.06183206106870229,0.0450381679389313,0.05063613231552163,0.037659033078880404,0.05674300254452926,0.0455470737913486,0.03486005089058524,0.06972010178117048,0.04885496183206107,0.04681933842239186,0.051908396946564885,0.06132315521628499,0.0737913486005089,0.0727735368956743,0.055216284987277355,0.05165394402035623,0.06157760814249364,0.05063613231552163,0.06081424936386769,0.03486005089058524,0.07124681933842239,0.07226463104325699,0.05623409669211196,0.06692111959287532,0.05776081424936387,0.06666666666666667,0.06539440203562341,0.06972010178117048,0.06692111959287532,0.04249363867684478,0.05216284987277354,0.07913486005089058,0.040966921119592874,0.04681933842239186,0.047582697201017814,0.03104325699745547,0.009414758269720101,0.0633587786259542,0.07888040712468193,0.07455470737913486,0.04910941475826972,0.04910941475826972,0.04071246819338423,0.062340966921119595,0.06412213740458016,0.06946564885496183,0.03791348600508906,0.06157760814249364,0.07608142493638677,0.05343511450381679,0.0544529262086514,0.0633587786259542,0.06081424936386769,0.04783715012722646,0.051908396946564885,0.055725190839694655,0.044274809160305344,0.04910941475826972,0.03740458015267176,0.06463104325699745,0.03409669211195929,0.05165394402035623,0.06946564885496183,0.03689567430025445,0.05674300254452926,0.05165394402035623,0.0366412213740458,0.05012722646310432,0.03358778625954199,0.06081424936386769,0.05114503816793893,0.04173027989821883,0.044783715012722644,0.048600508905852415,0.042748091603053436,0.0366412213740458,0.039440203562340966,0.0633587786259542,0.0371501272264631,0.035623409669211195,0.03994910941475827,0.05267175572519084,0.048091603053435114,0.04681933842239186,0.0366412213740458,0.048600508905852415
nh0138,1.0,0.5023542194856936,0.48424483882651215,0.5052517203911626,0.26222383194494747,0.28250633828323074,0.2176747555233611,0.2575153929735603,0.26186164433176384,0.3122057225642883,0.20825787758058675,0.2640347700108656,0.2955450923578414,0.19014849692140529,0.16841724013038753,0.1952191235059761,0.22093444404201376,0.2176747555233611,0.2350597609561753,0.17421224194132562,0.2115175660992394,0.22745382107931908,0.26838102136906916,0.186526620789569,0.1466859833393698,0.17964505613908005,0.19232162260050706,0.18362911988409997,0.12640347700108656,0.16407098877218398,0.1057587830496197,0.15248098515030786,0.16407098877218398,0.15610286128214415,0.13002535313292285,0.1691416153567548,0.1579137993480623,0.15103223469757335,0.13147410358565736,0.15646504889532778,0.15972473741398044,0.1169865990583122,0.09380659181455994,0.11915972473741399,0.0720753350235422,0.07533502354219486,0.3480622962694676,0.14596160811300254,0.11264034770010865,0.08113002535313292,0.1032234697573343,0.10974284679463962,0.16117348786671495,0.08728721477725462,0.06809127127852227,0.09887721839913075,0.09923940601231437,0.11119159724737414,0.14052879391524808,0.15755161173487867,0.06990220934444041,0.11843534951104673,0.08656283955088737,0.0970662803332126,0.10793190872872148,0.10503440782325245,0.08402752625860195,0.13111191597247374,0.10141253169141615,0.12169503802969939,0.13292285403839188,0.0945309670409272,0.10974284679463962,0.09489315465411083,0.09308221658819268,0.09851503078594712,0.11336472292647591,0.09597971749366171,0.07569721115537849,0.07062658457080769,0.09127127852227454,0.09597971749366171,0.0894603404563564,0.060123143788482436,0.09779065555957986,0.0970662803332126,0.077145961608113,0.0720753350235422,0.038754074610648316,0.08475190148496921,0.09235784136182543,0.0945309670409272,0.07388627308946034,0.10249909453096705,0.14885910901847157,0.0894603404563564,0.07750814922129663,0.09996378123868163,0.05867439333574792,0.05903658094893155,0.11988409996378124,0.06302064469395147,0.10539659543643608,0.07352408547627672,0.0822165881926838,0.08909815284317277,0.05070626584570807,0.0894603404563564,0.07497283592901123,0.07243752263672583,0.08475190148496921,0.08873596522998914,0.04889532777978993,0.06736689605215501,0.06229626946758421,0.05106845345889171,0.07352408547627672,0.2897500905469033,0.05324157913799348,0.08366533864541832,0.08909815284317277,0.06700470843897138,0.07678377399492937,0.0720753350235422,0.1119159724737414,0.0659181455994205,0.07062658457080769,0.0720753350235422,0.06954002173125678,0.08801159000362188,0.07352408547627672,0.07062658457080769,0.0485331401666063,0.08511408909815284,0.05360376675117711,0.04273813835566823,0.034045635639261135,0.09163346613545817,0.05976095617529881,0.057950018109380656,0.0459978268743209,0.07279971024990946,0.05613908004346251,0.08366533864541832,0.077145961608113,0.08656283955088737,0.06736689605215501,0.0485331401666063,0.04889532777978993,0.04889532777978993,0.07678377399492937,0.07098877218399131,0.0684534588917059,0.07026439695762404,0.06954002173125678,0.08764940239043825,0.05650126765664614,0.05867439333574792,0.08511408909815284,0.07062658457080769,0.042375950742484604,0.07678377399492937,0.06700470843897138,0.07026439695762404,0.055414704817095255,0.07931908728721478,0.08366533864541832,0.06809127127852227,0.109380659181456,0.09996378123868163,0.0373053241579138,0.0434625135820355,0.04310032596885187,0.03549438609199566,0.05613908004346251,0.0485331401666063,0.0434625135820355,0.07569721115537849,0.03332126041289388,0.026077508149221298,0.04636001448750453,0.06519377037305324,0.06917783411807316,0.06483158275986961,0.050344078232524445,0.0970662803332126,0.03513219847881202,0.06229626946758421,0.07352408547627672,0.0659181455994205,0.05143064107207534,0.039116262223831945,0.05976095617529881,0.06157189424121695,0.055414704817095255,0.05106845345889171,0.04961970300615719,0.04925751539297356,0.034407823252444764,0.07569721115537849,0.055414704817095255,0.0485331401666063,0.054690329590728,0.05070626584570807,0.05976095617529881,0.07135095979717494,0.06302064469395147,0.028975009054690328,0.05179282868525897,0.04889532777978993,0.07569721115537849,0.06954002173125678,0.034045635639261135,0.04056501267656646,0.05070626584570807,0.028975009054690328,0.03694313654473017,0.05758783049619703,0.06917783411807316,0.021006881564650488,0.060847519014849694,0.04128938790293372,0.07424846070264397,0.04889532777978993,0.06736689605215501,0.05360376675117711,0.044549076421586384,0.05143064107207534,0.04961970300615719,0.030423759507424847,0.031148134733792104,0.03295907279971025,0.02825063382832307,0.057950018109380656,0.04780876494023904,0.05867439333574792,0.0572256428830134,0.03694313654473017,0.03839188699746469,0.04092720028975009,0.05106845345889171,0.077145961608113,0.03658094893154654,0.03477001086562839,0.02825063382832307,0.03694313654473017,0.030423759507424847,0.047446577327055414,0.08909815284317277,0.03658094893154654,0.250996015936255,0.04020282506338283,0.035856573705179286,0.03295907279971025,0.04889532777978993,0.03839188699746469,0.041651575516117346,0.04672220210068816,0.03151032234697573,0.05324157913799348,0.060123143788482436,0.043824701195219126,0.03259688518652662,0.0398406374501992,0.060123143788482436,0.03694313654473017,0.047084389713871785,0.04672220210068816,0.058312205722564285,0.04527345164795364,0.0459978268743209,0.02969938428105759,0.04020282506338283,0.042013763129300975,0.04636001448750453,0.05650126765664614,0.04961970300615719,0.04128938790293372,0.03187250996015936,0.0398406374501992,0.03658094893154654,0.03332126041289388,0.02426657008330315,0.0572256428830134,0.042375950742484604,0.04056501267656646,0.0373053241579138,0.02462875769648678,0.04780876494023904,0.022817819630568635,0.030061571894241218,0.055776892430278883,0.014849692140528795,0.035856573705179286,0.04636001448750453,0.07243752263672583,0.03766751177109743,0.02390438247011952,0.0286128214415067,0.04273813835566823
nh0139,1.0,0.482438433589019,0.5817521194993944,0.35769075494549857,0.34800161485668146,0.3189341945902301,0.31651190956802583,0.3314493338716189,0.2813887767460638,0.33871618893823174,0.196608800968914,0.29794105773112634,0.24465078724263223,0.225272507064998,0.26806620912394025,0.24626564392410175,0.20387565603552685,0.2854259184497376,0.2527250706499798,0.236980218005652,0.23536536132418248,0.17601937828017764,0.1707710940654017,0.2793702058942269,0.1687525232135648,0.22204279370205895,0.1586596689543803,0.17803794913201454,0.16996366572466692,0.15946709729511505,0.124343964473153,0.10900282599919257,0.15785224061364553,0.18207509083568832,0.16754138070246266,0.1824788050060557,0.13928138877674606,0.14372224465078726,0.15381509890997175,0.16310052482842147,0.1542188130803391,0.11303996770286637,0.1626968106580541,0.1869196608800969,0.1102139685102947,0.07347597900686315,0.17440452159870812,0.13322567622123538,0.11707710940654018,0.11384739604360113,0.07549454985870004,0.10536939846588615,0.09245054501413,0.12757367783609205,0.13524424707307225,0.15381509890997175,0.07872426322163908,0.10900282599919257,0.11667339523617279,0.11788453774727493,0.08235769075494549,0.10294711344368188,0.0863948324586193,0.09325797335486476,0.11061768268066209,0.10294711344368188,0.124343964473153,0.10133225676221236,0.08477997577714978,0.08276140492531288,0.11748082357690755,0.0763019781994348,0.0843762616067824,0.11223253936213161,0.12272910779168349,0.09568025837706903,0.1065805409769883,0.07993540573274122,0.1065805409769883,0.10335082761404925,0.12313282196205087,0.09810254339927331,0.09608397254743642,0.11626968106580542,0.09204683084376261,0.0985062575696407,0.12111425111021397,0.09002825999192572,0.10092854259184497,0.0863948324586193,0.10133225676221236,0.07186112232539363,0.10133225676221236,0.09931368591037545,0.08881711748082358,0.08760597496972143,0.08316511909568026,0.07710940654016955,0.07872426322163908,0.08558740411788454,0.07549454985870004,0.07186112232539363,0.09083568833266048,0.07145740815502624,0.06136455389584174,0.06943883730318934,0.08760597496972143,0.07872426322163908,0.05692369802180056,0.08397254743641502,0.07791683488090433,0.09204683084376261,0.07710940654016955,0.07912797739200646,0.06297941057731127,0.0702462656439241,0.0621719822365765,0.0985062575696407,0.06782398062171982,0.055712555510698425,0.0763019781994348,0.05409769882922891,0.09002825999192572,0.08356883326604764,0.08316511909568026,0.050464271295922486,0.0702462656439241,0.07387969317723052,0.07307226483649576,0.07912797739200646,0.06984255147355672,0.06499798142914816,0.05853855470327009,0.0863948324586193,0.1045619701251514,0.06782398062171982,0.05732741219216794,0.08316511909568026,0.07266855066612839,0.06540169559951554,0.04360113039967703,0.07064997981429148,0.06459426725878079,0.08881711748082358,0.06782398062171982,0.06257569640694388,0.072264836495761,0.05288655631812677,0.05853855470327009,0.054905127169963666,0.04965684295518773,0.0803391199031086,0.045619701251513926,0.0641905530884134,0.06459426725878079,0.07266855066612839,0.0662091239402503,0.051675413807024624,0.05006055712555511,0.05248284214775938,0.07509083568833266,0.06742026645135245,0.0621719822365765,0.04440855874041179,0.04521598708114655,0.07105369398465886,0.06701655228098506,0.060960839725474364,0.07266855066612839,0.08356883326604764,0.05288655631812677,0.046830843762616065,0.055712555510698425,0.06338312474767864,0.060960839725474364,0.06540169559951554,0.04319741622930965,0.07589826402906742,0.06297941057731127,0.0662091239402503,0.06136455389584174,0.04319741622930965,0.05006055712555511,0.046830843762616065,0.04925312878482035,0.08518368994751715,0.06136455389584174,0.04521598708114655,0.060153411384739605,0.04481227291077917,0.05450141299959629,0.04965684295518773,0.07266855066612839,0.052079127977392004,0.07872426322163908,0.025837706903512312,0.05853855470327009,0.07105369398465886,0.02866370609608397,0.05288655631812677,0.04965684295518773,0.059345983044004846,0.050464271295922486,0.05006055712555511,0.06257569640694388,0.05450141299959629,0.06943883730318934,0.045619701251513926,0.03875656035526847,0.07064997981429148,0.05369398465886153,0.046427129592248685,0.07145740815502624,0.046830843762616065,0.060153411384739605,0.05369398465886153,0.031489705288655634,0.04037141703673799,0.056519983851433184,0.03754541784416633,0.0662091239402503,0.06499798142914816,0.046830843762616065,0.05288655631812677,0.051675413807024624,0.06176826806620912,0.051675413807024624,0.05813484053290271,0.04440855874041179,0.04198627371820751,0.05006055712555511,0.06742026645135245,0.050464271295922486,0.045619701251513926,0.04521598708114655,0.06540169559951554,0.04723455793298345,0.05692369802180056,0.05450141299959629,0.04037141703673799,0.05006055712555511,0.03996770286637061,0.05369398465886153,0.035930561162696814,0.03391199031085991,0.03229713362939039,0.03350827614049253,0.04360113039967703,0.06984255147355672,0.07266855066612839,0.06863140896245458,0.051675413807024624,0.07064997981429148,0.05006055712555511,0.04763827210335083,0.03875656035526847,0.029471134436818733,0.04319741622930965,0.04965684295518773,0.027856277755349212,0.056116269681065804,0.04481227291077917,0.03471941865159467,0.03875656035526847,0.04925312878482035,0.03552684699232943,0.050464271295922486,0.04884941461445297,0.050867985466289865,0.050464271295922486,0.04037141703673799,0.059345983044004846,0.03512313282196205,0.04037141703673799,0.050464271295922486,0.06459426725878079,0.03996770286637061,0.03391199031085991,0.03754541784416633,0.03996770286637061,0.03512313282196205,0.05894226887363747,0.035930561162696814,0.054905127169963666,0.04037141703673799,0.03350827614049253,0.027048849414614454,0.05329027048849415,0.030278562777553492,0.03310456197012515,0.028259991925716592,0.06459426725878079,0.04279370205894227,0.021800565199838515,0.03916027452563585,0.03471941865159467,0.03916027452563585,0.05288655631812677,0.021396851029471135,0.020589422688736373
nh0140,1.0,0.6113030602171767,0.5935340572556762,0.30231984205330703,0.2087857847976308,0.2912142152023692,0.3324284304047384,0.2472852912142152,0.2620927936821323,0.21791707798617965,0.18780848963474828,0.2485192497532083,0.2295162882527147,0.22556762092793683,0.17818361303060218,0.30848963474827246,0.18213228035538007,0.1934846989141165,0.23864758144126358,0.2253208292201382,0.19447186574531095,0.25370187561697927,0.22087857847976308,0.17127344521224086,0.19940769990128332,0.12611056268509377,0.18163869693978282,0.1964461994076999,0.10735439289239881,0.25641658440276405,0.26554787759131293,0.16535044422507403,0.16115498519249752,0.13079960513326752,0.18780848963474828,0.17966436327739388,0.1660908193484699,0.20162882527147089,0.1498025666337611,0.12413622902270484,0.175715695952616,0.10612043435340572,0.11475814412635735,0.17398815399802567,0.08810463968410662,0.20977295162882528,0.08292201382033564,0.10217176702862783,0.07576505429417571,0.1345014807502468,0.13672260612043435,0.09649555774925962,0.1140177690029615,0.10488647581441264,0.06219151036525173,0.09304047384007898,0.13005923000987166,0.18114511352418558,0.14264560710760119,0.13153998025666339,0.09452122408687068,0.09723593287265547,0.09970384995064166,0.07181638696939782,0.09846989141164857,0.1031589338598223,0.131786771964462,0.09526159921026653,0.11377097729516288,0.17102665350444224,0.08711747285291215,0.07773938795656465,0.0960019743336624,0.118213228035538,0.10661401776900296,0.11426456071076012,0.07502467917077986,0.12487660414610069,0.062438302073050345,0.06786771964461995,0.07601184600197433,0.09180651530108588,0.08687068114511352,0.09649555774925962,0.11303060217176703,0.0947680157946693,0.07502467917077986,0.09772951628825272,0.05848963474827246,0.07798617966436328,0.08464955577492596,0.07576505429417571,0.1113030602171767,0.07107601184600197,0.07132280355380059,0.10044422507403751,0.09921026653504442,0.10735439289239881,0.05577492596248766,0.0631786771964462,0.07403751233958539,0.09106614017769003,0.08933859822309971,0.05231984205330701,0.04886475814412636,0.1029121421520237,0.07428430404738401,0.07996051332675222,0.11154985192497532,0.11648568608094768,0.13351431391905233,0.07724580454096742,0.06071076011846002,0.08144126357354393,0.059970384995064165,0.11327739387956565,0.08588351431391905,0.03257650542941757,0.10661401776900296,0.10587364264560711,0.0960019743336624,0.08292201382033564,0.07749259624876605,0.07576505429417571,0.06465942744323791,0.05207305034550839,0.06515301085883514,0.09007897334649556,0.07502467917077986,0.062438302073050345,0.07798617966436328,0.06465942744323791,0.06391905231984206,0.0673741362290227,0.05380059230009872,0.056762092793682134,0.13968410661401776,0.0481243830207305,0.07230997038499506,0.08563672260612043,0.05972359328726555,0.04713721618953603,0.04985192497532083,0.06268509378084897,0.04985192497532083,0.08835143139190524,0.065893385982231,0.049358341559723594,0.11303060217176703,0.05231984205330701,0.08267522211253701,0.07329713721618954,0.07428430404738401,0.07996051332675222,0.0673741362290227,0.08415597235932873,0.08884501480750247,0.06416584402764067,0.09550839091806515,0.055034550839091805,0.048617966436327736,0.0604639684106614,0.047630799605133264,0.060217176702862786,0.08218163869693978,0.041954590325765054,0.037018756169792694,0.05824284304047384,0.07206317867719644,0.04590325765054294,0.04244817374136229,0.03825271470878579,0.04664363277393879,0.05725567620927937,0.04713721618953603,0.05380059230009872,0.06120434353405726,0.05848963474827246,0.04368213228035538,0.02936821322803554,0.059970384995064165,0.05133267522211254,0.030848963474827247,0.04516288252714709,0.04886475814412636,0.03381046396841066,0.032082922013820334,0.037018756169792694,0.06095755182625864,0.06786771964461995,0.054294175715695954,0.07181638696939782,0.049358341559723594,0.07428430404738401,0.05059230009871668,0.08366238894373149,0.05157946692991115,0.052566633761105624,0.07255676209279369,0.054294175715695954,0.07625863770977295,0.047877591312931886,0.05306021717670286,0.046150049358341556,0.06786771964461995,0.04269496544916091,0.07107601184600197,0.034550839091806514,0.02912142152023692,0.046890424481737414,0.05306021717670286,0.04368213228035538,0.07453109575518263,0.04516288252714709,0.05873642645607108,0.032082922013820334,0.06367226061204344,0.04096742349457058,0.07601184600197433,0.024925962487660415,0.024679170779861797,0.050345508390918066,0.044669299111549855,0.03035538005923001,0.053553800592300096,0.042201382033563675,0.06836130306021718,0.039733464955577495,0.0315893385982231,0.09871668311944719,0.0866238894373149,0.037018756169792694,0.0769990128331688,0.05330700888450148,0.04318854886475815,0.04639684106614018,0.04170779861796644,0.04960513326752221,0.02048371174728529,0.056762092793682134,0.055034550839091805,0.049358341559723594,0.05231984205330701,0.030108588351431393,0.0384995064165844,0.06712734452122408,0.04491609081934847,0.06688055281342548,0.029861796643632775,0.032329713721618955,0.0024679170779861796,0.0343040473840079,0.05157946692991115,0.0343040473840079,0.05231984205330701,0.03751233958538993,0.04738400789733465,0.0755182625863771,0.029861796643632775,0.050345508390918066,0.04713721618953603,0.02665350444225074,0.046890424481737414,0.037265547877591315,0.06145113524185587,0.05478775913129319,0.03677196446199408,0.05133267522211254,0.03060217176702863,0.045409674234945706,0.04096742349457058,0.023938795656465943,0.03751233958538993,0.04170779861796644,0.04146100691016782,0.028627838104639685,0.05700888450148075,0.04022704837117473,0.03060217176702863,0.03257650542941757,0.034797630799605135,0.029615004935834157,0.062438302073050345,0.05478775913129319,0.032082922013820334,0.026406712734452123,0.03677196446199408,0.0315893385982231,0.025913129318854887,0.044669299111549855,0.05157946692991115,0.029615004935834157,0.05059230009871668,0.04096742349457058,0.03775913129318855,0.060217176702862786,0.042941757156959526,0.02912142152023692,0.04516288252714709,0.03899308983218164
nh0141,1.0,0.4819296290399618,0.4367138990606591,0.3980257920713262,0.31046011781563443,0.3032956535583506,0.29644960993472375,0.2563286100939341,0.25553255850979145,0.2921509313803535,0.22591943957968477,0.27065753860850184,0.25601018946027704,0.19773921350103488,0.2084063047285464,0.21015761821366025,0.18977869765960834,0.24247731252985194,0.2365865308071963,0.16207610253144403,0.20585893965928992,0.1875497532240089,0.23419837605476834,0.19041553892692245,0.1472695430663907,0.17560897946186912,0.18675370163986627,0.1770418723133259,0.15570768985830283,0.16048399936315874,0.11128801146314281,0.190574749243751,0.1587326858780449,0.16366820569972934,0.12911956694793822,0.17306161439261264,0.14090113039324947,0.13548797962107945,0.12004457888871199,0.1295971978984238,0.14376691609616304,0.11606432096799872,0.10030249960197421,0.12163668205699729,0.10396433688903041,0.09059067027543385,0.23770100302499603,0.13007482884890942,0.09982486865148861,0.09170514249323355,0.11494984875019901,0.1330998248686515,0.16653399140264288,0.08056042031523643,0.12291036459162553,0.11654195191848432,0.14058270975959242,0.11638274160165579,0.12195510269065435,0.12020378920554052,0.07864989651329406,0.10985511861168604,0.09966565833466008,0.08151568221620761,0.11447221779971342,0.0987103964336889,0.08056042031523643,0.12673141219551026,0.0804012099984079,0.10396433688903041,0.15841426524438784,0.061614392612641296,0.09170514249323355,0.10507880910683012,0.10173539245343098,0.09154593217640503,0.09695908294857507,0.11272090431459958,0.07132622193918166,0.07514726954306639,0.0991880273841745,0.09122751154274797,0.08374462665180704,0.06416175768189779,0.11001432892851457,0.08278936475083586,0.0897946186912912,0.0819933131666932,0.08883935679032001,0.07880910683012259,0.06989332908772489,0.09409329724566153,0.06925648782041076,0.08915777742397707,0.11447221779971342,0.0897946186912912,0.09297882502786181,0.09011303932494825,0.06702754338481133,0.06384333704824073,0.1138353765323993,0.05874860690972775,0.11256169399777105,0.0725999044738099,0.07546569017672346,0.07180385288966724,0.08103805126572201,0.08167489253303614,0.06384333704824073,0.07705779334500876,0.07562490049355199,0.11686037255214138,0.07244069415698137,0.060977551345327174,0.07180385288966724,0.050310460117815634,0.06432096799872632,0.2077694634612323,0.06193281324629836,0.08151568221620761,0.08501830918643528,0.061614392612641296,0.07116701162235313,0.07196306320649579,0.07180385288966724,0.06241044419678395,0.06639070211749722,0.06782359496895399,0.07291832510746696,0.0668683330679828,0.06448017831555485,0.0840630472854641,0.05110651170195828,0.07005253940455342,0.06639070211749722,0.03964336889030409,0.04824072599904474,0.0730775354242955,0.06416175768189779,0.0673459640184684,0.04234994427638911,0.05922623786021334,0.07371437669160961,0.07817226556280847,0.07498805922623786,0.07244069415698137,0.06543544021652603,0.0542907180385289,0.04824072599904474,0.05556440057315714,0.07976436873109377,0.06877885686992517,0.06782359496895399,0.05922623786021334,0.055882821206814204,0.05683808310778538,0.05970386881069893,0.057952555325585096,0.07164464257283872,0.0595446584938704,0.06511701958286897,0.05763413469192804,0.07196306320649579,0.07005253940455342,0.05683808310778538,0.08501830918643528,0.07880910683012259,0.05874860690972775,0.11479063843337048,0.10937748766120045,0.057474924375099504,0.0595446584938704,0.03980257920713262,0.04187231332590352,0.06352491641458366,0.04935519821684445,0.042986785543703235,0.07896831714695113,0.04426046807833148,0.05206177360292947,0.04617099188027384,0.07371437669160961,0.05476834898901449,0.05874860690972775,0.053017035503900654,0.10523801942365865,0.060818341028498646,0.05604203152364273,0.061614392612641296,0.056519662474128325,0.05556440057315714,0.0595446584938704,0.05253940455341506,0.07084859098869607,0.06909727750358223,0.04617099188027384,0.04505651966247413,0.060022289444355996,0.03996178952396115,0.0767393727113517,0.053653876771214776,0.050947301385129755,0.05476834898901449,0.04712625378124503,0.05874860690972775,0.050788091068301226,0.05922623786021334,0.03327495621716287,0.060977551345327174,0.04967361885050151,0.11861168603725522,0.055882821206814204,0.02945390861327814,0.04426046807833148,0.049514408533672984,0.03932494825664703,0.04601178156344531,0.052220983919758,0.053017035503900654,0.03884731730616144,0.06702754338481133,0.04887756726635886,0.05540519025632861,0.05572361088998567,0.06400254736506926,0.051584142652443876,0.0334341665339914,0.03789205540519026,0.04075784110810381,0.031046011781563444,0.042986785543703235,0.0428275752268747,0.03502626970227671,0.05508676962267155,0.04266836491004617,0.05110651170195828,0.05333545613755771,0.041076261741760864,0.04537494029613119,0.038210476038847314,0.04537494029613119,0.053653876771214776,0.04219073395956058,0.042986785543703235,0.037255214137876136,0.047285464098073555,0.031205222098391976,0.04760388473173061,0.09457092819614711,0.06432096799872632,0.16000636841267313,0.030886801464734916,0.0428275752268747,0.038051265722018786,0.045215729979302656,0.02881706734596402,0.033752587167648465,0.04569336092978825,0.031682853048877566,0.06400254736506926,0.040917051424932335,0.052220983919758,0.03789205540519026,0.046648622830759434,0.051584142652443876,0.03693679350421907,0.04187231332590352,0.04569336092978825,0.059385448177041875,0.030886801464734916,0.04633020219710237,0.05046967043464416,0.04394204744467441,0.037255214137876136,0.04839993631587327,0.07514726954306639,0.05206177360292947,0.044578888711988535,0.03932494825664703,0.033752587167648465,0.0448973093456456,0.04426046807833148,0.03247890463302022,0.03757363477153319,0.02913548797962108,0.03327495621716287,0.031046011781563444,0.037255214137876136,0.040280210157618214,0.024836809425250756,0.036618372870562015,0.06336570609775513,0.02642891259353606,0.02626970227670753,0.04394204744467441,0.04633020219710237,0.03868810698933291,0.033911797484476994,0.023722337207451042,0.0391657379398185
nh0142,1.0,0.5643653904130238,0.49894482966536025,0.4903527283690081,0.3580042206813386,0.3708170033162496,0.2553512209828158,0.32695206511908353,0.24283991558637322,0.3299668375037685,0.23937292734398552,0.2437443473017787,0.25248718721736507,0.2853482062104311,0.25339161893277057,0.240880313536328,0.3319264395538137,0.3005728067530901,0.26635514018691586,0.26303889056376245,0.18148929755803436,0.2304793488091649,0.20349713596623456,0.19384986433524268,0.20515526077781127,0.20500452215857703,0.1955079891468194,0.18013264998492615,0.19128730780826048,0.1655110039192041,0.2001808863430811,0.17757009345794392,0.15872776605366296,0.17817304793488092,0.19912571600844137,0.19384986433524268,0.14290021103406692,0.14335242689176966,0.1548085619535725,0.14546276756104914,0.13355441664154355,0.1664154356346096,0.12993668977992162,0.18510702441965632,0.17334941211938498,0.18359963822731384,0.09903527283690082,0.13973470003014773,0.12722339463370516,0.13189629182996684,0.11682242990654206,0.16038589086523966,0.10205004522158577,0.1103406692794694,0.1661139583961411,0.12330419053361472,0.07672595719023213,0.14516129032258066,0.10853180584865843,0.139282484172445,0.14290021103406692,0.09843231835996383,0.1282785649683449,0.1955079891468194,0.11953572505275852,0.11079288513717214,0.16566174253843835,0.1799819113656919,0.10431112451009948,0.15842628881519447,0.15797407295749172,0.2169128730780826,0.10792885137172144,0.1270726560144709,0.09933675007536931,0.11169731685257762,0.10823032861018993,0.08848356949050347,0.09225203497135966,0.10928549894482967,0.10838106722942417,0.09119686463671993,0.08772987639433223,0.10009044317154055,0.11637021404883931,0.11712390714501056,0.08531805848658426,0.12209828157974073,0.07521857099788966,0.0753693096171239,0.07476635514018691,0.08757913777509797,0.08592101296352125,0.07687669580946639,0.10220078384082001,0.09466385287910763,0.06391317455532107,0.1071751582755502,0.08788061501356648,0.12390714501055171,0.0895387398251432,0.07129936689779921,0.09843231835996383,0.08863430810973771,0.06496834488996081,0.09858305697919807,0.12993668977992162,0.06225504974374435,0.09978896593307206,0.07732891166716913,0.10069339764847754,0.09104612601748568,0.102803738317757,0.09782936388302683,0.08094663852879108,0.11109436237564065,0.1138076575218571,0.04069942719324691,0.0762737413325294,0.10762737413325293,0.1005426590292433,0.07280675309014169,0.103406692794694,0.07205305999397045,0.06496834488996081,0.08381067229424179,0.12345492915284896,0.06843533313234851,0.10159782936388302,0.08230328610189931,0.0725052758516732,0.07280675309014169,0.07747965028640337,0.11682242990654206,0.07958999095568285,0.07672595719023213,0.09149834187518842,0.051552607778112755,0.08170033162496232,0.08622249020198974,0.06331022007838408,0.07491709375942117,0.0791377750979801,0.0762737413325294,0.06255652698221284,0.0794392523364486,0.08471510400964727,0.06421465179378957,0.09918601145613506,0.07340970756707868,0.09044317154054869,0.05803436840518541,0.06074766355140187,0.06029544769369913,0.0719023213747362,0.11290322580645161,0.046427494724148324,0.05501959602050045,0.06662646970153753,0.050497437443473014,0.08652396744045825,0.0756707868555924,0.08426288815194453,0.08154959300572807,0.05652698221284293,0.08833283087126922,0.061953572505275854,0.047934880916490806,0.11275248718721737,0.0967741935483871,0.0696412420862225,0.07205305999397045,0.056074766355140186,0.061501356647573106,0.09285498944829665,0.05622550497437444,0.06677720832077177,0.0762737413325294,0.05125113053964426,0.0586373228821224,0.06542056074766354,0.06647573108230329,0.05215556225504974,0.05908953873982514,0.08109737714802533,0.09556828459451311,0.07778112752487187,0.058788061501356646,0.10235152246005427,0.086976183298161,0.07009345794392523,0.03889056376243594,0.05667772083207718,0.06587277660536629,0.07371118480554718,0.07476635514018691,0.05908953873982514,0.06858607175158275,0.04672897196261682,0.051552607778112755,0.03662948447392222,0.0482363581549593,0.053361471208923726,0.04461863129333735,0.05351220982815797,0.05396442568586072,0.050497437443473014,0.04205607476635514,0.05848658426288815,0.047934880916490806,0.0996382273138378,0.0514018691588785,0.0652698221284293,0.08350919505577328,0.08049442267108833,0.041151643050949656,0.05939101597829364,0.04868857401266204,0.07672595719023213,0.0589388001205909,0.04944226710883328,0.07582152547482665,0.04356346095869762,0.06300874283991559,0.05366294844739222,0.05999397045523063,0.042508290624057886,0.05532107325896895,0.05260777811275249,0.06165209526680736,0.06481760627072657,0.04567380162797709,0.04687971058185107,0.049140789870364784,0.05125113053964426,0.05532107325896895,0.05034669882423877,0.051703346397347,0.05110039192041001,0.052909255351220985,0.056074766355140186,0.04597527886644558,0.04537232438950859,0.06255652698221284,0.05396442568586072,0.050497437443473014,0.05577328911667169,0.058185107024419654,0.08531805848658426,0.043864938197166116,0.0006029544769369913,0.04492010853180585,0.05637624359360868,0.05079891468194151,0.04808561953572505,0.040096472716309915,0.027132951462164608,0.056074766355140186,0.027886644558335845,0.03723243895085921,0.04567380162797709,0.04024721133554417,0.04944226710883328,0.0416038589086524,0.04205607476635514,0.0621043111245101,0.04944226710883328,0.03949351823937293,0.060144709074464876,0.04944226710883328,0.054265902924329215,0.047934880916490806,0.061953572505275854,0.08004220681338559,0.02351522460054266,0.06602351522460054,0.05486885740126621,0.04461863129333735,0.047784142297256554,0.07491709375942117,0.045221585770274346,0.04461863129333735,0.03678022309315647,0.036026529996985225,0.05728067530901417,0.10642146517937896,0.0378353934277962,0.042508290624057886,0.03587579137775098,0.053361471208923726,0.05652698221284293,0.04612601748567983,0.034669882423876995,0.055622550497437445,0.04703044920108532,0.05215556225504974,0.057431413928248416,0.04401567681640036,0.03391618932770576,0.05381368706662647
nh0143,1.0,0.6337112060955212,0.6400297342501394,0.5874372793161122,0.43040327076751533,0.4415536145697826,0.25459951681843523,0.38970451588923993,0.24753763241033266,0.34380226723657314,0.3237316483924921,0.27838691692993867,0.27262590596543396,0.3335811187511615,0.29957257015424643,0.34510314068017095,0.39416465341014684,0.332837762497677,0.31072291395651364,0.3724214829957257,0.21390076194015983,0.25943133246608435,0.2209626463482624,0.19160007433562534,0.2518119308678684,0.2334138635941275,0.24010406987548782,0.2408474261289723,0.1938301430960788,0.2335997026574986,0.26983832001486713,0.2036796134547482,0.20052034937743915,0.2008920275041814,0.28396208883107227,0.24512172458650808,0.23508641516446757,0.2282103698197361,0.19011336182865637,0.16985690392120423,0.19160007433562534,0.20888310722913955,0.1865824196246051,0.22839620888310722,0.17097193830143095,0.2624047574800223,0.11707860992380599,0.16223750232298828,0.15629065229511244,0.17877717896301804,0.15368890540791674,0.19234343058910983,0.11837948336740382,0.16242334138635942,0.1533172272811745,0.12191042557145512,0.07805240661587065,0.22709533543950938,0.1434677569225051,0.15368890540791674,0.19197175246236758,0.1081583348819922,0.15889239918230813,0.22300687604534472,0.1226537818249396,0.1507154803939788,0.16391005389332838,0.22393607136220034,0.13770674595800036,0.15573313510499906,0.15108715852072105,0.3417580375394908,0.12785727559933097,0.15424642259803012,0.14737037725329866,0.15907823824567924,0.14198104441553613,0.1306448615498978,0.11503438022672366,0.14105184909868054,0.12246794276156849,0.110945920832559,0.10741497862850771,0.22523694480579817,0.1453261475562163,0.10425571455119866,0.11373350678312581,0.15759152573871027,0.08938858948150902,0.10146812860063185,0.09422040512915815,0.09775134733320943,0.11559189741683702,0.10406987548782753,0.10834417394536332,0.11689277086043487,0.05761010964504739,0.14309607879576286,0.09682215201635384,0.14774205538004087,0.09942389890354952,0.07545065972867497,0.13752090689462926,0.11057424270581677,0.09087530198847797,0.11261847240289909,0.1352908381341758,0.08511429102397323,0.1334324475004646,0.12469801152202192,0.1531313882178034,0.10091061141051849,0.09626463482624048,0.1118751161494146,0.10221148485411634,0.13752090689462926,0.15461810072477233,0.05612339713807842,0.10258316298085858,0.14402527411261848,0.12302545995168185,0.09589295669949824,0.15684816948522579,0.10945920832559004,0.09775134733320943,0.11076008176918788,0.13398996469057797,0.09626463482624048,0.10444155361456978,0.07154803939788143,0.08065415350306634,0.09254785355881806,0.11466270209998142,0.12655640215573313,0.07619401598215945,0.14012265378182495,0.10667162237502323,0.07080468314439695,0.10481323174131202,0.10425571455119866,0.09849470358669392,0.10778665675524995,0.08604348634082884,0.07991079724958186,0.07898160193272626,0.10518490986805426,0.07600817691878833,0.0828842222635198,0.19067087901876975,0.09143281917859133,0.1810072477234715,0.05277829399739825,0.07154803939788143,0.06374279873629438,0.0892027504181379,0.09998141609366289,0.04813231741312024,0.06745958000371678,0.09496376138264263,0.07191971752462367,0.09236201449544694,0.1289723099795577,0.08697268165768444,0.10035309422040513,0.07470730347519049,0.10964504738896116,0.07953911912283962,0.07154803939788143,0.1388217803382271,0.1055565879947965,0.08827355510128229,0.07414978628507712,0.059654339342129714,0.056866753391562906,0.11503438022672366,0.06597286749674781,0.10481323174131202,0.09366288793904479,0.10797249581862108,0.06262776435606765,0.09979557703029177,0.07507898160193273,0.045344731462553425,0.06857461438394351,0.10128228953726073,0.09477792231927151,0.07080468314439695,0.07972495818621074,0.1245121724586508,0.1027690020442297,0.10648578331165211,0.040884593941646535,0.08009663631295298,0.09514960044601375,0.0613268909124698,0.14402527411261848,0.073963947221706,0.06727374094034566,0.06318528154618101,0.06095521278572756,0.0765656941089017,0.06355695967292325,0.06299944248280989,0.06058353465898532,0.06838877532057239,0.05575171901133618,0.04813231741312024,0.045530570525924546,0.06708790187697454,0.07266307377810816,0.07284891284147928,0.05277829399739825,0.08753019884779781,0.10648578331165211,0.0793532800594685,0.07563649879204609,0.08790187697454005,0.047760639286378,0.09868054265006504,0.07322059096822152,0.07136220033451031,0.08678684259431332,0.07489314253856161,0.07210555658799479,0.06931797063742799,0.06392863779966548,0.07470730347519049,0.09068946292510685,0.05259245493402713,0.10685746143839435,0.0964504738896116,0.0540791674409961,0.07842408474261289,0.08102583162980859,0.05891098308864523,0.07191971752462367,0.05203493774391377,0.05909682215201635,0.0622560862293254,0.08994610667162238,0.07266307377810816,0.07173387846125255,0.05946850027875859,0.06076937372235644,0.06857461438394351,0.07860992380598401,0.06318528154618101,0.08641516446757108,0.08344173945363316,0.09496376138264263,0.0,0.04311466270209998,0.06820293625720127,0.05147742055380041,0.06653038468686118,0.040884593941646535,0.039026203307935325,0.08622932540419996,0.03995539862479093,0.04590224865266679,0.08474261289723099,0.0351235829771418,0.07136220033451031,0.05240661587065601,0.08176918788329307,0.06727374094034566,0.05891098308864523,0.05240661587065601,0.0603976955956142,0.07117636127113919,0.07043300501765472,0.04571640958929567,0.07061884408102582,0.09273369262218918,0.026574986062070247,0.04794647834974912,0.08808771603791117,0.06467199405314997,0.06244192529269652,0.07210555658799479,0.0550083627578517,0.07526482066530385,0.06281360341943877,0.045530570525924546,0.08771603791116893,0.06430031592640773,0.05556587994796506,0.04125627206838878,0.058539304961902995,0.08957442854488014,0.08195502694666419,0.04014123768816205,0.06820293625720127,0.05872514402527411,0.06095521278572756,0.06727374094034566,0.056866753391562906,0.04645976584278015,0.07563649879204609,0.06950380970079911
nh0144,1.0,0.5806010928961749,0.532103825136612,0.48668032786885246,0.3391393442622951,0.3275273224043716,0.2773224043715847,0.30601092896174864,0.3046448087431694,0.3165983606557377,0.2817622950819672,0.2899590163934426,0.30908469945355194,0.2827868852459016,0.22506830601092895,0.23155737704918034,0.2527322404371585,0.2701502732240437,0.29918032786885246,0.20116120218579234,0.25614754098360654,0.20901639344262296,0.2708333333333333,0.20594262295081966,0.18203551912568305,0.19057377049180327,0.18169398907103826,0.23258196721311475,0.164275956284153,0.17725409836065573,0.1253415300546448,0.1799863387978142,0.19740437158469945,0.15334699453551912,0.14549180327868852,0.1885245901639344,0.13114754098360656,0.15881147540983606,0.12773224043715847,0.1437841530054645,0.18545081967213115,0.13217213114754098,0.14856557377049182,0.13558743169398907,0.10211748633879782,0.09016393442622951,0.29713114754098363,0.13968579234972678,0.10758196721311475,0.10040983606557377,0.10860655737704918,0.13148907103825136,0.17725409836065573,0.10587431693989072,0.09118852459016394,0.12056010928961748,0.13456284153005466,0.1133879781420765,0.1646174863387978,0.148224043715847,0.11031420765027322,0.1260245901639344,0.11099726775956284,0.1325136612021858,0.1130464480874317,0.11612021857923498,0.10177595628415301,0.12807377049180327,0.10587431693989072,0.12090163934426229,0.148224043715847,0.06933060109289617,0.13319672131147542,0.11372950819672131,0.13183060109289618,0.0939207650273224,0.13763661202185792,0.10211748633879782,0.08572404371584699,0.09255464480874318,0.11133879781420765,0.11372950819672131,0.10894808743169399,0.10689890710382513,0.11953551912568305,0.09289617486338798,0.09938524590163934,0.10348360655737705,0.07103825136612021,0.11202185792349727,0.10245901639344263,0.10553278688524591,0.09801912568306011,0.08879781420765027,0.14515027322404372,0.11953551912568305,0.11543715846994536,0.09733606557377049,0.06659836065573771,0.08572404371584699,0.12739071038251365,0.06352459016393443,0.0942622950819672,0.0706967213114754,0.08811475409836066,0.08709016393442623,0.07377049180327869,0.09699453551912568,0.08196721311475409,0.09118852459016394,0.09050546448087432,0.10860655737704918,0.05806010928961749,0.0939207650273224,0.08435792349726776,0.06557377049180328,0.09187158469945356,0.2540983606557377,0.07172131147540983,0.07274590163934426,0.10792349726775956,0.08128415300546447,0.09665300546448087,0.08265027322404371,0.09221311475409837,0.07718579234972678,0.07752732240437159,0.08025956284153006,0.06693989071038252,0.059084699453551916,0.0782103825136612,0.08811475409836066,0.06386612021857924,0.09289617486338798,0.060792349726775954,0.04883879781420765,0.050887978142076504,0.09118852459016394,0.07889344262295082,0.09870218579234973,0.0584016393442623,0.07308743169398907,0.07923497267759563,0.08435792349726776,0.06933060109289617,0.09528688524590163,0.06830601092896176,0.04883879781420765,0.08709016393442623,0.061133879781420764,0.08128415300546447,0.08709016393442623,0.06762295081967214,0.06864754098360656,0.06830601092896176,0.055669398907103824,0.05874316939890711,0.06489071038251366,0.09289617486338798,0.07308743169398907,0.07137978142076502,0.061133879781420764,0.08060109289617487,0.08265027322404371,0.05430327868852459,0.07991803278688525,0.08879781420765027,0.1014344262295082,0.10006830601092896,0.11509562841530055,0.06898907103825136,0.07513661202185792,0.05396174863387978,0.05157103825136612,0.05976775956284153,0.08094262295081968,0.04918032786885246,0.08435792349726776,0.041325136612021855,0.04952185792349727,0.07718579234972678,0.06728142076502733,0.0703551912568306,0.06967213114754098,0.061133879781420764,0.1051912568306011,0.04918032786885246,0.06386612021857924,0.06352459016393443,0.07103825136612021,0.045765027322404374,0.050887978142076504,0.06318306010928962,0.0782103825136612,0.06933060109289617,0.05259562841530055,0.06215846994535519,0.05874316939890711,0.04337431693989071,0.06762295081967214,0.0546448087431694,0.06933060109289617,0.08913934426229508,0.061133879781420764,0.05635245901639344,0.0584016393442623,0.06352459016393443,0.045765027322404374,0.10416666666666667,0.050204918032786885,0.08196721311475409,0.05293715846994536,0.040983606557377046,0.04610655737704918,0.06659836065573771,0.039959016393442626,0.0389344262295082,0.050887978142076504,0.07206284153005464,0.03381147540983607,0.0584016393442623,0.0546448087431694,0.05737704918032787,0.054986338797814206,0.0625,0.044740437158469946,0.06181693989071038,0.05191256830601093,0.04952185792349727,0.03859289617486339,0.030054644808743168,0.04918032786885246,0.04234972677595628,0.0625,0.060450819672131145,0.08401639344262295,0.054986338797814206,0.04405737704918033,0.04405737704918033,0.03483606557377049,0.06147540983606557,0.08948087431693989,0.040983606557377046,0.07172131147540983,0.03927595628415301,0.044740437158469946,0.04269125683060109,0.04439890710382514,0.09733606557377049,0.04405737704918033,0.2114071038251366,0.035860655737704916,0.03927595628415301,0.04815573770491803,0.0467896174863388,0.0471311475409836,0.045081967213114756,0.03825136612021858,0.13080601092896174,0.06933060109289617,0.05362021857923497,0.04952185792349727,0.04234972677595628,0.0744535519125683,0.060109289617486336,0.0467896174863388,0.05362021857923497,0.041666666666666664,0.0584016393442623,0.04815573770491803,0.04064207650273224,0.040983606557377046,0.03381147540983607,0.04269125683060109,0.0430327868852459,0.060109289617486336,0.04952185792349727,0.056010928961748634,0.035860655737704916,0.030396174863387977,0.05771857923497268,0.04644808743169399,0.0389344262295082,0.05122950819672131,0.041666666666666664,0.040300546448087435,0.0351775956284153,0.05259562841530055,0.050204918032786885,0.039959016393442626,0.06830601092896176,0.06864754098360656,0.0351775956284153,0.042008196721311473,0.05874316939890711,0.04337431693989071,0.03790983606557377,0.04610655737704918,0.03381147540983607,0.042008196721311473
nh0145,1.0,0.678804347826087,0.5869565217391305,0.3516304347826087,0.5244565217391305,0.3456521739130435,0.47445652173913044,0.3532608695652174,0.3451086956521739,0.39945652173913043,0.47445652173913044,0.3092391304347826,0.2391304347826087,0.30869565217391304,0.266304347826087,0.3521739130434783,0.3190217391304348,0.1923913043478261,0.21684782608695652,0.2559782608695652,0.3130434782608696,0.24456521739130435,0.2108695652173913,0.2190217391304348,0.2684782608695652,0.1983695652173913,0.1641304347826087,0.1875,0.21793478260869564,0.32119565217391305,0.275,0.12445652173913044,0.1956521739130435,0.14456521739130435,0.21739130434782608,0.2777173913043478,0.22826086956521738,0.22445652173913044,0.22717391304347825,0.16467391304347825,0.20543478260869566,0.13967391304347826,0.17880434782608695,0.1483695652173913,0.11195652173913044,0.27010869565217394,0.14945652173913043,0.1,0.20326086956521738,0.19293478260869565,0.19782608695652174,0.1733695652173913,0.12282608695652174,0.10434782608695652,0.034782608695652174,0.12608695652173912,0.07228260869565217,0.12065217391304348,0.1608695652173913,0.09782608695652174,0.18641304347826088,0.18695652173913044,0.17173913043478262,0.13206521739130433,0.08695652173913043,0.17771739130434783,0.1625,0.1815217391304348,0.14728260869565218,0.14945652173913043,0.07173913043478261,0.14076086956521738,0.1701086956521739,0.09021739130434783,0.16576086956521738,0.18097826086956523,0.1375,0.18369565217391304,0.08804347826086957,0.16521739130434782,0.13967391304347826,0.1826086956521739,0.21630434782608696,0.06902173913043479,0.11739130434782609,0.09347826086956522,0.09293478260869566,0.1125,0.1375,0.19945652173913042,0.11847826086956521,0.1891304347826087,0.07608695652173914,0.08043478260869565,0.10108695652173913,0.10706521739130435,0.12554347826086956,0.12228260869565218,0.07445652173913044,0.08967391304347826,0.09184782608695652,0.11413043478260869,0.1842391304347826,0.09891304347826087,0.14673913043478262,0.09619565217391304,0.12010869565217391,0.07880434782608696,0.1331521739130435,0.125,0.14565217391304347,0.07934782608695652,0.04456521739130435,0.09239130434782608,0.1608695652173913,0.08206521739130435,0.08532608695652173,0.08641304347826087,0.16032608695652173,0.12119565217391304,0.08423913043478261,0.1451086956521739,0.08206521739130435,0.11358695652173913,0.10652173913043478,0.0891304347826087,0.0967391304347826,0.075,0.05543478260869565,0.02826086956521739,0.12228260869565218,0.06902173913043479,0.07336956521739131,0.07228260869565217,0.07010869565217391,0.035869565217391305,0.04782608695652174,0.07554347826086956,0.07282608695652174,0.09891304347826087,0.075,0.09565217391304348,0.03858695652173913,0.03695652173913044,0.09728260869565217,0.1282608695652174,0.08152173913043478,0.06141304347826087,0.11576086956521739,0.07391304347826087,0.12391304347826088,0.06304347826086956,0.06467391304347826,0.09782608695652174,0.11521739130434783,0.06684782608695652,0.06086956521739131,0.11902173913043479,0.08315217391304348,0.09510869565217392,0.03804347826086957,0.10163043478260869,0.0983695652173913,0.12010869565217391,0.12119565217391304,0.045108695652173916,0.09130434782608696,0.06630434782608696,0.07608695652173914,0.03206521739130435,0.051086956521739134,0.0875,0.09456521739130434,0.08478260869565217,0.10380434782608695,0.07608695652173914,0.09945652173913043,0.049456521739130434,0.05326086956521739,0.05652173913043478,0.075,0.023369565217391305,0.07282608695652174,0.03695652173913044,0.06576086956521739,0.010326086956521738,0.020652173913043477,0.045108695652173916,0.06521739130434782,0.05,0.051630434782608696,0.08097826086956522,0.05380434782608696,0.051630434782608696,0.06086956521739131,0.0875,0.05434782608695652,0.06032608695652174,0.09239130434782608,0.041304347826086954,0.12445652173913044,0.07010869565217391,0.03206521739130435,0.09945652173913043,0.07391304347826087,0.0625,0.051630434782608696,0.041304347826086954,0.04456521739130435,0.0391304347826087,0.01358695652173913,0.057065217391304345,0.05326086956521739,0.03695652173913044,0.058152173913043476,0.06684782608695652,0.05543478260869565,0.04021739130434782,0.06576086956521739,0.03967391304347826,0.03695652173913044,0.0391304347826087,0.08315217391304348,0.041304347826086954,0.04456521739130435,0.028804347826086957,0.08206521739130435,0.0967391304347826,0.07173913043478261,0.06847826086956521,0.08641304347826087,0.10108695652173913,0.05217391304347826,0.06304347826086956,0.10760869565217392,0.04456521739130435,0.042391304347826085,0.06304347826086956,0.075,0.05543478260869565,0.08315217391304348,0.08641304347826087,0.07880434782608696,0.06467391304347826,0.057065217391304345,0.11413043478260869,0.042391304347826085,0.0782608695652174,0.005978260869565218,0.017391304347826087,0.03858695652173913,0.06630434782608696,0.04565217391304348,0.0483695652173913,0.07010869565217391,0.07282608695652174,0.08097826086956522,0.07717391304347826,0.06304347826086956,0.05543478260869565,0.04673913043478261,0.025543478260869567,0.05271739130434783,0.09565217391304348,0.0483695652173913,0.06358695652173912,0.08586956521739131,0.04021739130434782,0.03260869565217391,0.0641304347826087,0.030434782608695653,0.028804347826086957,0.034239130434782605,0.022282608695652174,0.03152173913043478,0.07445652173913044,0.0875,0.05434782608695652,0.051630434782608696,0.044021739130434785,0.04619565217391304,0.034239130434782605,0.05543478260869565,0.03641304347826087,0.057608695652173914,0.049456521739130434,0.06086956521739131,0.03260869565217391,0.10271739130434783,0.03967391304347826,0.05543478260869565,0.028804347826086957,0.057608695652173914,0.035869565217391305,0.09293478260869566,0.03152173913043478,0.04456521739130435,0.02717391304347826,0.03858695652173913,0.04456521739130435
nh0146,1.0,0.4660377358490566,0.44150943396226416,0.3584905660377358,0.2018867924528302,0.32358490566037734,0.27075471698113207,0.20943396226415095,0.3132075471698113,0.2981132075471698,0.17169811320754716,0.2632075471698113,0.24528301886792453,0.20566037735849058,0.1349056603773585,0.23679245283018868,0.18490566037735848,0.24433962264150944,0.2849056603773585,0.19056603773584907,0.21509433962264152,0.18679245283018867,0.22641509433962265,0.19339622641509435,0.16792452830188678,0.13867924528301886,0.17169811320754716,0.19150943396226416,0.08773584905660377,0.1820754716981132,0.15377358490566037,0.19528301886792454,0.17358490566037735,0.1179245283018868,0.1632075471698113,0.14622641509433962,0.13679245283018868,0.16132075471698112,0.12830188679245283,0.1311320754716981,0.13584905660377358,0.10283018867924529,0.1179245283018868,0.10377358490566038,0.09056603773584905,0.13584905660377358,0.30377358490566037,0.09339622641509433,0.06886792452830189,0.0820754716981132,0.07452830188679245,0.1330188679245283,0.1311320754716981,0.09622641509433963,0.07169811320754717,0.08584905660377358,0.12358490566037736,0.1330188679245283,0.09622641509433963,0.14245283018867924,0.07641509433962264,0.11226415094339623,0.08773584905660377,0.07452830188679245,0.10943396226415095,0.1311320754716981,0.10754716981132076,0.15,0.0830188679245283,0.10471698113207548,0.09245283018867924,0.08867924528301886,0.0820754716981132,0.09150943396226414,0.09905660377358491,0.08490566037735849,0.08773584905660377,0.07830188679245283,0.1,0.05377358490566038,0.08584905660377358,0.06509433962264151,0.07075471698113207,0.15471698113207547,0.09433962264150944,0.10566037735849057,0.09528301886792453,0.10943396226415095,0.04433962264150943,0.07641509433962264,0.06320754716981132,0.06509433962264151,0.07452830188679245,0.07358490566037736,0.09622641509433963,0.06509433962264151,0.06981132075471698,0.08490566037735849,0.07358490566037736,0.06037735849056604,0.09905660377358491,0.11509433962264151,0.062264150943396226,0.06509433962264151,0.059433962264150944,0.07452830188679245,0.07358490566037736,0.06037735849056604,0.08867924528301886,0.1160377358490566,0.08490566037735849,0.08018867924528301,0.07452830188679245,0.07830188679245283,0.04433962264150943,0.06320754716981132,0.09339622641509433,0.2622641509433962,0.06415094339622641,0.08584905660377358,0.09056603773584905,0.062264150943396226,0.07641509433962264,0.08396226415094339,0.06037735849056604,0.03679245283018868,0.07547169811320754,0.08018867924528301,0.0669811320754717,0.09245283018867924,0.06981132075471698,0.06037735849056604,0.05566037735849057,0.08018867924528301,0.06132075471698113,0.045283018867924525,0.06509433962264151,0.07641509433962264,0.062264150943396226,0.038679245283018866,0.045283018867924525,0.033962264150943396,0.04433962264150943,0.048113207547169815,0.06886792452830189,0.0830188679245283,0.06415094339622641,0.057547169811320756,0.09528301886792453,0.057547169811320756,0.11132075471698114,0.11886792452830189,0.09056603773584905,0.07169811320754717,0.05188679245283019,0.0509433962264151,0.07735849056603773,0.048113207547169815,0.06792452830188679,0.04716981132075472,0.05377358490566038,0.04339622641509434,0.04622641509433962,0.06320754716981132,0.04339622641509434,0.09716981132075472,0.07075471698113207,0.0669811320754717,0.07924528301886792,0.06320754716981132,0.03490566037735849,0.035849056603773584,0.03773584905660377,0.059433962264150944,0.052830188679245285,0.05660377358490566,0.05188679245283019,0.0669811320754717,0.03490566037735849,0.052830188679245285,0.04622641509433962,0.06037735849056604,0.045283018867924525,0.03962264150943396,0.04150943396226415,0.0509433962264151,0.03773584905660377,0.05377358490566038,0.05471698113207547,0.057547169811320756,0.04716981132075472,0.05377358490566038,0.04622641509433962,0.05849056603773585,0.04150943396226415,0.08113207547169811,0.05188679245283019,0.04339622641509434,0.03679245283018868,0.057547169811320756,0.05566037735849057,0.04433962264150943,0.0509433962264151,0.0330188679245283,0.07735849056603773,0.03962264150943396,0.05566037735849057,0.026415094339622643,0.04150943396226415,0.045283018867924525,0.03962264150943396,0.045283018867924525,0.07264150943396226,0.05849056603773585,0.03773584905660377,0.017924528301886792,0.04905660377358491,0.04150943396226415,0.057547169811320756,0.027358490566037737,0.06509433962264151,0.040566037735849055,0.040566037735849055,0.04245283018867924,0.057547169811320756,0.04245283018867924,0.04905660377358491,0.045283018867924525,0.031132075471698113,0.05849056603773585,0.0330188679245283,0.04150943396226415,0.033962264150943396,0.048113207547169815,0.04622641509433962,0.03962264150943396,0.040566037735849055,0.05566037735849057,0.02830188679245283,0.03773584905660377,0.048113207547169815,0.04150943396226415,0.03773584905660377,0.03773584905660377,0.027358490566037737,0.05566037735849057,0.04150943396226415,0.059433962264150944,0.04622641509433962,0.03773584905660377,0.23962264150943396,0.033962264150943396,0.03962264150943396,0.033962264150943396,0.04905660377358491,0.04622641509433962,0.03679245283018868,0.05660377358490566,0.018867924528301886,0.05,0.02169811320754717,0.024528301886792454,0.03490566037735849,0.03207547169811321,0.05,0.017924528301886792,0.03207547169811321,0.03207547169811321,0.05566037735849057,0.0509433962264151,0.04245283018867924,0.031132075471698113,0.04622641509433962,0.05566037735849057,0.04622641509433962,0.03018867924528302,0.059433962264150944,0.05849056603773585,0.024528301886792454,0.038679245283018866,0.0509433962264151,0.04339622641509434,0.04339622641509434,0.031132075471698113,0.03773584905660377,0.02358490566037736,0.03207547169811321,0.040566037735849055,0.031132075471698113,0.04339622641509434,0.02547169811320755,0.07075471698113207,0.03207547169811321,0.024528301886792454,0.026415094339622643,0.03962264150943396,0.06037735849056604,0.03679245283018868,0.0330188679245283,0.02358490566037736
nh0147,1.0,0.7402597402597403,0.7174340810704447,0.4348681621408894,0.4836678473042109,0.45848091302636756,0.5308933490751673,0.7752853207398662,0.3156237701692247,0.34395907123179853,0.36717827626918537,0.37032664305391577,0.325068870523416,0.31995277449822906,0.5741833923652105,0.2983077528532074,0.30617866981503344,0.32428177882723336,0.2518693427784337,0.2510822510822511,0.2695789059425423,0.3171979535615899,0.22943722943722944,0.32113341204250295,0.23101141282959464,0.3313656040928768,0.2097599370326643,0.2231404958677686,0.26879181424635973,0.21408894136166864,0.21723730814639905,0.1330184966548603,0.24478551751279023,0.21369539551357733,0.179456906729634,0.21251475796930341,0.20031483667847305,0.1778827233372688,0.18457300275482094,0.1479732388823298,0.1944116489571035,0.14088941361668633,0.19244391971664698,0.20110192837465565,0.1798504525777253,0.14010232192050373,0.08658008658008658,0.18260527351436442,0.1479732388823298,0.13774104683195593,0.18457300275482094,0.13026367571822117,0.14403778040141677,0.15938606847697756,0.27390791027154665,0.1483667847304211,0.09012199921290831,0.10625737898465171,0.14088941361668633,0.17158598976780795,0.13774104683195593,0.11373475009838646,0.14246359700905156,0.14246359700905156,0.15387642660369932,0.17040535222353403,0.1204250295159386,0.06493506493506493,0.17040535222353403,0.11412829594647776,0.1054702872884691,0.1054702872884691,0.1633215269578906,0.09878000787091697,0.12160566706021252,0.12317985045257772,0.12239275875639512,0.12947658402203857,0.12239275875639512,0.12199921290830382,0.14561196379378197,0.13931523022432113,0.14403778040141677,0.1192443919716647,0.09759937032664305,0.15741833923652104,0.1660763478945297,0.11491538764266036,0.162534435261708,0.12829594647776466,0.13616686343959072,0.10822510822510822,0.1483667847304211,0.09838646202282567,0.10310901219992129,0.09405745769382133,0.14482487209759937,0.10665092483274302,0.14167650531286896,0.1471861471861472,0.11491538764266036,0.09799291617473435,0.09208972845336481,0.11019283746556474,0.10310901219992129,0.15741833923652104,0.11373475009838646,0.12436048799685163,0.08343171979535616,0.09484454939000393,0.0881542699724518,0.08658008658008658,0.11570247933884298,0.12121212121212122,0.11727666273120818,0.1353797717434081,0.07005116096025187,0.053128689492325853,0.10153482880755609,0.09208972845336481,0.06336088154269973,0.11255411255411256,0.11255411255411256,0.09563164108618655,0.09641873278236915,0.0759543486816214,0.09405745769382133,0.09838646202282567,0.09327036599763873,0.1322314049586777,0.09012199921290831,0.11648957103502558,0.119637937819756,0.08776072412436049,0.13852813852813853,0.09563164108618655,0.11137347500983864,0.08539944903581267,0.07123179850452578,0.12199921290830382,0.08736717827626919,0.08697363242817788,0.09838646202282567,0.10035419126328217,0.09641873278236915,0.06414797323888233,0.10783156237701692,0.1054702872884691,0.0889413616686344,0.07792207792207792,0.0440771349862259,0.10350255804801259,0.08146399055489964,0.11097992916174734,0.08658008658008658,0.1046831955922865,0.09996064541519087,0.09602518693427785,0.06965761511216056,0.09090909090909091,0.12199921290830382,0.08382526564344746,0.11570247933884298,0.06060606060606061,0.09248327430145611,0.07123179850452578,0.06965761511216056,0.08343171979535616,0.048406139315230225,0.03935458480913026,0.07280598189689098,0.046831955922865015,0.07831562377016922,0.09051554506099961,0.05824478551751279,0.09090909090909091,0.06414797323888233,0.1042896497441952,0.07005116096025187,0.11648957103502558,0.08658008658008658,0.050373868555686735,0.08697363242817788,0.11688311688311688,0.0755608028335301,0.033844942935852024,0.1503345139708776,0.0743801652892562,0.0440771349862259,0.07201889020070838,0.05470287288469106,0.08579299488390398,0.04289649744195199,0.09051554506099961,0.11097992916174734,0.03581267217630854,0.08500590318772137,0.08697363242817788,0.0759543486816214,0.059818968909878,0.050373868555686735,0.09523809523809523,0.0747737111373475,0.07634789452971272,0.08539944903581267,0.06257378984651712,0.07044470680834317,0.049980322707595434,0.04329004329004329,0.06729634002361275,0.05234159779614325,0.0590318772136954,0.053128689492325853,0.06650924832743015,0.0747737111373475,0.08736717827626919,0.05824478551751279,0.07201889020070838,0.05391578118850846,0.06572215663124754,0.048406139315230225,0.08579299488390398,0.06296733569460843,0.059818968909878,0.048406139315230225,0.051554506099960644,0.08185753640299095,0.046438410074773714,0.06847697756788666,0.06965761511216056,0.06965761511216056,0.059818968909878,0.06218024399842582,0.06099960645415191,0.06532861078315624,0.06099960645415191,0.05509641873278237,0.06336088154269973,0.0747737111373475,0.049980322707595434,0.07241243604879968,0.059818968909878,0.05273514364423455,0.059818968909878,0.04289649744195199,0.04604486422668241,0.0594254230617867,0.06847697756788666,0.018496654860291225,0.06690279417552145,0.0015741833923652105,0.08264462809917356,0.11019283746556474,0.06296733569460843,0.0735930735930736,0.06257378984651712,0.05627705627705628,0.06296733569460843,0.06099960645415191,0.06060606060606061,0.0889413616686344,0.06572215663124754,0.08776072412436049,0.05785123966942149,0.06926406926406926,0.04329004329004329,0.06257378984651712,0.07713498622589532,0.0602125147579693,0.05548996458087367,0.04210940574576938,0.059818968909878,0.046831955922865015,0.05548996458087367,0.04250295159386069,0.07123179850452578,0.03974813065722157,0.04289649744195199,0.05863833136560409,0.06887052341597796,0.045257772530499805,0.06847697756788666,0.0444706808343172,0.049586776859504134,0.059818968909878,0.07123179850452578,0.050373868555686735,0.043683589138134596,0.0440771349862259,0.059818968909878,0.06690279417552145,0.033844942935852024,0.05116096025186934,0.05116096025186934,0.03817394726485636,0.0590318772136954,0.031877213695395513,0.0444706808343172,0.03541912632821724,0.04092876820149548
nh0148,1.0,0.4531963470319635,0.4297945205479452,0.3992579908675799,0.3644406392694064,0.3478881278538813,0.3541666666666667,0.2602739726027397,0.2696917808219178,0.2454337899543379,0.2257420091324201,0.2551369863013699,0.2845319634703196,0.20205479452054795,0.238013698630137,0.20205479452054795,0.22945205479452055,0.21546803652968036,0.18807077625570776,0.1795091324200913,0.2177511415525114,0.1429794520547945,0.1190068493150685,0.1980593607305936,0.16552511415525115,0.18036529680365296,0.1738013698630137,0.16267123287671234,0.17751141552511415,0.1324200913242009,0.13955479452054795,0.13184931506849315,0.1324200913242009,0.17922374429223745,0.11643835616438356,0.0990296803652968,0.12756849315068494,0.11301369863013698,0.11815068493150685,0.1158675799086758,0.09474885844748858,0.12243150684931507,0.13327625570776255,0.1692351598173516,0.1329908675799087,0.08904109589041095,0.1980593607305936,0.1495433789954338,0.16095890410958905,0.10787671232876712,0.11358447488584475,0.10901826484018265,0.1204337899543379,0.10759132420091325,0.1204337899543379,0.0958904109589041,0.09332191780821918,0.0779109589041096,0.13213470319634704,0.09703196347031963,0.09703196347031963,0.13184931506849315,0.0958904109589041,0.10559360730593607,0.14126712328767124,0.07191780821917808,0.06192922374429224,0.09931506849315068,0.08875570776255708,0.08304794520547945,0.12756849315068494,0.0990296803652968,0.06449771689497717,0.0898972602739726,0.13812785388127855,0.09046803652968037,0.09531963470319635,0.09531963470319635,0.09103881278538813,0.11472602739726027,0.07876712328767123,0.09646118721461187,0.0776255707762557,0.0898972602739726,0.10159817351598173,0.07848173515981735,0.10901826484018265,0.0761986301369863,0.10188356164383562,0.08019406392694065,0.1053082191780822,0.1053082191780822,0.09646118721461187,0.12100456621004566,0.10787671232876712,0.07049086757990868,0.09788812785388128,0.07134703196347032,0.1144406392694064,0.0898972602739726,0.0930365296803653,0.09332191780821918,0.06107305936073059,0.08361872146118722,0.11815068493150685,0.06906392694063927,0.10702054794520548,0.07905251141552512,0.07505707762557078,0.0684931506849315,0.05422374429223744,0.09018264840182648,0.08561643835616438,0.08447488584474885,0.0687785388127854,0.0625,0.0944634703196347,0.1832191780821918,0.05650684931506849,0.061358447488584475,0.0702054794520548,0.06478310502283105,0.07848173515981735,0.07049086757990868,0.08647260273972603,0.06934931506849315,0.07049086757990868,0.06050228310502283,0.07077625570776255,0.0807648401826484,0.06335616438356165,0.08276255707762557,0.07106164383561644,0.06992009132420092,0.06592465753424658,0.08647260273972603,0.04823059360730594,0.048515981735159815,0.07277397260273973,0.05051369863013699,0.07106164383561644,0.091324200913242,0.0807648401826484,0.06621004566210045,0.10730593607305935,0.057648401826484015,0.053082191780821915,0.0870433789954338,0.05051369863013699,0.06820776255707763,0.039383561643835614,0.07191780821917808,0.06535388127853882,0.0824771689497717,0.06107305936073059,0.0547945205479452,0.06078767123287671,0.05964611872146119,0.056792237442922375,0.09189497716894977,0.08732876712328767,0.05622146118721461,0.06307077625570777,0.07277397260273973,0.04823059360730594,0.05279680365296804,0.05707762557077625,0.0761986301369863,0.09560502283105023,0.07819634703196347,0.050799086757990865,0.052226027397260275,0.09218036529680365,0.06192922374429224,0.038527397260273974,0.04937214611872146,0.05108447488584475,0.036244292237442924,0.0547945205479452,0.06963470319634703,0.05051369863013699,0.06478310502283105,0.06820776255707763,0.05051369863013699,0.0625,0.07591324200913242,0.06592465753424658,0.07990867579908675,0.04965753424657534,0.06649543378995434,0.0488013698630137,0.08447488584474885,0.062214611872146115,0.036244292237442924,0.030251141552511414,0.03595890410958904,0.0639269406392694,0.06078767123287671,0.04794520547945205,0.05821917808219178,0.05194063926940639,0.04908675799086758,0.04937214611872146,0.046232876712328765,0.04337899543378995,0.07191780821917808,0.030821917808219176,0.0639269406392694,0.10131278538812785,0.05165525114155251,0.039383561643835614,0.0761986301369863,0.04138127853881279,0.049942922374429224,0.043093607305936074,0.04252283105022831,0.04509132420091324,0.04708904109589041,0.04195205479452055,0.05136986301369863,0.04023972602739726,0.056792237442922375,0.0365296803652968,0.03881278538812785,0.04023972602739726,0.05279680365296804,0.038527397260273974,0.05507990867579909,0.0488013698630137,0.0365296803652968,0.025970319634703195,0.040810502283105024,0.03824200913242009,0.05365296803652968,0.037100456621004564,0.043949771689497714,0.04737442922374429,0.04509132420091324,0.05194063926940639,0.04223744292237443,0.0396689497716895,0.05051369863013699,0.05051369863013699,0.043949771689497714,0.05136986301369863,0.033105022831050226,0.059931506849315065,0.03595890410958904,0.06820776255707763,0.041666666666666664,0.1341324200913242,0.04280821917808219,0.04737442922374429,0.08105022831050228,0.04452054794520548,0.03281963470319635,0.0365296803652968,0.03139269406392694,0.06449771689497717,0.04052511415525114,0.04965753424657534,0.05593607305936073,0.043949771689497714,0.027968036529680364,0.02711187214611872,0.04337899543378995,0.03881278538812785,0.04195205479452055,0.036244292237442924,0.02682648401826484,0.06621004566210045,0.05108447488584475,0.03767123287671233,0.04480593607305936,0.050799086757990865,0.025970319634703195,0.0365296803652968,0.034531963470319636,0.048515981735159815,0.03567351598173516,0.04223744292237443,0.043093607305936074,0.03767123287671233,0.041666666666666664,0.0442351598173516,0.045662100456621,0.04680365296803653,0.04252283105022831,0.0351027397260274,0.037100456621004564,0.038527397260273974,0.0702054794520548,0.031678082191780824,0.045662100456621,0.025684931506849314,0.05565068493150685,0.03538812785388128,0.04023972602739726,0.0351027397260274,0.03139269406392694
nh0149,1.0,0.4385190523376272,0.45293216827312854,0.4198720835960724,0.334654535627421,0.3038465003152869,0.2390775605801279,0.2836681380055851,0.25024772543014145,0.21691739482929465,0.21574632915953518,0.2221421493559139,0.25547247995676065,0.20034231150346815,0.2247545266192235,0.1797135393207819,0.19700927844338348,0.18710026123772633,0.15980542293487074,0.15863435726511124,0.1855688676695793,0.151878209170345,0.15422034050986397,0.18692009728853257,0.13449238807314656,0.16115665255382397,0.1461129627961445,0.148815422034051,0.1541302585352671,0.11836771462030447,0.12917755157193045,0.15331952076389516,0.11539500945860734,0.18331681830465724,0.1407080443203315,0.1353031258445185,0.10395459868480317,0.10683722187190343,0.10935951716061616,0.12116025583280786,0.08927123682551122,0.08458697414647329,0.13016845329249618,0.10368435276101252,0.11530492748401044,0.11404377983965408,0.06323754616701198,0.12422304296910189,0.0962976308440681,0.10260336906584992,0.08918115485091434,0.11269255022070084,0.13683451941266553,0.12007927213764526,0.10566615620214395,0.10449509053238447,0.10890910728763174,0.07909197369606341,0.13377173227637149,0.09548689307269616,0.10584632015133771,0.09773894243761823,0.09728853256463382,0.11053058283037565,0.10053148365012161,0.08215476083235744,0.07233582560129719,0.09440590937753356,0.09891000810737771,0.09494640122511486,0.09341500765696784,0.1059364021259346,0.09350508963156473,0.09062246644446446,0.08629853166381407,0.06053508692910549,0.09152328619043329,0.09062246644446446,0.09782902441221511,0.11530492748401044,0.11125123862715071,0.08819025313034862,0.09197369606341771,0.08494730204486083,0.06566975948112783,0.07350689127105667,0.058553283487974055,0.07053418610935952,0.09161336816503017,0.0802630393658229,0.0518872173678047,0.07999279344203225,0.059364021259346006,0.07711017025493198,0.08629853166381407,0.07620935050896316,0.07738041617872264,0.0839564003242951,0.06630033330330601,0.06107557877668678,0.08963156472389874,0.06332762814160886,0.07377713719484731,0.07035402216016574,0.07089451400774704,0.05954418520853977,0.062246644446446266,0.07188541572831277,0.06990361228718134,0.06828213674443744,0.04666246284118548,0.06305738221781822,0.06557967750653095,0.08017295739122601,0.0764795964327538,0.07314656337266913,0.08332582650211692,0.024322133141158456,0.0609854968020899,0.09863976218358707,0.05819295558958652,0.064768939735159,0.06684082515088731,0.05792270966579587,0.05738221781821458,0.054859922529501844,0.06873254661742186,0.05179713539320782,0.06062516890370237,0.04188811818755067,0.058823529411764705,0.062246644446446266,0.06566975948112783,0.07233582560129719,0.07269615349968471,0.06684082515088731,0.046842626790379246,0.05765246374200522,0.05747229979281146,0.06134582470047743,0.06458877578596522,0.03765426538149716,0.05368885685974237,0.06566975948112783,0.0417079542383569,0.06125574272588055,0.05179713539320782,0.053328528961354836,0.06575984145572471,0.04089721646698496,0.056030988199261327,0.04954508602828574,0.042879019908116385,0.0444104134762634,0.04747320061255743,0.06729123502387173,0.04522115124763535,0.05170705341861093,0.0353121340419782,0.055580578326276914,0.049455004053688856,0.03774434735609405,0.07377713719484731,0.052697955139176654,0.055400414377083144,0.07206557967750653,0.0615259886496712,0.046482298891991715,0.036663363660931446,0.03576254391496261,0.049455004053688856,0.06702098910008107,0.039545986848031706,0.04062697054319431,0.06413836591298082,0.048824430231510674,0.05449959463111431,0.06539951355733718,0.03819475722907846,0.027835330150436897,0.0535086929105486,0.04720295468876678,0.05323844698675795,0.042338528060535084,0.05531033240248626,0.03278983875326547,0.04323934780650392,0.039996396721016125,0.05440951265651743,0.052517791189982885,0.039545986848031706,0.0326096748040717,0.06566975948112783,0.04504098729844158,0.052878119088370416,0.04044680659400054,0.039906314746419244,0.0529682010629673,0.03441131429600937,0.049364922079091975,0.03909557697504729,0.05720205386902081,0.05107647959643275,0.04152779028916314,0.03720385550851275,0.03360057652463742,0.043329429781100805,0.0358526258895595,0.028555985947211964,0.04837402035852626,0.04846410233312314,0.030357625439149626,0.055670660300873795,0.033960904423024955,0.0690027925412125,0.03567246194036573,0.029186559769390146,0.04738311863796055,0.03414106837221872,0.040086478695613006,0.05323844698675795,0.0444104134762634,0.026033690658499236,0.0444104134762634,0.043689757679488336,0.04954508602828574,0.02387172326817404,0.027925412125033782,0.029366723718583912,0.04161787226376002,0.04242861003513197,0.030808035312134042,0.03459147824520314,0.03837492117827223,0.03855508512746599,0.03549229799117197,0.036303035762543914,0.02990721556616521,0.02882623187100261,0.03792451130528781,0.029366723718583912,0.036933609584722096,0.03810467525448158,0.055580578326276914,0.03405098639762184,0.03152869110890911,0.0342311503468156,0.046302134942797946,0.022880821547608322,0.012971804341951176,0.00018016394919376631,0.05810287361498964,0.039636068822628594,0.037113773533915866,0.04702279073957301,0.03567246194036573,0.030267543464552744,0.03441131429600937,0.01963787046212053,0.055400414377083144,0.036843527610125215,0.03792451130528781,0.02450229709035222,0.02594360868390235,0.03810467525448158,0.05377893883433925,0.03360057652463742,0.03720385550851275,0.05495000450409873,0.04459057742545717,0.028916313845599496,0.02558328078551482,0.03819475722907846,0.04242861003513197,0.03855508512746599,0.04350959373029457,0.03017746148995586,0.039636068822628594,0.030988199261327808,0.05359877488514548,0.020899018106476895,0.03306008467705612,0.028375821998018195,0.04873434825691379,0.05693180794523016,0.020989100081073776,0.027835330150436897,0.04783352851094496,0.03927574092424106,0.0342311503468156,0.04071705251779119,0.0347716421943969,0.039816232771822356,0.027925412125033782,0.03810467525448158,0.027475002252049366,0.04756328258715431,0.043059183857310154,0.0267543464552743,0.02738492027745248
nh0150,1.0,0.6949706074461136,0.47811887655127366,0.39777922926192033,0.3370346178967995,0.31678641410842584,0.3233180927498367,0.37949052906597,0.2769431743958197,0.3370346178967995,0.25930764206401047,0.248203788373612,0.248203788373612,0.2952318745917701,0.2730241672109732,0.3076420640104507,0.31678641410842584,0.21750489875898105,0.25800130633572826,0.2756368386675376,0.18354016982364468,0.2828216851730895,0.18288700195950358,0.18288700195950358,0.2691051600261267,0.2357935989549314,0.22142390594382758,0.22207707380796865,0.19203135205747876,0.2599608099281515,0.21293272370999347,0.1280209013716525,0.20640104506858262,0.16459830176355322,0.2599608099281515,0.1822338340953625,0.21489222730241672,0.1946440235140431,0.19203135205747876,0.15218811234487264,0.1404310907903331,0.17243631613324625,0.1417374265186153,0.19268451992161986,0.18419333768778576,0.17635532331809275,0.1201828870019595,0.13716525146962769,0.16721097322011758,0.19790986283474854,0.15022860875244937,0.15088177661659047,0.14500326583932072,0.11757021554539517,0.0790333115610712,0.09340300457217506,0.0829523187459177,0.19268451992161986,0.1574134552580013,0.16917047681254083,0.18941868060091444,0.09666884389288047,0.18288700195950358,0.11691704768125408,0.10842586544741999,0.1247550620509471,0.10189418680600915,0.1378184193337688,0.11038536903984324,0.09601567602873938,0.11887655127367734,0.15088177661659047,0.11887655127367734,0.0999346832135859,0.10124101894186806,0.11495754408883083,0.11365120836054866,0.09274983670803397,0.12606139777922926,0.11495754408883083,0.06988896146309602,0.14500326583932072,0.09862834748530372,0.116263879817113,0.10581319399085565,0.0829523187459177,0.10907903331156107,0.13063357282821686,0.0581319399085565,0.0790333115610712,0.116263879817113,0.10907903331156107,0.11169170476812541,0.10124101894186806,0.08948399738732854,0.10254735467015023,0.06074461136512083,0.13847158719790986,0.1077726975832789,0.07838014369693011,0.10842586544741999,0.08883082952318747,0.10058785107772697,0.10516002612671456,0.11234487263226649,0.13520574787720444,0.09732201175702156,0.11561071195297191,0.15153494448073154,0.14892227302416722,0.12540822991508818,0.06401045068582625,0.0953625081645983,0.0868713259307642,0.09601567602873938,0.11430437622468975,0.08752449379490529,0.05094709340300457,0.13063357282821686,0.09013716525146963,0.07446113651208361,0.09601567602873938,0.11038536903984324,0.10124101894186806,0.10973220117570215,0.07838014369693011,0.08164598301763554,0.09274983670803397,0.08883082952318747,0.05421293272370999,0.11103853690398433,0.08425865447419988,0.12540822991508818,0.07380796864794252,0.07707380796864795,0.06923579359895493,0.08556499020248204,0.04898758981058132,0.07642064010450686,0.08425865447419988,0.08948399738732854,0.04898758981058132,0.052906596995427824,0.06466361854996734,0.09666884389288047,0.09666884389288047,0.08752449379490529,0.09928151534944481,0.09079033311561072,0.10581319399085565,0.09862834748530372,0.07642064010450686,0.0705421293272371,0.06988896146309602,0.07642064010450686,0.07511430437622468,0.07446113651208361,0.09862834748530372,0.08164598301763554,0.046374918354016983,0.050293925538863485,0.09732201175702156,0.048334421946440234,0.07119529719137818,0.14239059438275636,0.052906596995427824,0.045068582625734814,0.048334421946440234,0.062050947093403,0.062050947093403,0.052906596995427824,0.06662312214239059,0.06988896146309602,0.0999346832135859,0.08099281515349445,0.09601567602873938,0.15480078380143697,0.04310907903331156,0.07511430437622468,0.05682560418027433,0.11169170476812541,0.052906596995427824,0.04768125408229915,0.045068582625734814,0.054866100587851074,0.047028086218158065,0.048334421946440234,0.056172436316133244,0.0659699542782495,0.046374918354016983,0.06727629000653168,0.04768125408229915,0.07772697583278902,0.045068582625734814,0.045068582625734814,0.0999346832135859,0.05943827563683867,0.062050947093403,0.08229915088177661,0.041149575440888306,0.09732201175702156,0.062050947093403,0.05878510777269758,0.07250163291966036,0.1038536903984324,0.07184846505551927,0.046374918354016983,0.08817766165904638,0.056172436316133244,0.06531678641410843,0.037230568256041804,0.06401045068582625,0.08099281515349445,0.06009144350097975,0.046374918354016983,0.05094709340300457,0.06662312214239059,0.0659699542782495,0.08099281515349445,0.06009144350097975,0.034617896799477466,0.043762246897452645,0.05551926845199216,0.06270411495754409,0.045068582625734814,0.040496407576747225,0.07576747224036577,0.05682560418027433,0.041802743305029394,0.10711952971913782,0.14892227302416722,0.048334421946440234,0.1286740692357936,0.037883736120182886,0.0581319399085565,0.035924232527759635,0.07838014369693011,0.06139777922926192,0.042455911169170475,0.06074461136512083,0.07772697583278902,0.05551926845199216,0.04768125408229915,0.06531678641410843,0.043762246897452645,0.07576747224036577,0.040496407576747225,0.04310907903331156,0.037883736120182886,0.0659699542782495,0.019595035924232528,0.045721750489875895,0.038536903984323974,0.05094709340300457,0.056172436316133244,0.033311561071195296,0.05747877204441541,0.07380796864794252,0.033311561071195296,0.051600261267145654,0.04768125408229915,0.045068582625734814,0.05355976485956891,0.05355976485956891,0.042455911169170475,0.039843239712606136,0.048334421946440234,0.07511430437622468,0.04441541476159373,0.054866100587851074,0.05421293272370999,0.047028086218158065,0.042455911169170475,0.028086218158066622,0.03527106466361855,0.038536903984323974,0.039843239712606136,0.05094709340300457,0.051600261267145654,0.05747877204441541,0.02939255388634879,0.03527106466361855,0.11103853690398433,0.08817766165904638,0.06074461136512083,0.046374918354016983,0.06923579359895493,0.042455911169170475,0.037230568256041804,0.050293925538863485,0.09209666884389288,0.06270411495754409,0.0659699542782495,0.06988896146309602,0.051600261267145654,0.09340300457217506,0.028739386022207707,0.036577400391900716,0.09209666884389288,0.042455911169170475
nh0151,1.0,0.5095613048368954,0.44713160854893136,0.35826771653543305,0.3408323959505062,0.36051743532058494,0.41169853768278963,0.3683914510686164,0.25646794150731156,0.22890888638920134,0.36220472440944884,0.23678290213723285,0.21934758155230596,0.2435320584926884,0.28683914510686165,0.2508436445444319,0.1766029246344207,0.1344206974128234,0.17266591676040494,0.22272215973003376,0.21822272215973004,0.15016872890888638,0.1856017997750281,0.18053993250843645,0.22778402699662542,0.19347581552305962,0.1766029246344207,0.1361079865016873,0.15241844769403826,0.14454443194600675,0.3295838020247469,0.1889763779527559,0.17716535433070865,0.15016872890888638,0.20528683914510687,0.10911136107986502,0.1062992125984252,0.1107986501687289,0.09617547806524185,0.12260967379077616,0.06580427446569179,0.11529808773903262,0.15073115860517436,0.13385826771653545,0.10517435320584927,0.27896512935883017,0.16760404949381327,0.12148481439820022,0.09561304836895389,0.1344206974128234,0.17885264341957255,0.1220472440944882,0.06636670416197975,0.1265466816647919,0.07424071991001124,0.12148481439820022,0.12598425196850394,0.16816647919010125,0.09055118110236221,0.10067491563554555,0.12823397075365578,0.1439820022497188,0.13160854893138357,0.09336332958380203,0.09111361079865017,0.06186726659167604,0.06130483689538808,0.11192350956130484,0.10573678290213723,0.11923509561304838,0.07705286839145106,0.10236220472440945,0.0686164229471316,0.10123734533183353,0.11361079865016872,0.0719910011248594,0.07311586051743532,0.15354330708661418,0.12823397075365578,0.09673790776152981,0.10911136107986502,0.11473565804274466,0.09280089988751405,0.06692913385826772,0.09505061867266591,0.11361079865016872,0.10967379077615298,0.10686164229471316,0.13329583802024747,0.07480314960629922,0.07536557930258718,0.0860517435320585,0.04161979752530934,0.12542182227221596,0.06917885264341957,0.05736782902137233,0.08998875140607424,0.06299212598425197,0.0703037120359955,0.09448818897637795,0.04105736782902137,0.08492688413948256,0.078177727784027,0.1107986501687289,0.08492688413948256,0.047806524184476944,0.140607424071991,0.08492688413948256,0.0984251968503937,0.10292463442069741,0.052868391451068614,0.08773903262092239,0.08717660292463442,0.08211473565804274,0.1372328458942632,0.11698537682789652,0.1512935883014623,0.1046119235095613,0.07480314960629922,0.09786276715410573,0.07536557930258718,0.08773903262092239,0.0686164229471316,0.1046119235095613,0.0686164229471316,0.03993250843644545,0.04330708661417323,0.08098987626546682,0.07424071991001124,0.08267716535433071,0.05511811023622047,0.0719910011248594,0.08155230596175478,0.048368953880764905,0.043869516310461196,0.08548931383577053,0.05680539932508436,0.03093363329583802,0.05680539932508436,0.05511811023622047,0.10967379077615298,0.048368953880764905,0.08042744656917886,0.06580427446569179,0.05961754780652419,0.07255343082114736,0.05343082114735658,0.06917885264341957,0.09898762654668167,0.07536557930258718,0.15241844769403826,0.047244094488188976,0.07705286839145106,0.08323959505061868,0.04499437570303712,0.06017997750281215,0.10348706411698538,0.050056242969628795,0.05399325084364454,0.0843644544431946,0.07311586051743532,0.03937007874015748,0.048931383577052866,0.06749156355455568,0.043869516310461196,0.051181102362204724,0.05061867266591676,0.06130483689538808,0.06186726659167604,0.07424071991001124,0.043869516310461196,0.10123734533183353,0.08717660292463442,0.06355455568053993,0.05343082114735658,0.0421822272215973,0.05849268841394826,0.04274465691788527,0.06636670416197975,0.05174353205849269,0.05961754780652419,0.07424071991001124,0.0343082114735658,0.05399325084364454,0.05680539932508436,0.05230596175478065,0.04499437570303712,0.07480314960629922,0.030371203599550055,0.06355455568053993,0.06074240719910011,0.0922384701912261,0.06749156355455568,0.09730033745781777,0.05230596175478065,0.09955005624296963,0.047244094488188976,0.03655793025871766,0.09561304836895389,0.03543307086614173,0.06805399325084364,0.05961754780652419,0.0421822272215973,0.05343082114735658,0.047806524184476944,0.03093363329583802,0.03655793025871766,0.07592800899887514,0.047244094488188976,0.05455568053993251,0.04499437570303712,0.02924634420697413,0.06974128233970754,0.045556805399325086,0.06411698537682789,0.06130483689538808,0.07311586051743532,0.04443194600674916,0.07536557930258718,0.04499437570303712,0.06805399325084364,0.03543307086614173,0.028683914510686165,0.04161979752530934,0.04105736782902137,0.029808773903262094,0.03937007874015748,0.03937007874015748,0.048931383577052866,0.0562429696287964,0.03880764904386952,0.03768278965129359,0.07592800899887514,0.04274465691788527,0.03880764904386952,0.04611923509561305,0.048931383577052866,0.04274465691788527,0.048931383577052866,0.02924634420697413,0.03768278965129359,0.051181102362204724,0.03937007874015748,0.07705286839145106,0.06692913385826772,0.06186726659167604,0.03993250843644545,0.0562429696287964,0.04443194600674916,0.05399325084364454,0.08492688413948256,0.046681664791901015,0.023622047244094488,0.027559055118110236,0.031496062992125984,0.033183352080989874,0.06411698537682789,0.051181102362204724,0.029808773903262094,0.03487064116985377,0.047244094488188976,0.04274465691788527,0.024184476940382452,0.049493813273340834,0.01799775028121485,0.029808773903262094,0.03824521934758155,0.03937007874015748,0.02924634420697413,0.025871766029246346,0.047244094488188976,0.049493813273340834,0.05174353205849269,0.03768278965129359,0.03824521934758155,0.026434195725534307,0.05793025871766029,0.0798650168728909,0.05455568053993251,0.03712035995500562,0.03712035995500562,0.05905511811023622,0.10067491563554555,0.03655793025871766,0.030371203599550055,0.06074240719910011,0.03768278965129359,0.046681664791901015,0.06524184476940383,0.06636670416197975,0.04330708661417323,0.0140607424071991,0.06974128233970754,0.046681664791901015,0.049493813273340834,0.0343082114735658,0.029808773903262094,0.048931383577052866,0.09167604049493813,0.0140607424071991
nh0152,1.0,0.43458079489411083,0.4676530316217,0.3626341746446185,0.41088869548399576,0.33362344067304905,0.2169035876607678,0.28710956387196596,0.34319698288366696,0.23846823324630112,0.2408857944105986,0.23595396963543178,0.23527705250942849,0.2510395513006479,0.24407697514747123,0.18189730200174065,0.19562904941495018,0.2392418528188763,0.1724204622376946,0.1562711536601876,0.20810366502272507,0.16033265641620734,0.15182284111788028,0.20616961609128712,0.10946716951938884,0.179673145730587,0.1678754472488154,0.14727782612900106,0.2071366405570061,0.11372207716855237,0.09380137317474133,0.1626535151339329,0.11430229184798375,0.21554975340876123,0.1006672468813461,0.1457305869838507,0.14050865486896819,0.12213519002030751,0.1231022144860265,0.13751087902523934,0.1285175514940528,0.10666279856880378,0.16042935886277923,0.11062759887825162,0.1573348805724785,0.05918189730200174,0.10163427134706508,0.10724301324823518,0.12522966831060825,0.09583212455275118,0.06034232666086452,0.15501402185475294,0.14002514263610868,0.12068465332172904,0.18064017019630596,0.12551977565032396,0.13122521999806594,0.072236727589208,0.10221448602649646,0.09351126583502563,0.12406923895174547,0.10559907165651292,0.07513780098636495,0.1556909389807562,0.10898365728652935,0.10298810559907165,0.07697514747123102,0.13025819553234697,0.10975727685910454,0.06943235663862296,0.09882990039648003,0.09757276859104536,0.11739677013828449,0.07426747896721787,0.09950681752248332,0.08055313799439126,0.17696547722657383,0.0669180930277536,0.0837443187312639,0.14398994294555653,0.10772652548109467,0.11323856493569287,0.10724301324823518,0.06440382941688425,0.06111594623343971,0.0667246881346098,0.0675950101537569,0.06585436611546272,0.10453534474422203,0.11904071173000677,0.06488734164974373,0.10327821293878735,0.07397737162750218,0.0838410211778358,0.07214002514263611,0.11439899429455565,0.09302775360216614,0.07639493279179964,0.0616961609128711,0.05289623827482835,0.10163427134706508,0.0669180930277536,0.09041678754472487,0.07165651290977662,0.07581471811236824,0.06585436611546272,0.05144570157624988,0.06324340005802147,0.04351610095735422,0.050768784450246594,0.06246978048544628,0.06711149792089739,0.06614447345517842,0.0787157915095252,0.07639493279179964,0.05308964316797215,0.06275988782516198,0.07010927376462625,0.051639106469393674,0.07542790832608065,0.051058891789962285,0.05192921380910937,0.04960835509138381,0.06246978048544628,0.061599458466299196,0.08587177255584566,0.0891596557392902,0.0499951648776714,0.06933565419205105,0.041195242239628664,0.056474228797988586,0.05637752635141669,0.04651387680108307,0.10211778357992457,0.11459239918769945,0.050768784450246594,0.04380620829706992,0.1337394836089353,0.06072913644715211,0.0615027560197273,0.04167875447248815,0.06904554685233537,0.0445798278696451,0.07214002514263611,0.0499951648776714,0.05357315540083164,0.04641717435451117,0.05096218934339039,0.042162266705347645,0.039938110434193985,0.054540179866550624,0.054540179866550624,0.05212261870225317,0.05463688231312252,0.05376656029397544,0.05096218934339039,0.052316023595396964,0.07968281597524417,0.04912484285852432,0.05125229668310608,0.05115559423653419,0.06034232666086452,0.07446088386036166,0.048157818392805335,0.04970505753795571,0.07030267865777004,0.054250072526834926,0.06962576153176675,0.03848757373561551,0.039841407987622084,0.07736195725751861,0.04767430615994585,0.049511652644811915,0.03732714437675273,0.056474228797988586,0.04690068658737066,0.04264577893820714,0.067498307707185,0.046030364568223577,0.02620636302098443,0.043709505850498015,0.03732714437675273,0.04989846243109951,0.042162266705347645,0.0333623440673049,0.03694033459046514,0.06894884440576346,0.052992940721400254,0.06875543951261967,0.04670728169422687,0.03287883183444541,0.029977758437288463,0.0615027560197273,0.035489797891886665,0.047190793927086354,0.01905038197466396,0.05376656029397544,0.04873803307223673,0.033265641620733005,0.038390871289043615,0.03655352480417755,0.05434677497340683,0.06788511749347259,0.059375302195145536,0.037713954163040325,0.038971085968475004,0.045643554781935984,0.03800406150275602,0.0393578957547626,0.05405666763369113,0.05154240402282178,0.03655352480417755,0.026689875253843923,0.03191180736872643,0.05753795571027947,0.04748090126680205,0.01953389420752345,0.039938110434193985,0.033265641620733005,0.04554685233536408,0.04448312542307321,0.052606130935112655,0.03800406150275602,0.04225896915191955,0.04970505753795571,0.05347645295425974,0.03568320278503046,0.03742384682332463,0.04196886181220385,0.01624601102407891,0.03790735905618412,0.07668504013151532,0.02175805047867711,0.03694033459046514,0.04138864713277246,0.04554685233536408,0.04254907649163524,0.03519969055217097,0.045353447442220286,0.042162266705347645,0.03723044193018083,0.04071173000676917,0.047577603713373946,0.04690068658737066,0.03142829513586694,0.01798665506237308,0.030461270670147953,0.038680978628759306,0.03287883183444541,0.015278986558359927,0.04612706701479547,0.05405666763369113,0.04177545691906005,0.05502369209941012,0.05357315540083164,0.09177062179673146,0.023305289623827483,0.030364568223576055,0.03597331012474616,0.05279953582825646,0.0499951648776714,0.04583695967507978,0.0336524514070206,0.036166715017889955,0.029397543757857074,0.045063340102504595,0.02610966057441253,0.035779905231602356,0.05541050188569771,0.05918189730200174,0.030461270670147953,0.04448312542307321,0.043419398510782324,0.04109853979305676,0.040905134899912966,0.05434677497340683,0.029300841311285176,0.02388550430325887,0.029397543757857074,0.0333623440673049,0.03142829513586694,0.030267865777004157,0.015859201237791318,0.0388743835219031,0.024852528768977856,0.022628372497824196,0.02340199207039938,0.036166715017889955,0.03007446088386036,0.028237114398994293,0.015569093898075622,0.04738419882023015,0.03075137800986365,0.033168939174161104,0.042742481384779034,0.031621700029010734,0.0615027560197273,0.03287883183444541,0.014795474325500435,0.050381974663958995
nh0153,1.0,0.6238979118329466,0.6440835266821345,0.3099767981438515,0.34617169373549883,0.40626450116009283,0.26496519721577727,0.37215777262180977,0.262877030162413,0.23526682134570764,0.2633410672853828,0.2842227378190255,0.20278422273781901,0.28074245939675174,0.24895591647331786,0.3357308584686775,0.2937354988399072,0.1519721577726218,0.23758700696055685,0.2925754060324826,0.2408352668213457,0.2419953596287703,0.17703016241299305,0.2577726218097448,0.2345707656612529,0.22041763341067286,0.20928074245939676,0.2162412993039443,0.13619489559164732,0.2345707656612529,0.16867749419953595,0.11299303944315545,0.20812064965197216,0.17424593967517402,0.20788863109048725,0.2234338747099768,0.23062645011600927,0.1814385150812065,0.18816705336426914,0.12761020881670534,0.16357308584686775,0.13248259860788864,0.14106728538283062,0.20348027842227379,0.10092807424593968,0.08561484918793504,0.12273781902552204,0.11577726218097448,0.07679814385150813,0.15730858468677494,0.08654292343387471,0.12064965197215777,0.07679814385150813,0.1320185614849188,0.0839907192575406,0.12993039443155452,0.052204176334106726,0.16751740139211138,0.07911832946635732,0.14640371229698376,0.13921113689095127,0.13155452436194895,0.1505800464037123,0.12459396751740139,0.1294663573085847,0.15754060324825986,0.09767981438515082,0.09907192575406032,0.0814385150812065,0.12877030162412992,0.09095127610208817,0.16937354988399073,0.1368909512761021,0.11345707656612529,0.12482598607888631,0.14524361948955916,0.0925754060324826,0.06009280742459397,0.0728538283062645,0.1048723897911833,0.11647331786542924,0.10928074245939676,0.1208816705336427,0.11299303944315545,0.1023201856148492,0.1023201856148492,0.10788863109048724,0.13549883990719258,0.07447795823665894,0.10533642691415314,0.11809744779582367,0.062180974477958235,0.0951276102088167,0.07308584686774942,0.082830626450116,0.1,0.05591647331786543,0.07819025522041763,0.08515081206496519,0.1136890951276102,0.051508120649651976,0.07053364269141531,0.09280742459396751,0.08677494199535962,0.060324825986078884,0.0962877030162413,0.07470997679814385,0.09675174013921113,0.1296983758700696,0.12436194895591647,0.12064965197215777,0.052900232018561484,0.06148491879350348,0.09489559164733179,0.0777262180974478,0.09814385150812065,0.12296983758700696,0.08306264501160093,0.10904872389791183,0.08213457076566125,0.06774941995359629,0.11252900232018562,0.1074245939675174,0.11276102088167053,0.08607888631090488,0.06264501160092807,0.08607888631090488,0.108584686774942,0.1037122969837587,0.053132250580046406,0.07703016241299304,0.06890951276102088,0.08259860788863109,0.07424593967517401,0.04756380510440835,0.0900232018561485,0.07679814385150813,0.05104408352668213,0.07819025522041763,0.11577726218097448,0.09930394431554525,0.06890951276102088,0.05823665893271462,0.05986078886310905,0.04918793503480278,0.09791183294663573,0.09164733178654293,0.08004640371229699,0.10719257540603248,0.08051044083526682,0.07215777262180975,0.07215777262180975,0.08700696055684455,0.06264501160092807,0.06821345707656612,0.08793503480278422,0.053132250580046406,0.07354988399071925,0.09443155452436194,0.06380510440835267,0.05104408352668213,0.09559164733178654,0.05591647331786543,0.058700696055684454,0.09234338747099768,0.060556844547563805,0.0431554524361949,0.058700696055684454,0.0431554524361949,0.03596287703016241,0.07795823665893271,0.07331786542923434,0.09350348027842227,0.06287703016241299,0.04802784222737819,0.10046403712296983,0.1122969837587007,0.047099767981438515,0.0740139211136891,0.07540603248259861,0.051276102088167054,0.0494199535962877,0.060556844547563805,0.06867749419953596,0.05243619489559165,0.027378190255220418,0.04176334106728538,0.038051044083526685,0.0654292343387471,0.051276102088167054,0.06403712296983759,0.02923433874709977,0.060556844547563805,0.05336426914153132,0.0345707656612529,0.09396751740139211,0.06148491879350348,0.058932714617169375,0.07053364269141531,0.035498839907192575,0.07726218097447796,0.0679814385150812,0.06821345707656612,0.057308584686774945,0.09025522041763341,0.04269141531322506,0.03921113689095128,0.06728538283062645,0.09373549883990719,0.05174013921113689,0.019953596287703015,0.04060324825986079,0.07517401392111368,0.047331786542923436,0.05916473317865429,0.06009280742459397,0.04524361948955916,0.04918793503480278,0.06844547563805105,0.0777262180974478,0.04825986078886311,0.043851508120649654,0.06194895591647332,0.06078886310904873,0.048723897911832945,0.044547563805104405,0.07030162412993039,0.051276102088167054,0.047331786542923436,0.0654292343387471,0.10255220417633411,0.058932714617169375,0.07563805104408353,0.06566125290023202,0.07378190255220418,0.041531322505800466,0.06241299303944316,0.05081206496519722,0.07795823665893271,0.0888631090487239,0.06589327146171693,0.04524361948955916,0.05568445475638051,0.05266821345707657,0.045475638051044084,0.056380510440835266,0.045475638051044084,0.05777262180974478,0.019953596287703015,0.052900232018561484,0.030162412993039442,0.07099767981438515,0.058700696055684454,0.05614849187935035,0.04501160092807425,0.04617169373549884,0.05916473317865429,0.07238979118329467,0.06403712296983759,0.04477958236658933,0.06728538283062645,0.042923433874709975,0.07795823665893271,0.06774941995359629,0.05011600928074246,0.03248259860788863,0.043851508120649654,0.04849187935034803,0.057308584686774945,0.07842227378190256,0.042923433874709975,0.04779582366589327,0.05266821345707657,0.041531322505800466,0.019953596287703015,0.019025522041763342,0.04779582366589327,0.05406032482598608,0.05498839907192576,0.06287703016241299,0.06403712296983759,0.058932714617169375,0.0777262180974478,0.054524361948955914,0.03596287703016241,0.03341067285382831,0.049651972157772624,0.03665893271461717,0.045475638051044084,0.05359628770301624,0.05197215777262181,0.022273781902552203,0.055452436194895594,0.06635730858468677,0.041531322505800466,0.05498839907192576,0.03921113689095128,0.032946635730858466,0.05336426914153132,0.03317865429234339
nh0154,1.0,0.5839552238805971,0.47699004975124376,0.3414179104477612,0.21206467661691542,0.2562189054726368,0.2947761194029851,0.23445273631840796,0.18097014925373134,0.1884328358208955,0.17537313432835822,0.20460199004975124,0.20460199004975124,0.2058457711442786,0.15422885572139303,0.27611940298507465,0.2325870646766169,0.14054726368159204,0.2064676616915423,0.23445273631840796,0.17475124378109452,0.23383084577114427,0.19651741293532338,0.13743781094527363,0.14614427860696516,0.12686567164179105,0.14365671641791045,0.14925373134328357,0.11567164179104478,0.17350746268656717,0.23569651741293532,0.1449004975124378,0.16977611940298507,0.11131840796019901,0.17101990049751245,0.16355721393034825,0.16106965174129353,0.12126865671641791,0.138681592039801,0.11691542288557213,0.11567164179104478,0.11753731343283583,0.08582089552238806,0.15485074626865672,0.10509950248756218,0.1890547263681592,0.10012437810945274,0.09017412935323384,0.07276119402985075,0.13743781094527363,0.11007462686567164,0.08830845771144279,0.08582089552238806,0.08333333333333333,0.08022388059701492,0.10883084577114428,0.09763681592039801,0.11069651741293532,0.07898009950248756,0.13557213930348258,0.09079601990049752,0.10323383084577115,0.09763681592039801,0.08706467661691543,0.08271144278606965,0.11069651741293532,0.12997512437810946,0.07773631840796019,0.1044776119402985,0.11940298507462686,0.05161691542288557,0.1449004975124378,0.09763681592039801,0.08893034825870647,0.10634328358208955,0.05970149253731343,0.07213930348258707,0.09763681592039801,0.06032338308457712,0.05286069651741294,0.07524875621890548,0.08955223880597014,0.07151741293532338,0.11069651741293532,0.07276119402985075,0.05534825870646766,0.04477611940298507,0.08644278606965174,0.0708955223880597,0.05845771144278607,0.054104477611940295,0.05472636815920398,0.07151741293532338,0.05845771144278607,0.060945273631840796,0.06902985074626866,0.07898009950248756,0.05472636815920398,0.04042288557213931,0.05721393034825871,0.06965174129353234,0.0640547263681592,0.06778606965174129,0.06840796019900497,0.043532338308457715,0.11940298507462686,0.07213930348258707,0.09639303482587065,0.08582089552238806,0.07151741293532338,0.07835820895522388,0.07151741293532338,0.04291044776119403,0.05161691542288557,0.041666666666666664,0.08146766169154229,0.11069651741293532,0.022388059701492536,0.12064676616915423,0.0845771144278607,0.08022388059701492,0.049129353233830844,0.06592039800995025,0.0640547263681592,0.03171641791044776,0.06218905472636816,0.05534825870646766,0.06840796019900497,0.06654228855721393,0.03917910447761194,0.05161691542288557,0.0740049751243781,0.08333333333333333,0.05970149253731343,0.055970149253731345,0.0640547263681592,0.1013681592039801,0.03731343283582089,0.043532338308457715,0.06032338308457712,0.060945273631840796,0.028606965174129355,0.07835820895522388,0.04664179104477612,0.03917910447761194,0.0640547263681592,0.05907960199004975,0.05970149253731343,0.10199004975124377,0.06281094527363185,0.05472636815920398,0.04539800995024876,0.05721393034825871,0.07462686567164178,0.05037313432835821,0.06902985074626866,0.04975124378109453,0.05037313432835821,0.05970149253731343,0.03855721393034826,0.055970149253731345,0.05534825870646766,0.04477611940298507,0.07649253731343283,0.08519900497512438,0.03917910447761194,0.027985074626865673,0.033582089552238806,0.03855721393034826,0.01927860696517413,0.034203980099502485,0.046019900497512436,0.05472636815920398,0.043532338308457715,0.04415422885572139,0.04975124378109453,0.0640547263681592,0.05721393034825871,0.055970149253731345,0.04042288557213931,0.05472636815920398,0.06529850746268656,0.01554726368159204,0.03980099502487562,0.055970149253731345,0.013681592039800995,0.028606965174129355,0.01990049751243781,0.04477611940298507,0.04291044776119403,0.05223880597014925,0.03980099502487562,0.03793532338308458,0.07587064676616916,0.05783582089552239,0.05907960199004975,0.03669154228855721,0.03731343283582089,0.07027363184079602,0.0472636815920398,0.05845771144278607,0.049129353233830844,0.03980099502487562,0.03482587064676617,0.08208955223880597,0.041044776119402986,0.041044776119402986,0.020522388059701493,0.03669154228855721,0.04042288557213931,0.04539800995024876,0.027985074626865673,0.05223880597014925,0.05534825870646766,0.04975124378109453,0.03171641791044776,0.07524875621890548,0.041044776119402986,0.05783582089552239,0.0236318407960199,0.023009950248756218,0.02736318407960199,0.041044776119402986,0.04539800995024876,0.03544776119402985,0.034203980099502485,0.04477611940298507,0.03731343283582089,0.024875621890547265,0.060945273631840796,0.046019900497512436,0.021766169154228857,0.05223880597014925,0.04788557213930348,0.03731343283582089,0.03296019900497513,0.041666666666666664,0.025497512437810944,0.041666666666666664,0.046019900497512436,0.05534825870646766,0.053482587064676616,0.04228855721393035,0.03544776119402985,0.041666666666666664,0.06032338308457712,0.04415422885572139,0.07276119402985075,0.007462686567164179,0.06778606965174129,0.0,0.049129353233830844,0.03233830845771144,0.017412935323383085,0.04539800995024876,0.022388059701492536,0.046019900497512436,0.05783582089552239,0.01927860696517413,0.030472636815920398,0.07213930348258707,0.023009950248756218,0.04415422885572139,0.04415422885572139,0.06032338308457712,0.07711442786069651,0.016791044776119403,0.06654228855721393,0.025497512437810944,0.034203980099502485,0.017412935323383085,0.014303482587064677,0.048507462686567165,0.03171641791044776,0.022388059701492536,0.03731343283582089,0.04291044776119403,0.03669154228855721,0.029850746268656716,0.026119402985074626,0.036069651741293535,0.03731343283582089,0.07213930348258707,0.04228855721393035,0.04228855721393035,0.016791044776119403,0.03296019900497513,0.028606965174129355,0.028606965174129355,0.03296019900497513,0.060945273631840796,0.043532338308457715,0.0640547263681592,0.0472636815920398,0.020522388059701493,0.03793532338308458,0.027985074626865673,0.029850746268656716,0.06592039800995025,0.036069651741293535
nh0155,1.0,0.5469728601252609,0.4836464857341684,0.30201809324982604,0.42971468336812807,0.35281837160751567,0.3674321503131524,0.2686151704940849,0.255741127348643,0.2501739735560195,0.30445372303409884,0.25156576200417535,0.2578288100208768,0.2654836464857342,0.22894919972164232,0.22825330549756437,0.2766179540709812,0.2279053583855254,0.18162839248434237,0.21816283924843424,0.25260960334029225,0.19624217118997914,0.2035490605427975,0.2150313152400835,0.14683368128044538,0.1617954070981211,0.1534446764091858,0.16005567153792624,0.16214335421016005,0.19485038274182323,0.13917884481558804,0.20424495476687543,0.13221990257480862,0.16249130132219902,0.1569241475295755,0.15657620041753653,0.17188587334725122,0.1534446764091858,0.13221990257480862,0.11830201809324982,0.15100904662491302,0.12247738343771747,0.17258176757132915,0.12804453723034098,0.1301322199025748,0.10508002783576896,0.08037578288100208,0.11969380654140571,0.10403618649965206,0.11969380654140571,0.06297842727905359,0.10055671537926235,0.11482254697286012,0.09359777313848296,0.13465553235908143,0.10334029227557412,0.16945024356297841,0.07585247042449547,0.12108559498956159,0.09742519137091162,0.11343075852470424,0.13082811412665274,0.12943632567849686,0.08907446068197634,0.12874043145441894,0.1464857341684064,0.1558803061934586,0.060194850382741825,0.15274878218510787,0.12247738343771747,0.0685455810716771,0.07132915796798886,0.12143354210160055,0.0720250521920668,0.07237299930410578,0.0883785664578984,0.09116214335421016,0.0372303409881698,0.08594293667362561,0.1290883785664579,0.08629088378566457,0.09846903270702853,0.12282533054975643,0.0824634655532359,0.06541405706332637,0.09986082115518441,0.08977035490605428,0.08350730688935282,0.09464161447459986,0.12804453723034098,0.11134307585247043,0.08733472512178149,0.07724425887265135,0.12178148921363953,0.07724425887265135,0.12004175365344467,0.0824634655532359,0.09951287404314545,0.09812108559498957,0.061238691718858734,0.08733472512178149,0.1430062630480167,0.09116214335421016,0.08942240779401531,0.07480862908837857,0.0779401530967293,0.0942936673625609,0.09255393180236604,0.0650661099512874,0.08211551844119694,0.061934585942936674,0.0918580375782881,0.09290187891440502,0.07585247042449547,0.0848990953375087,0.08698677800974251,0.05010438413361169,0.025400139178844816,0.10160055671537926,0.054627696590118305,0.05741127348643006,0.08037578288100208,0.07167710508002784,0.07272094641614475,0.08350730688935282,0.07967988865692414,0.06332637439109255,0.07028531663187196,0.0789839944328462,0.06471816283924843,0.05741127348643006,0.061586638830897704,0.06889352818371608,0.06437021572720947,0.08594293667362561,0.059498956158663886,0.08524704244954767,0.06993736951983298,0.05741127348643006,0.06576200417536535,0.07028531663187196,0.07167710508002784,0.08594293667362561,0.08420320111343076,0.054279749478079335,0.05741127348643006,0.08455114822546973,0.05915100904662491,0.054279749478079335,0.05323590814196242,0.03583855254001392,0.059846903270702856,0.07132915796798886,0.054975643702157274,0.055323590814196244,0.06576200417536535,0.08942240779401531,0.07028531663187196,0.04732080723729993,0.06576200417536535,0.0476687543493389,0.0720250521920668,0.060542797494780795,0.04592901878914405,0.07515657620041753,0.059498956158663886,0.07376478775226165,0.05045233124565066,0.029227557411273485,0.04244954766875435,0.0511482254697286,0.07933194154488518,0.06367432150313153,0.0720250521920668,0.05288796102992345,0.04871259568545581,0.04836464857341684,0.05706332637439109,0.08315935977731385,0.06993736951983298,0.058107167710508,0.04836464857341684,0.061934585942936674,0.05845511482254697,0.055671537926235214,0.026443980514961725,0.07341684064022269,0.08977035490605428,0.03618649965205289,0.04697286012526096,0.03653444676409186,0.06437021572720947,0.05184411969380654,0.04349338900487126,0.0685455810716771,0.04175365344467641,0.05184411969380654,0.06297842727905359,0.061238691718858734,0.04975643702157272,0.05671537926235212,0.04975643702157272,0.05080027835768963,0.06784968684759916,0.0441892832289492,0.038274182324286705,0.060194850382741825,0.049060542797494784,0.0476687543493389,0.05010438413361169,0.029575504523312455,0.026443980514961725,0.029575504523312455,0.04210160055671538,0.060890744606819765,0.0675017397355602,0.038622129436325675,0.05706332637439109,0.05254001391788448,0.060194850382741825,0.0511482254697286,0.05080027835768963,0.04975643702157272,0.038622129436325675,0.0476687543493389,0.04801670146137787,0.04801670146137787,0.054975643702157274,0.04627696590118302,0.04558107167710508,0.04140570633263744,0.04558107167710508,0.04871259568545581,0.04001391788448156,0.04871259568545581,0.04801670146137787,0.038274182324286705,0.055323590814196244,0.054975643702157274,0.049060542797494784,0.037578288100208766,0.04558107167710508,0.04314544189283229,0.0709812108559499,0.04732080723729993,0.05741127348643006,0.0407098121085595,0.03583855254001392,0.011134307585247043,0.04453723034098817,0.0017397355601948504,0.05915100904662491,0.03618649965205289,0.04558107167710508,0.03931802366040362,0.07515657620041753,0.031663187195546276,0.03966597077244259,0.04314544189283229,0.04523312456506611,0.03583855254001392,0.04105775922059847,0.04349338900487126,0.04836464857341684,0.03583855254001392,0.0441892832289492,0.04140570633263744,0.04523312456506611,0.04801670146137787,0.05080027835768963,0.031315240083507306,0.05915100904662491,0.027487821851078637,0.04697286012526096,0.05080027835768963,0.04975643702157272,0.04244954766875435,0.027487821851078637,0.0511482254697286,0.04210160055671538,0.04488517745302714,0.05358385525400139,0.030271398747390398,0.037578288100208766,0.04732080723729993,0.04488517745302714,0.04314544189283229,0.049408489909533754,0.05149617258176757,0.03549060542797495,0.03514265831593598,0.05288796102992345,0.037578288100208766,0.0407098121085595,0.04175365344467641,0.04871259568545581,0.04697286012526096,0.04175365344467641,0.03966597077244259,0.04801670146137787
nh0156,1.0,0.5752148997134671,0.5277578796561605,0.47403295128939826,0.24158309455587393,0.3116045845272206,0.22994269340974213,0.31070916905444124,0.27614613180515757,0.24749283667621777,0.21812320916905445,0.2492836676217765,0.25608882521489973,0.21400429799426934,0.20755730659025787,0.22510744985673353,0.23513610315186245,0.1923352435530086,0.2342406876790831,0.18696275071633237,0.17532234957020057,0.23800143266475646,0.2598495702005731,0.2018266475644699,0.17442693409742122,0.14738538681948424,0.18176934097421205,0.16869627507163323,0.13305873925501432,0.15275787965616044,0.11389684813753581,0.15741404011461319,0.15419054441260746,0.17388968481375358,0.13681948424068768,0.15222063037249284,0.12106017191977077,0.13753581661891118,0.15848853868194843,0.17066618911174786,0.12535816618911175,0.10834527220630373,0.10386819484240688,0.12338825214899714,0.1298352435530086,0.09437679083094556,0.08363180515759312,0.1407593123209169,0.08506446991404011,0.08595988538681948,0.07396131805157594,0.15419054441260746,0.1489971346704871,0.11353868194842406,0.08954154727793696,0.14326647564469913,0.08595988538681948,0.12893982808022922,0.13968481375358166,0.11210601719197708,0.08058739255014327,0.09151146131805157,0.1303724928366762,0.0988538681948424,0.12607449856733524,0.08721346704871061,0.09330229226361031,0.15007163323782235,0.10762893982808022,0.10762893982808022,0.1339541547277937,0.09742120343839542,0.0830945558739255,0.10870343839541548,0.11604584527220631,0.08005014326647565,0.12195558739255015,0.05569484240687679,0.10333094555873926,0.06572349570200572,0.09330229226361031,0.07951289398280802,0.08631805157593123,0.09025787965616046,0.11550859598853869,0.09383954154727794,0.07360315186246419,0.0954512893982808,0.04512893982808023,0.08184097421203439,0.09366045845272206,0.07091690544412607,0.0789756446991404,0.09366045845272206,0.1223137535816619,0.07360315186246419,0.07503581661891118,0.09509312320916906,0.07969197707736389,0.07736389684813753,0.10010744985673352,0.07539398280802292,0.08022922636103152,0.08918338108882522,0.06858882521489972,0.10816618911174786,0.055873925501432664,0.09169054441260745,0.08936246418338109,0.07772206303724928,0.07879656160458452,0.08739255014326648,0.05927650429799427,0.08148280802292264,0.0700214899713467,0.0830945558739255,0.1312679083094556,0.02775787965616046,0.07628939828080229,0.07360315186246419,0.08148280802292264,0.06500716332378223,0.07754297994269341,0.0707378223495702,0.044949856733524356,0.06142550143266476,0.06017191977077364,0.07020057306590258,0.08936246418338109,0.09169054441260745,0.08094555873925502,0.09795845272206304,0.0804083094555874,0.06948424068767908,0.0673352435530086,0.052292263610315186,0.05211318051575931,0.06393266475644699,0.06446991404011461,0.06823065902578797,0.06106733524355301,0.051217765042979944,0.06679799426934098,0.08345272206303725,0.05479942693409742,0.07933381088825214,0.05659025787965616,0.06375358166189111,0.09097421203438395,0.04459169054441261,0.11891117478510028,0.06500716332378223,0.06070916905444126,0.08219914040114613,0.05462034383954155,0.06393266475644699,0.07199140401146131,0.05730659025787966,0.06894699140401146,0.054441260744985676,0.059097421203438395,0.05981375358166189,0.07378223495702006,0.05927650429799427,0.056948424068767906,0.0782593123209169,0.0632163323782235,0.061783667621776506,0.09473495702005731,0.04781518624641834,0.03939828080229226,0.043875358166189114,0.0377865329512894,0.04101002865329513,0.06715616045845273,0.05981375358166189,0.0494269340974212,0.08166189111747851,0.04208452722063037,0.03456303724928367,0.05569484240687679,0.06894699140401146,0.0542621776504298,0.04799426934097421,0.05873925501432665,0.03742836676217765,0.037070200573065905,0.05730659025787966,0.0659025787965616,0.04333810888252149,0.050680515759312324,0.028116045845272206,0.05999283667621776,0.060530085959885384,0.06357449856733524,0.08112464183381089,0.053187679083094554,0.039040114613180514,0.06088825214899714,0.04978510028653295,0.05247134670487106,0.06303724928366762,0.04136819484240688,0.045487106017191976,0.06070916905444126,0.05766475644699141,0.05533667621776504,0.0453080229226361,0.027041547277936964,0.0651862464183381,0.04333810888252149,0.04101002865329513,0.07020057306590258,0.0673352435530086,0.05533667621776504,0.0419054441260745,0.058022922636103154,0.049606017191977075,0.05462034383954155,0.035458452722063036,0.04047277936962751,0.04315902578796561,0.04745702005730659,0.0494269340974212,0.05193409742120344,0.04888968481375358,0.0419054441260745,0.047636103151862466,0.05408309455587393,0.06393266475644699,0.03796561604584527,0.0419054441260745,0.04924785100286533,0.05050143266475645,0.034921203438395415,0.031160458452722063,0.04924785100286533,0.04978510028653295,0.03456303724928367,0.05157593123209169,0.05712750716332378,0.056948424068767906,0.03420487106017192,0.035995702005730656,0.032234957020057305,0.046382521489971344,0.04351719197707737,0.04262177650429799,0.03008595988538682,0.04674068767908309,0.0007163323782234957,0.04459169054441261,0.04405444126074499,0.03241404011461318,0.055873925501432664,0.033846704871060174,0.049606017191977075,0.04817335243553009,0.027936962750716332,0.05873925501432665,0.04512893982808023,0.04459169054441261,0.028832378223495703,0.03402578796561605,0.05282951289398281,0.04297994269340974,0.030265042979942692,0.06106733524355301,0.05282951289398281,0.03850286532951289,0.041726361031518625,0.04656160458452722,0.050680515759312324,0.03133954154727794,0.0247134670487106,0.050680515759312324,0.04566618911174785,0.04620343839541547,0.029011461318051577,0.04799426934097421,0.045487106017191976,0.02739971346704871,0.03832378223495702,0.05462034383954155,0.04065186246418338,0.025787965616045846,0.034921203438395415,0.0419054441260745,0.04262177650429799,0.048531518624641834,0.04369627507163324,0.04315902578796561,0.03850286532951289,0.03474212034383954,0.0508595988538682,0.031697707736389684,0.03724928366762178,0.04065186246418338,0.049606017191977075,0.04136819484240688
nh0157,1.0,0.6658851113716295,0.40211019929660025,0.4372801875732708,0.36107854630715125,0.36811254396248533,0.2989449003516999,0.2719812426729191,0.25908558030480655,0.27784290738569756,0.28722157092614303,0.2731535756154748,0.2391559202813599,0.22157092614302462,0.18405627198124266,0.22626025791324736,0.23329425556858147,0.19929660023446658,0.2532239155920281,0.28839390386869873,0.23798358733880423,0.1910902696365768,0.3669402110199297,0.20398593200468934,0.21570926143024619,0.15357561547479484,0.18757327080890973,0.15240328253223914,0.18053927315357562,0.2391559202813599,0.26260257913247365,0.16295427901524032,0.182883939038687,0.15943728018757328,0.16412661195779601,0.1570926143024619,0.1324736225087925,0.14654161781946073,0.15474794841735054,0.1336459554513482,0.15005861664712777,0.19929660023446658,0.1477139507620164,0.11723329425556858,0.20046893317702227,0.22743259085580306,0.14419695193434937,0.16412661195779601,0.11488862837045721,0.14419695193434937,0.15826494724501758,0.13130128956623682,0.12778429073856976,0.1336459554513482,0.05509964830011723,0.11019929660023446,0.11019929660023446,0.19343493552168817,0.09495896834701055,0.11019929660023446,0.11957796014067995,0.16647127784290738,0.13599062133645956,0.12895662368112543,0.08909730363423213,0.08440797186400938,0.0914419695193435,0.10902696365767878,0.0984759671746776,0.11840562719812427,0.08909730363423213,0.12661195779601406,0.09964830011723329,0.12778429073856976,0.10785463071512309,0.10550996483001172,0.09378663540445487,0.12895662368112543,0.07033997655334115,0.07268464243845252,0.09378663540445487,0.08558030480656506,0.10082063305978899,0.0984759671746776,0.10785463071512309,0.08558030480656506,0.10785463071512309,0.11488862837045721,0.07151230949589683,0.10785463071512309,0.09495896834701055,0.08792497069167643,0.08089097303634232,0.10082063305978899,0.08558030480656506,0.09495896834701055,0.07971864009378664,0.09730363423212192,0.0738569753810082,0.0738569753810082,0.08909730363423213,0.12192262602579132,0.10199296600234467,0.10550996483001172,0.09378663540445487,0.07971864009378664,0.12192262602579132,0.09026963657678781,0.10550996483001172,0.13716295427901523,0.0738569753810082,0.08792497069167643,0.04689331770222743,0.07737397420867527,0.09261430246189918,0.123094958968347,0.10785463071512309,0.05627198124267292,0.09964830011723329,0.06916764361078546,0.10082063305978899,0.08909730363423213,0.0984759671746776,0.10316529894490035,0.07033997655334115,0.07737397420867527,0.05627198124267292,0.05627198124267292,0.07620164126611957,0.06565064478311841,0.09026963657678781,0.0914419695193435,0.10785463071512309,0.05744431418522861,0.07268464243845252,0.11019929660023446,0.05861664712778429,0.05158264947245018,0.07033997655334115,0.0668229777256741,0.07502930832356389,0.06916764361078546,0.0738569753810082,0.07971864009378664,0.06330597889800703,0.08440797186400938,0.06916764361078546,0.059788980070339975,0.10785463071512309,0.1395076201641266,0.14419695193434937,0.0492379835873388,0.0668229777256741,0.08206330597889801,0.07854630715123095,0.08792497069167643,0.07854630715123095,0.07971864009378664,0.07033997655334115,0.08089097303634232,0.038686987104337635,0.07971864009378664,0.06447831184056271,0.08323563892145369,0.07620164126611957,0.044548651817116064,0.05627198124267292,0.07737397420867527,0.07620164126611957,0.05509964830011723,0.04806565064478312,0.06799531066822978,0.0738569753810082,0.07033997655334115,0.0492379835873388,0.07620164126611957,0.059788980070339975,0.06213364595545135,0.06916764361078546,0.08323563892145369,0.07620164126611957,0.07033997655334115,0.05041031652989449,0.059788980070339975,0.0668229777256741,0.022274325908558032,0.0246189917936694,0.05861664712778429,0.05158264947245018,0.05158264947245018,0.08558030480656506,0.05158264947245018,0.07971864009378664,0.07268464243845252,0.07033997655334115,0.13130128956623682,0.053927315357561546,0.041031652989449004,0.0668229777256741,0.06096131301289566,0.08089097303634232,0.07502930832356389,0.05744431418522861,0.05041031652989449,0.07033997655334115,0.053927315357561546,0.04337631887456037,0.07620164126611957,0.03985932004689332,0.06330597889800703,0.022274325908558032,0.05509964830011723,0.06916764361078546,0.07033997655334115,0.06330597889800703,0.053927315357561546,0.0668229777256741,0.04337631887456037,0.09730363423212192,0.06565064478311841,0.023446658851113716,0.0492379835873388,0.0492379835873388,0.059788980070339975,0.026963657678780773,0.04572098475967175,0.06916764361078546,0.05744431418522861,0.07268464243845252,0.09378663540445487,0.04220398593200469,0.04572098475967175,0.08089097303634232,0.029308323563892145,0.03048065650644783,0.0492379835873388,0.04220398593200469,0.04337631887456037,0.04689331770222743,0.03751465416178194,0.04806565064478312,0.0668229777256741,0.05861664712778429,0.06213364595545135,0.08792497069167643,0.09613130128956623,0.041031652989449004,0.044548651817116064,0.01875732708089097,0.06916764361078546,0.029308323563892145,0.05158264947245018,0.035169988276670575,0.05509964830011723,0.031652989449003514,0.035169988276670575,0.06213364595545135,0.05275498241500586,0.05158264947245018,0.04689331770222743,0.059788980070339975,0.044548651817116064,0.029308323563892145,0.06447831184056271,0.03985932004689332,0.03634232121922626,0.05861664712778429,0.03634232121922626,0.04220398593200469,0.03751465416178194,0.053927315357561546,0.026963657678780773,0.0668229777256741,0.038686987104337635,0.05158264947245018,0.04806565064478312,0.06799531066822978,0.06447831184056271,0.07737397420867527,0.032825322391559206,0.059788980070339975,0.031652989449003514,0.12075029308323564,0.07268464243845252,0.038686987104337635,0.03399765533411489,0.0668229777256741,0.03634232121922626,0.0492379835873388,0.06096131301289566,0.09026963657678781,0.05158264947245018,0.053927315357561546,0.031652989449003514,0.03985932004689332,0.044548651817116064,0.032825322391559206,0.03751465416178194,0.05744431418522861,0.03048065650644783
nh0158,1.0,0.651826237302788,0.5210719688783229,0.39723362870110224,0.48454722282256324,0.38534687702615084,0.3486060082126648,0.38513075426842447,0.30170736978603846,0.29695266911605794,0.3086232980332829,0.2878755132915496,0.2634536416684677,0.303652474605576,0.27425977955478714,0.2586989409984871,0.242489734169008,0.2861465312297385,0.22066133563864274,0.21288091636049275,0.25588934514804407,0.25070239896261076,0.21460989842230388,0.18283985303652475,0.21958072185001082,0.24918953965852605,0.17873352063972336,0.20574886535552195,0.21504214393775664,0.21893235357683163,0.17008861033066783,0.17138534687702614,0.20488437432461637,0.19667170953101362,0.19537497298465528,0.1839204668251567,0.1592824724443484,0.2025070239896261,0.1326993732440026,0.15171817592392478,0.16338880484114976,0.16403717311432894,0.15668899935163172,0.16403717311432894,0.1780851523665442,0.15063756213529284,0.17397881996974282,0.11151934298681651,0.11994813053814567,0.1607953317484331,0.12189323535768316,0.15949859520207477,0.10546790577047763,0.12340609466176788,0.19840069159282472,0.11886751674951372,0.12146098984223039,0.11670628917224984,0.11973200778041927,0.13875081046034146,0.14307326561486924,0.10157769613140263,0.11065485195591096,0.12859304084720122,0.12621569051221093,0.11238383401772206,0.1041711692241193,0.11605792089907067,0.09379727685325265,0.10914199265182624,0.0927166630646207,0.10654851955910957,0.08796196239464016,0.1344283553058137,0.12448670845039983,0.10741301059001512,0.15841798141344285,0.1136805705640804,0.10330667819321375,0.1687918737843095,0.13486060082126647,0.1192997622649665,0.12362221741949428,0.11259995677544846,0.12383834017722066,0.09120380376053598,0.10071320510049708,0.1175707802031554,0.12859304084720122,0.10309055543548735,0.10092932785822348,0.12081262156905122,0.11000648368273179,0.08861033066781931,0.08709747136373461,0.08861033066781931,0.09833585476550681,0.09444564512643182,0.08536848930192349,0.0851523665441971,0.0680786686838124,0.09747136373460126,0.10979036092500541,0.08234277069375405,0.09898422303868597,0.10525178301275125,0.11022260644045818,0.08623298033282904,0.09574238167279014,0.07845256105467906,0.12578344499675817,0.09790360925005404,0.10136157337367625,0.09552625891506375,0.10309055543548735,0.09725524097687487,0.07434622865787767,0.12016425329587206,0.10265830992003458,0.07413010590015129,0.08299113896693322,0.0907715582450832,0.09509401339961097,0.09617462718824292,0.08061378863194295,0.08363950724011239,0.09228441754916793,0.08731359412146099,0.08234277069375405,0.06743030041063323,0.07737194726604711,0.08450399827101794,0.06915928247244435,0.09790360925005404,0.10719688783228874,0.07715582450832073,0.08061378863194295,0.08882645342554571,0.060514372163388806,0.08255889345148044,0.09920034579641236,0.07542684244650961,0.0929327858223471,0.05532742597795548,0.050140479792522154,0.08277501620920683,0.06116274043656797,0.06786254592608602,0.07910092932785823,0.08623298033282904,0.053382321158417984,0.06483682731791658,0.0702398962610763,0.07974929760103738,0.07931705208558461,0.07434622865787767,0.06699805489518046,0.06894315971471796,0.08558461205964989,0.07693970175059434,0.06980765074562352,0.07369786038469851,0.07434622865787767,0.08752971687918738,0.08428787551329155,0.05467905770477631,0.06656580937972768,0.07283336935379295,0.041711692241193,0.049924357034795766,0.10244218716230818,0.06310784525610547,0.053166198400691596,0.052517830127512426,0.06959152798789713,0.07153663280743462,0.07499459693105684,0.05403068943159715,0.08039766587421655,0.060730494921115194,0.09790360925005404,0.06332396801383186,0.06764642316835963,0.05835314458612492,0.049492111519342984,0.04214393775664577,0.10179381888912903,0.051653339096606875,0.07585908796196239,0.04646639291117355,0.06656580937972768,0.06894315971471796,0.04452128809163605,0.05921763561703047,0.05078884806570132,0.046034147395720766,0.0929327858223471,0.06678193213745408,0.06029824940566242,0.05792089907067214,0.07218500108061379,0.059866003890209636,0.05446293494704992,0.06116274043656797,0.06699805489518046,0.059001512859304085,0.07413010590015129,0.04884374324616382,0.048411497730711045,0.05770477631294575,0.03998271017938189,0.05359844391614437,0.0568402852820402,0.04473741084936244,0.05359844391614437,0.06332396801383186,0.04711476118435271,0.03890209639074994,0.05705640803976659,0.06980765074562352,0.027015344715798573,0.06181110870974714,0.06332396801383186,0.04646639291117355,0.045169656364815215,0.04905986600389021,0.046898638426626324,0.04754700669980549,0.04063107845256105,0.054246812189323534,0.061594985952020745,0.05078884806570132,0.06872703695699157,0.06462070456019019,0.05143721633888049,0.06029824940566242,0.060514372163388806,0.046034147395720766,0.06181110870974714,0.06332396801383186,0.06202723146747353,0.06743030041063323,0.04560190188026799,0.06202723146747353,0.06354009077155824,0.06267559974065269,0.060514372163388806,0.037821482602118005,0.031121677112599958,0.03241841365895829,0.0929327858223471,0.04581802463799438,0.06613356386427491,0.05921763561703047,0.04408904257618327,0.08601685757510266,0.04214393775664577,0.05359844391614437,0.03738923708666522,0.04905986600389021,0.02723146747352496,0.05964988113248325,0.03501188675167495,0.048411497730711045,0.043656797060730494,0.04797925221525827,0.047763129457531875,0.05230170736978604,0.0473308839420791,0.04862762048843743,0.0341473957207694,0.0702398962610763,0.04473741084936244,0.05122109358115409,0.046898638426626324,0.04495353360708883,0.049924357034795766,0.048411497730711045,0.04236006051437216,0.04625027015344716,0.05078884806570132,0.06872703695699157,0.05403068943159715,0.05078884806570132,0.051653339096606875,0.04019883293710828,0.04711476118435271,0.03090555435487357,0.03846985087529717,0.04754700669980549,0.05813702182839853,0.029824940566241624,0.05813702182839853,0.03695699157121245,0.055759671493408255,0.05122109358115409,0.05532742597795548,0.030041063323968015,0.04430516533390966,0.04084720121028744
nh0159,1.0,0.7193675889328063,0.5977162933684673,0.5786854047723613,0.5202752159273898,0.4549846288976724,0.3927682623334797,0.28443858878641487,0.37110232762406675,0.28121797687015077,0.35778070560679254,0.27375201288244766,0.33260137607963697,0.2902942468159859,0.25179329527155614,0.2914653784219002,0.28004684526423657,0.2851705460401113,0.24242424242424243,0.2970282535499927,0.2760942760942761,0.26189430537256625,0.28268189137754357,0.19352949787732396,0.21900161030595813,0.17976870150783195,0.20421607378129117,0.1825501390718782,0.19894598155467721,0.17713365539452497,0.1957253696384131,0.14961206265554092,0.18108622456448542,0.17786561264822134,0.21841604450300103,0.22134387351778656,0.18269653052261747,0.19733567559654516,0.1938222807788025,0.17405943492900014,0.20172741911872347,0.20480163958424827,0.19118723466549553,0.14068218416044503,0.1888449714536671,0.1320450885668277,0.1876738398477529,0.11023276240667546,0.12677499634021372,0.16029863855950813,0.17728004684526424,0.14243888156931636,0.11916264090177134,0.12970282535499927,0.15766359244620115,0.13175230566534915,0.10847606499780413,0.13877909530083443,0.09617918313570488,0.11857707509881422,0.152832674571805,0.1251646903820817,0.13248426291904553,0.17903674425413557,0.11799150929585712,0.11155028546332894,0.17976870150783195,0.1320450885668277,0.10071731810862246,0.16703264529351486,0.11359976577367882,0.15839554969989753,0.15195432586736934,0.10891523935002195,0.16439759918020788,0.1654223393353828,0.20626555409164105,0.16454399063094716,0.16893573415312546,0.10979358805445762,0.12399355877616747,0.13746157224418093,0.14888010540184454,0.13863270385009516,0.09295857121944079,0.09149465671204801,0.09896062069975113,0.11506368028107158,0.11638120333772507,0.15327184892402285,0.09954618650270824,0.09881422924901186,0.07231737666520276,0.09676474893866198,0.12970282535499927,0.1187234665495535,0.12209046991655688,0.0998389694041868,0.10525545308154004,0.10891523935002195,0.07919777484994876,0.10335236422192944,0.08666373883765188,0.11330698287220026,0.07348850827111697,0.10759771629336846,0.09251939686722295,0.07729468599033816,0.06660811008637095,0.08154003806177719,0.13175230566534915,0.06997511345337433,0.12648221343873517,0.10115649246084028,0.08563899868247694,0.09500805152979067,0.07714829453959889,0.12311521007173182,0.08300395256916997,0.12179768701507832,0.08622456448543404,0.08578539013321622,0.08110086370955936,0.12692138779095302,0.09266578831796222,0.1408285756111843,0.10042453520714391,0.10584101888449715,0.068218416044503,0.09281217976870151,0.08388230127360562,0.07597716293368467,0.08915239350021958,0.0758307714829454,0.11579563753476797,0.08578539013321622,0.14375640462596984,0.13658322353974528,0.08519982433025912,0.08607817303469477,0.10540184453227931,0.09574000878348704,0.08959156785243742,0.06411945542380325,0.06997511345337433,0.08827404479578392,0.07744107744107744,0.09617918313570488,0.08446786707656273,0.09764309764309764,0.07992973210364515,0.094129702825355,0.07246376811594203,0.08768847899282682,0.07524520567998828,0.08051529790660225,0.06177719221197482,0.08051529790660225,0.08988435075391597,0.0581174059434929,0.08798126189430537,0.07085346215780998,0.04787000439174352,0.08080808080808081,0.08095447225882009,0.0657297613819353,0.07041428780559215,0.09866783779827258,0.041282389108476064,0.11169667691406822,0.13526570048309178,0.06499780412823891,0.08344312692138779,0.06865759039672083,0.08110086370955936,0.06206997511345337,0.06470502122676036,0.06265554091641048,0.1112575025618504,0.07949055775142731,0.10086370955936173,0.05211535646318255,0.05328648806909676,0.06851119894598155,0.0733421168203777,0.1086224564485434,0.08256477821695213,0.05782462304201435,0.08812765334504465,0.06294832381788903,0.06177719221197482,0.055189576928707365,0.0556287512809252,0.06294832381788903,0.06411945542380325,0.07114624505928854,0.08388230127360562,0.05753184014053579,0.05475040257648953,0.05299370516761821,0.07539159713072757,0.06324110671936758,0.08241838676621285,0.05899575464792856,0.06236275801493193,0.06133801785975699,0.08710291318986971,0.06807202459376373,0.08812765334504465,0.07568438003220612,0.0859317815839555,0.056946274337578685,0.04582052408139364,0.051968965012443274,0.06060606060606061,0.08329673547064852,0.053432879519836045,0.05592153418240375,0.060459669155321326,0.06938954765041722,0.058263797394232174,0.051822573561704,0.07568438003220612,0.04962670180061485,0.04977309325135412,0.05167618211096472,0.04889474454691846,0.07700190308885961,0.06455862977602109,0.04845557019470063,0.0726101595666813,0.08139364661103791,0.04713804713804714,0.06075245205679988,0.0499194847020934,0.06265554091641048,0.05314009661835749,0.053725662421314595,0.10013175230566534,0.058263797394232174,0.06470502122676036,0.057971014492753624,0.055482359830185915,0.07509881422924901,0.08563899868247694,0.05006587615283267,0.04582052408139364,0.050944224857268336,0.09749670619235837,0.03044942175376958,0.09251939686722295,0.041282389108476064,0.06104523495827844,0.07934416630068804,0.04860196164543991,0.11843068364807495,0.06470502122676036,0.0581174059434929,0.04743083003952569,0.04684526423656858,0.05928853754940711,0.045234958278436536,0.05284731371687893,0.06280193236714976,0.060459669155321326,0.04406382667252232,0.055482359830185915,0.03762260283999414,0.04845557019470063,0.04713804713804714,0.05475040257648953,0.07656272873664179,0.059434929000146394,0.056946274337578685,0.03732981993851559,0.04640608988435076,0.05606792563314302,0.04640608988435076,0.050212267603571954,0.06690089298784951,0.08549260723173767,0.06280193236714976,0.04479578392621871,0.04640608988435076,0.04362465232030449,0.05679988288683941,0.05665349143610013,0.06031327770458205,0.03894012589664764,0.03191333626116235,0.053432879519836045,0.044210218123261605,0.04933391889913629,0.04816278729322208,0.06851119894598155,0.05255453081540038,0.03440199092373005,0.06324110671936758,0.03088859610598741,0.061630800761235546
nh0160,1.0,0.5397496617050067,0.5872801082543978,0.34438430311231394,0.3555480378890392,0.31748985115020295,0.2435723951285521,0.36163734776725304,0.2591339648173207,0.28027740189445194,0.2374830852503383,0.22817997293640055,0.21481732070365359,0.25592016238159676,0.2677604871447903,0.23393098782138025,0.26234776725304465,0.22141407307171854,0.17456021650879566,0.19130581867388363,0.18640054127198918,0.17523680649526388,0.11806495263870095,0.16407307171853858,0.1794654939106901,0.2066982408660352,0.17134641407307172,0.22090663058186738,0.15155615696887687,0.13667117726657646,0.18927604871447903,0.12246278755074425,0.13261163734776726,0.16914749661705006,0.1405615696887686,0.1496955345060893,0.15087956698240865,0.13565629228687415,0.1337956698240866,0.12263193504736129,0.14073071718538566,0.1128213802435724,0.1195872801082544,0.1388700947225981,0.1290595399188092,0.14089986468200272,0.13227334235453314,0.1290595399188092,0.07222598105548038,0.08778755074424899,0.14276048714479025,0.10723951285520975,0.08930987821380243,0.11907983761840325,0.14986468200270636,0.14208389715832206,0.06985791610284167,0.06884303112313937,0.08829499323410013,0.09353856562922869,0.1206021650879567,0.09336941813261164,0.12178619756427606,0.1358254397834912,0.10926928281461434,0.1138362652232747,0.11366711772665765,0.09387686062246278,0.08237483085250338,0.13633288227334237,0.11535859269282815,0.1097767253044655,0.1063937753721245,0.08744925575101488,0.08034506089309879,0.09844384303112313,0.1199255751014885,0.1260148849797023,0.11366711772665765,0.10876184032476319,0.13092016238159676,0.1043640054127199,0.0996278755074425,0.08863328822733424,0.09979702300405954,0.07391745602165088,0.08626522327469553,0.11028416779431664,0.09286197564276048,0.12483085250338295,0.07865358592692828,0.06376860622462788,0.07713125845737483,0.08203653585926929,0.06393775372124492,0.11248308525033829,0.06867388362652233,0.07104194857916103,0.09269282814614344,0.08237483085250338,0.05835588633288227,0.08947902571041949,0.08271312584573748,0.07273342354533154,0.05175913396481732,0.07391745602165088,0.08271312584573748,0.06140054127198918,0.062077131258457374,0.05361975642760487,0.06732070365358593,0.08237483085250338,0.10994587280108255,0.07391745602165088,0.08660351826792964,0.08271312584573748,0.06664411366711773,0.10994587280108255,0.06596752368064952,0.05801759133964817,0.07273342354533154,0.062077131258457374,0.05108254397834912,0.07780784844384303,0.08592692828146144,0.08203653585926929,0.06951962110960758,0.06461434370771313,0.06258457374830853,0.05378890392422192,0.07645466847090664,0.060554803788903926,0.06461434370771313,0.07104194857916103,0.06985791610284167,0.06630581867388363,0.06935047361299053,0.09438430311231394,0.06968876860622462,0.06562922868741543,0.06326116373477672,0.07933017591339649,0.04296346414073072,0.08491204330175914,0.04482408660351827,0.062415426251691476,0.060554803788903926,0.06140054127198918,0.06664411366711773,0.04161028416779432,0.04634641407307172,0.04533152909336942,0.06546008119079838,0.05192828146143437,0.06410690121786197,0.06732070365358593,0.04008795669824087,0.05937077131258457,0.060216508795669824,0.07138024357239513,0.061569688768606225,0.05277401894451962,0.07459404600811909,0.06072395128552097,0.07273342354533154,0.1097767253044655,0.06732070365358593,0.05937077131258457,0.07053450608930988,0.11603518267929634,0.05074424898511502,0.05903247631935048,0.05192828146143437,0.044654939106901215,0.057341001353179974,0.04702300405953992,0.05463464140730717,0.09015561569688768,0.04211772665764547,0.056833558863328824,0.04871447902571042,0.06072395128552097,0.06173883626522327,0.05361975642760487,0.05835588633288227,0.11569688768606225,0.05277401894451962,0.056833558863328824,0.054465493910690124,0.05649526387009472,0.04719215155615697,0.03856562922868741,0.060216508795669824,0.04262516914749662,0.040933694181326113,0.029093369418132613,0.055818673883626525,0.043640054127198916,0.06850473612990528,0.04922192151556157,0.03619756427604871,0.03738159675236807,0.05548037889039242,0.07628552097428958,0.03619756427604871,0.03112313937753721,0.048376184032476316,0.04431664411366712,0.05852503382949932,0.06376860622462788,0.07070365358592692,0.030953991880920163,0.03738159675236807,0.04211772665764547,0.04533152909336942,0.05903247631935048,0.061062246278755075,0.05040595399188092,0.04989851150202977,0.039918809201623814,0.07713125845737483,0.05361975642760487,0.04008795669824087,0.04296346414073072,0.07848443843031123,0.04634641407307172,0.06579837618403248,0.04566982408660352,0.05328146143437077,0.019451962110960758,0.04245602165087957,0.04380920162381597,0.02807848443843031,0.04245602165087957,0.058694181326116375,0.053958051420838975,0.03771989174560216,0.036535859269282815,0.04330175913396482,0.05057510148849797,0.04448579161028417,0.04854533152909337,0.04397834912043302,0.05784844384303112,0.031799729364005415,0.02689445196211096,0.045500676589986466,0.03771989174560216,0.1043640054127199,0.04719215155615697,0.07814614343707713,0.046008119079837616,0.04211772665764547,0.057341001353179974,0.047868741542625166,0.06935047361299053,0.03247631935047361,0.03856562922868741,0.04397834912043302,0.038396481732070366,0.06292286874154263,0.059709066305818674,0.08372801082543978,0.048376184032476316,0.029600811907983762,0.041271989174560215,0.037043301759133965,0.028416779431664412,0.05006765899864682,0.03924221921515562,0.02401894451962111,0.04617726657645467,0.029600811907983762,0.043132611637347766,0.02554127198917456,0.04008795669824087,0.039918809201623814,0.04008795669824087,0.040257104194857916,0.035520974289580516,0.02638700947225981,0.03399864682002706,0.020466847090663057,0.03501353179972937,0.02537212449255751,0.06376860622462788,0.042794316644113664,0.04110284167794317,0.04668470906630582,0.041779431664411365,0.03163058186738836,0.04482408660351827,0.05328146143437077,0.04516238159675237,0.04803788903924222,0.04634641407307172,0.052097428958051424,0.03856562922868741,0.02384979702300406,0.04499323410013532
nh0161,1.0,0.3719412724306688,0.46818923327895595,0.4192495921696574,0.3931484502446982,0.28792822185970635,0.12561174551386622,0.18433931484502447,0.15252854812398042,0.2463295269168026,0.20473083197389885,0.2096247960848287,0.21207177814029363,0.2030995106035889,0.19820554649265906,0.15823817292006526,0.20799347471451876,0.15823817292006526,0.1402936378466558,0.11500815660685156,0.16884176182707994,0.10929853181076672,0.08401305057096248,0.2039151712887439,0.09543230016313213,0.11419249592169657,0.17944535073409462,0.11500815660685156,0.16231647634584012,0.09380097879282219,0.05546492659053834,0.10929853181076672,0.08972267536704731,0.16476345840130505,0.07422512234910278,0.11908646003262642,0.1231647634584013,0.100326264274062,0.09869494290375204,0.1272430668841762,0.13784665579119088,0.0766721044045677,0.1199021207177814,0.07177814029363784,0.1068515497553018,0.0464926590538336,0.16802610114192496,0.07911908646003263,0.0929853181076672,0.0464926590538336,0.04404567699836868,0.19086460032626426,0.17455138662316477,0.09543230016313213,0.09624796084828711,0.10114192495921696,0.07177814029363784,0.0464926590538336,0.06769983686786298,0.09053833605220228,0.11419249592169657,0.09951060358890701,0.07585644371941272,0.15905383360522024,0.09869494290375204,0.08972267536704731,0.0734094616639478,0.18760195758564438,0.06525285481239804,0.053833605220228384,0.16639477977161501,0.08972267536704731,0.07748776508972267,0.05872756933115824,0.037520391517128875,0.06688417618270799,0.10766721044045677,0.030179445350734094,0.05791190864600326,0.12398042414355628,0.08727569331158239,0.08809135399673736,0.06851549755301795,0.06688417618270799,0.06280587275693311,0.03915171288743882,0.05301794453507341,0.06525285481239804,0.057096247960848286,0.07748776508972267,0.06443719412724307,0.06280587275693311,0.06280587275693311,0.0929853181076672,0.12398042414355628,0.09380097879282219,0.0701468189233279,0.05546492659053834,0.06280587275693311,0.05057096247960848,0.15089722675367048,0.08564437194127243,0.03588907014681892,0.0399673735725938,0.04404567699836868,0.04404567699836868,0.0399673735725938,0.05628058727569331,0.037520391517128875,0.03588907014681892,0.06280587275693311,0.06851549755301795,0.05138662316476346,0.08972267536704731,0.04730831973898858,0.044861337683523655,0.06199021207177814,0.12805872756933115,0.06606851549755302,0.05464926590538336,0.06280587275693311,0.06443719412724307,0.05628058727569331,0.06606851549755302,0.048939641109298535,0.053833605220228384,0.07504078303425775,0.0399673735725938,0.08156606851549755,0.03507340946166395,0.0734094616639478,0.06769983686786298,0.04404567699836868,0.10929853181076672,0.05301794453507341,0.06443719412724307,0.044861337683523655,0.05791190864600326,0.044861337683523655,0.03833605220228385,0.028548123980424143,0.07911908646003263,0.03262642740619902,0.04404567699836868,0.0399673735725938,0.0432300163132137,0.053833605220228384,0.06525285481239804,0.03588907014681892,0.03507340946166395,0.07422512234910278,0.06199021207177814,0.06606851549755302,0.04567699836867863,0.049755301794453505,0.04812398042414356,0.02773246329526917,0.06035889070146819,0.06035889070146819,0.04812398042414356,0.0701468189233279,0.06443719412724307,0.08075040783034258,0.037520391517128875,0.048939641109298535,0.03833605220228385,0.06443719412724307,0.061174551386623165,0.03262642740619902,0.05872756933115824,0.04241435562805873,0.021207177814029365,0.009787928221859706,0.018760195758564437,0.057096247960848286,0.030179445350734094,0.05138662316476346,0.02202283849918434,0.026916802610114192,0.026101141924959218,0.03181076672104405,0.04812398042414356,0.041598694942903754,0.07177814029363784,0.02528548123980424,0.05057096247960848,0.044861337683523655,0.04812398042414356,0.09951060358890701,0.053833605220228384,0.03099510603588907,0.01957585644371941,0.0701468189233279,0.02528548123980424,0.02365415986949429,0.015497553017944535,0.037520391517128875,0.048939641109298535,0.026916802610114192,0.0432300163132137,0.026101141924959218,0.022838499184339316,0.03833605220228385,0.0432300163132137,0.0367047308319739,0.015497553017944535,0.05138662316476346,0.0367047308319739,0.048939641109298535,0.03181076672104405,0.04241435562805873,0.0367047308319739,0.026916802610114192,0.03915171288743882,0.02936378466557912,0.03262642740619902,0.01631321370309951,0.03588907014681892,0.020391517128874388,0.033442088091353996,0.0367047308319739,0.03425774877650897,0.02936378466557912,0.03588907014681892,0.03099510603588907,0.06688417618270799,0.022838499184339316,0.02773246329526917,0.04812398042414356,0.017128874388254486,0.03425774877650897,0.037520391517128875,0.020391517128874388,0.028548123980424143,0.03099510603588907,0.04567699836867863,0.03099510603588907,0.05057096247960848,0.02202283849918434,0.033442088091353996,0.024469820554649267,0.03181076672104405,0.03507340946166395,0.0399673735725938,0.0399673735725938,0.01794453507340946,0.02365415986949429,0.03588907014681892,0.048939641109298535,0.00897226753670473,0.1068515497553018,0.033442088091353996,0.03915171288743882,0.06688417618270799,0.0399673735725938,0.052202283849918436,0.02365415986949429,0.040783034257748776,0.021207177814029365,0.041598694942903754,0.030179445350734094,0.02528548123980424,0.026916802610114192,0.03181076672104405,0.01794453507340946,0.05872756933115824,0.020391517128874388,0.03915171288743882,0.033442088091353996,0.06035889070146819,0.010603588907014683,0.03181076672104405,0.030179445350734094,0.04567699836867863,0.021207177814029365,0.03099510603588907,0.04241435562805873,0.02202283849918434,0.02365415986949429,0.011419249592169658,0.03833605220228385,0.08890701468189233,0.00897226753670473,0.033442088091353996,0.03181076672104405,0.03425774877650897,0.020391517128874388,0.04567699836867863,0.026916802610114192,0.03588907014681892,0.008156606851549755,0.06688417618270799,0.02936378466557912,0.024469820554649267,0.030179445350734094,0.04567699836867863,0.05791190864600326,0.03425774877650897,0.013050570962479609,0.02365415986949429
nh0162,1.0,0.4759568204121688,0.5004906771344455,0.4023552502453386,0.23454367026496564,0.27968596663395484,0.2423945044160942,0.2777232580961727,0.2590775269872424,0.2325809617271835,0.2237487733071639,0.27379784102060845,0.31108930323846906,0.2296368989205103,0.2011776251226693,0.23061825318940138,0.16094210009813542,0.22473012757605496,0.18547595682041218,0.1815505397448479,0.23454367026496564,0.1648675171736997,0.21589793915603533,0.23061825318940138,0.12659470068694798,0.17369970559371933,0.12855740922473013,0.16290480863591755,0.1256133464180569,0.1393523061825319,0.11678115799803729,0.12855740922473013,0.13346418056918546,0.17664376840039253,0.13052011776251227,0.12168792934249265,0.10598626104023552,0.10402355250245339,0.10893032384690873,0.12757605495583907,0.0873405299313052,0.12365063788027478,0.13052011776251227,0.13052011776251227,0.0873405299313052,0.1069676153091266,0.15799803729146222,0.11678115799803729,0.10402355250245339,0.1069676153091266,0.13052011776251227,0.11089303238469088,0.1324828263002944,0.09421000981354269,0.10304219823356231,0.09617271835132483,0.10500490677134446,0.11579980372914622,0.12266928361138371,0.14720314033366044,0.08145240431795878,0.11874386653581943,0.09322865554465162,0.10009813542688911,0.10304219823356231,0.06378802747791953,0.07360157016683022,0.10206084396467124,0.13837095191364082,0.09126594700686948,0.10893032384690873,0.06280667320902845,0.09224730127576054,0.11383709519136408,0.0745829244357213,0.07654563297350343,0.08439646712463199,0.10598626104023552,0.09911678115799803,0.08145240431795878,0.08243375858684986,0.09322865554465162,0.07850834151128558,0.07556427870461237,0.09126594700686948,0.14720314033366044,0.0971540726202159,0.08930323846908735,0.0549558390578999,0.08047105004906771,0.09224730127576054,0.1069676153091266,0.08635917566241413,0.08832188420019627,0.10107948969578018,0.06280667320902845,0.09224730127576054,0.07850834151128558,0.10009813542688911,0.04612365063788027,0.09519136408243375,0.07065750736015702,0.08930323846908735,0.09519136408243375,0.08635917566241413,0.05986261040235525,0.07065750736015702,0.05986261040235525,0.09813542688910697,0.08439646712463199,0.05986261040235525,0.11285574092247301,0.0647693817468106,0.058881256133464184,0.07262021589793916,0.04612365063788027,0.04612365063788027,0.12168792934249265,0.053974484789008834,0.07065750736015702,0.09421000981354269,0.04612365063788027,0.08047105004906771,0.0745829244357213,0.08439646712463199,0.06280667320902845,0.05789990186457311,0.058881256133464184,0.08341511285574092,0.10794896957801767,0.06575073601570167,0.06771344455348381,0.05299313052011776,0.058881256133464184,0.08145240431795878,0.05103042198233562,0.03925417075564279,0.07360157016683022,0.053974484789008834,0.06084396467124632,0.04416094210009813,0.053974484789008834,0.05103042198233562,0.07163886162904809,0.0549558390578999,0.0647693817468106,0.11481844946025516,0.07360157016683022,0.058881256133464184,0.04906771344455348,0.07360157016683022,0.050049067713444556,0.053974484789008834,0.07065750736015702,0.06967615309126594,0.0549558390578999,0.09224730127576054,0.050049067713444556,0.04808635917566242,0.06575073601570167,0.05593719332679097,0.04612365063788027,0.07360157016683022,0.06280667320902845,0.04612365063788027,0.05986261040235525,0.08439646712463199,0.06280667320902845,0.07163886162904809,0.040235525024533855,0.02747791952894995,0.04317958783120707,0.053974484789008834,0.040235525024533855,0.05691854759568204,0.07065750736015702,0.05593719332679097,0.045142296368989206,0.04317958783120707,0.0549558390578999,0.047105004906771344,0.05691854759568204,0.07262021589793916,0.05299313052011776,0.050049067713444556,0.03434739941118744,0.06084396467124632,0.042198233562315994,0.058881256133464184,0.058881256133464184,0.038272816486751716,0.047105004906771344,0.058881256133464184,0.05103042198233562,0.03729146221786065,0.05986261040235525,0.0549558390578999,0.07556427870461237,0.04612365063788027,0.058881256133464184,0.06084396467124632,0.0549558390578999,0.03434739941118744,0.0549558390578999,0.06084396467124632,0.042198233562315994,0.050049067713444556,0.04612365063788027,0.038272816486751716,0.047105004906771344,0.03042198233562316,0.0549558390578999,0.03729146221786065,0.04121687929342493,0.050049067713444556,0.040235525024533855,0.03532875368007851,0.06673209028459273,0.05789990186457311,0.021589793915603533,0.06182531894013739,0.06280667320902845,0.03631010794896958,0.052011776251226695,0.04808635917566242,0.06869479882237488,0.042198233562315994,0.052011776251226695,0.040235525024533855,0.03140333660451423,0.03042198233562316,0.03042198233562316,0.029440628066732092,0.05299313052011776,0.038272816486751716,0.040235525024533855,0.05691854759568204,0.047105004906771344,0.029440628066732092,0.0323846908734053,0.03729146221786065,0.040235525024533855,0.033366045142296366,0.04906771344455348,0.02453385672227674,0.038272816486751716,0.04317958783120707,0.052011776251226695,0.03532875368007851,0.02649656526005888,0.0873405299313052,0.06182531894013739,0.047105004906771344,0.03140333660451423,0.040235525024533855,0.02551521099116781,0.02649656526005888,0.04121687929342493,0.03434739941118744,0.05789990186457311,0.038272816486751716,0.07262021589793916,0.023552502453385672,0.04416094210009813,0.03532875368007851,0.020608439646712464,0.03631010794896958,0.03042198233562316,0.04416094210009813,0.047105004906771344,0.03631010794896958,0.03434739941118744,0.050049067713444556,0.03729146221786065,0.04317958783120707,0.047105004906771344,0.022571148184494603,0.02649656526005888,0.03434739941118744,0.03925417075564279,0.019627085377821395,0.042198233562315994,0.040235525024533855,0.029440628066732092,0.03532875368007851,0.042198233562315994,0.02453385672227674,0.03140333660451423,0.05593719332679097,0.02649656526005888,0.018645731108930325,0.0323846908734053,0.012757605495583905,0.03532875368007851,0.04416094210009813,0.03925417075564279,0.02747791952894995,0.04121687929342493,0.040235525024533855,0.042198233562315994
nh0163,1.0,0.6352296927289321,0.4767264983267417,0.29814420444174017,0.26985092789777915,0.39519318527532704,0.4399148159415881,0.3614237906905993,0.30027380590203834,0.29571037420139945,0.21813203529053848,0.23760267721326436,0.25068451475509584,0.20261636750836629,0.28871311226041985,0.24885914207484028,0.2172193489504107,0.22239123821113477,0.21995740797079405,0.21174323090964406,0.20018253726802557,0.2607240644965014,0.16945543048372377,0.18223303924551262,0.22725889869181626,0.19288104654700336,0.1980529358077274,0.15941588074231822,0.16915120170368117,0.20322482506845146,0.19714024946759964,0.2820200790994828,0.19622756312747186,0.1487678734408275,0.1411621539397627,0.19835716458777,0.1867964709461515,0.1712808031639793,0.15028901734104047,0.16702160024338303,0.18375418314572559,0.09857012473379982,0.11134773349558869,0.15181016124125343,0.11895345299665348,0.16458777000304228,0.1031335564344387,0.10465470033465166,0.09704898083358686,0.1183449954365683,0.1642835412229997,0.09370246425311834,0.14755095832065712,0.12899300273805903,0.08122908427137207,0.10891390325524794,0.2293885001521144,0.13994523881959234,0.13903255247946456,0.14724672954061455,0.08548828719196835,0.1143900212960146,0.10252509887435352,0.08853057499239428,0.10891390325524794,0.11286887739580165,0.099178582293885,0.05871615454822026,0.1487678734408275,0.09431092181320352,0.06297535746881655,0.08640097353209614,0.11591116519622756,0.10556738667477944,0.09096440523273501,0.11591116519622756,0.06753878916945542,0.15454822026163675,0.08913903255247946,0.0839671432917554,0.084271372071798,0.10009126863401278,0.09431092181320352,0.10708853057499239,0.08883480377243687,0.11013081837541831,0.09005171889260724,0.09583206571341649,0.09978703985397018,0.08183754183145725,0.09613629449345908,0.05841192576817767,0.07909948281107393,0.0955278369333739,0.08761788865226651,0.1067843017949498,0.11256464861575904,0.10435047155460907,0.06693033160937024,0.08579251597201096,0.11682385153635534,0.13020991785822938,0.10161241253422573,0.0915728627928202,0.05658655308792212,0.11530270763614238,0.08244599939154244,0.08122908427137207,0.10252509887435352,0.09035594767264983,0.10130818375418314,0.07788256769090356,0.11621539397627015,0.1031335564344387,0.07544873745056282,0.05445695162762397,0.05932461210830545,0.06662610282932765,0.09218132035290538,0.06632187404928507,0.06693033160937024,0.1028293276543961,0.07027684818983876,0.08062062671128689,0.07271067843017949,0.048676604806814724,0.07788256769090356,0.06662610282932765,0.06145421356860359,0.0839671432917554,0.07544873745056282,0.06084575600851841,0.0730149072102221,0.06419227258898692,0.07271067843017949,0.04776391846668695,0.05171889260724064,0.06814724672954062,0.09005171889260724,0.07940371159111652,0.06358381502890173,0.06388804380894432,0.06267112868877396,0.062366899908731364,0.06571341648919987,0.06693033160937024,0.06693033160937024,0.06936416184971098,0.06997261940979617,0.052935807727411015,0.04107088530574993,0.08609674475205355,0.05658655308792212,0.06753878916945542,0.07362336477030727,0.048980833586857314,0.08305445695162762,0.06054152722847581,0.08579251597201096,0.05415272284758138,0.07788256769090356,0.06753878916945542,0.05932461210830545,0.06753878916945542,0.09431092181320352,0.04350471554609066,0.06054152722847581,0.0766656525707332,0.05932461210830545,0.09796166717371463,0.05111043504715546,0.052935807727411015,0.03376939458472771,0.07514450867052024,0.04228780042592029,0.06388804380894432,0.048372376026772135,0.05932461210830545,0.055369637967751746,0.04563431700638881,0.03620322482506845,0.053240036507453604,0.05445695162762397,0.05019774870702769,0.059628840888348036,0.09370246425311834,0.04259202920596288,0.04350471554609066,0.04928506236689991,0.07149376331000913,0.03407362336477031,0.07970794037115911,0.0730149072102221,0.04046242774566474,0.05871615454822026,0.04928506236689991,0.0687557042896258,0.04259202920596288,0.04776391846668695,0.06662610282932765,0.07940371159111652,0.05232735016732583,0.05658655308792212,0.057803468208092484,0.08183754183145725,0.04989351992698509,0.04806814724672954,0.07818679647094615,0.09978703985397018,0.044417401886218434,0.03742013994523882,0.043808944326133255,0.10222087009431093,0.04654700334651658,0.05111043504715546,0.050806206267112866,0.0687557042896258,0.04654700334651658,0.05171889260724064,0.03589899604502586,0.032552479464557346,0.04745968968664436,0.0684514755095832,0.04259202920596288,0.035290538484940674,0.05111043504715546,0.0495892911469425,0.0495892911469425,0.048676604806814724,0.04076665652570733,0.05628232430787952,0.06662610282932765,0.04806814724672954,0.04533008822634621,0.0571950106480073,0.050806206267112866,0.055369637967751746,0.05476118040766657,0.039853970185579554,0.04350471554609066,0.05597809552783693,0.028901734104046242,0.04654700334651658,0.03620322482506845,0.039245512625494375,0.044417401886218434,0.043808944326133255,0.04472163066626103,0.07970794037115911,0.03407362336477031,0.038028597505324,0.06662610282932765,0.05445695162762397,0.046242774566473986,0.03863705506540919,0.0419835716458777,0.032552479464557346,0.06510495892911469,0.04928506236689991,0.04685123212655917,0.035290538484940674,0.04715546090660176,0.031031335564344387,0.038028597505324,0.031031335564344387,0.04472163066626103,0.05384849406753879,0.05415272284758138,0.045938545786431396,0.05384849406753879,0.039853970185579554,0.04350471554609066,0.05019774870702769,0.03468208092485549,0.0571950106480073,0.05171889260724064,0.036811682385153636,0.044113173106175844,0.044113173106175844,0.048980833586857314,0.04502585944630362,0.03772436872528141,0.03407362336477031,0.048372376026772135,0.02951019166413143,0.027684818983875873,0.04015819896562215,0.048676604806814724,0.034986309704898085,0.039245512625494375,0.04015819896562215,0.026467903863705507,0.03407362336477031,0.05628232430787952,0.032248250684514757,0.04533008822634621,0.04745968968664436,0.04472163066626103,0.024642531183449955,0.026467903863705507
nh0164,0.9836524988323213,1.0,0.8883699205978515,0.5660906118636151,0.46567024754787484,0.5646893974778141,0.6417561886968706,0.43204110228865017,0.46286781877627275,0.3577767398411957,0.41102288650163477,0.4530593180756656,0.46099953292853807,0.3591779542269967,0.3540401681457263,0.4404483886034563,0.34142923867351704,0.33909388136384866,0.3264829518916394,0.4329752452125175,0.35544138253152735,0.3801961700140121,0.37412424100887437,0.35684259691732834,0.4044838860345633,0.24287716020551145,0.2508173750583839,0.26015880429705746,0.28164409154600656,0.31574030826716487,0.21531994395142456,0.20924801494628678,0.30639887902849133,0.24661373190098085,0.27790751985053713,0.3348902382064456,0.288183092013078,0.23306865950490424,0.2727697337692667,0.20130780009341429,0.31994395142456794,0.1569360112097151,0.2825782344698739,0.19103222793087343,0.16534329752452126,0.11816907986921998,0.14385801027557216,0.17842129845866417,0.14058851004203643,0.2050443717888837,0.08921064922933208,0.15646893974778142,0.16394208313872022,0.1914992993928071,0.15880429705744978,0.23633815973843997,0.15366651097617937,0.2069126576366184,0.15319943951424567,0.21438580102755722,0.17281644091546006,0.19009808500700606,0.20551144325081738,0.1396543671181691,0.16814572629612332,0.2111163007940215,0.1489957963568426,0.08780943484353106,0.16721158337225595,0.18122372723026622,0.09574964969640355,0.14572629612330687,0.187295656235404,0.1219056515646894,0.15413358243811304,0.15179822512844465,0.11676786548341897,0.045305931807566556,0.14852872489490893,0.1331153666510976,0.20130780009341429,0.16581036898645493,0.185894441849603,0.15133115366651098,0.14759458197104158,0.14946286781877627,0.15646893974778142,0.1896310135450724,0.18636151331153666,0.17515179822512844,0.14946286781877627,0.1200373657169547,0.1625408687529192,0.11069593647828117,0.09715086408220458,0.14946286781877627,0.16814572629612332,0.11443250817375059,0.1742176553012611,0.1583372255955161,0.10368986454927603,0.12704343764595982,0.14852872489490893,0.17188229799159271,0.11723493694535264,0.185894441849603,0.09808500700607192,0.1279775805698272,0.1279775805698272,0.17608594114899578,0.15600186828584772,0.10649229332087809,0.1293787949556282,0.13685193834656703,0.152732368052312,0.15506772536198038,0.08734236338159738,0.06539000467071462,0.14058851004203643,0.10976179355441383,0.09434843531060252,0.13778608127043437,0.14432508173750583,0.13218122372723026,0.12237272302662307,0.08967772069126577,0.10509107893507706,0.1489957963568426,0.11816907986921998,0.10882765063054647,0.0948155067725362,0.08687529191966371,0.152732368052312,0.07753386268099019,0.09248014946286783,0.14292386735170481,0.08594114899579636,0.08360579168612797,0.09995329285380664,0.10976179355441383,0.1503970107426436,0.10042036431574031,0.12704343764595982,0.10695936478281177,0.0831387202241943,0.09014479215319944,0.12657636618402615,0.08220457730032694,0.10602522185894442,0.08453993460999533,0.06352171882297991,0.12283979448855675,0.13451658103689865,0.13451658103689865,0.12050443717888837,0.11676786548341897,0.1331153666510976,0.13218122372723026,0.12470808033629145,0.12050443717888837,0.11069593647828117,0.11069593647828117,0.07379729098552079,0.13872022419430172,0.09528257823446988,0.09761793554413825,0.0541802895843064,0.10695936478281177,0.04950957496496964,0.07052779075198505,0.0812704343764596,0.11489957963568426,0.11630079402148528,0.12657636618402615,0.060252218589444184,0.08921064922933208,0.0751985053713218,0.12097150864082204,0.13685193834656703,0.1237739374124241,0.1083605791686128,0.07986921999065857,0.09574964969640355,0.09855207846800561,0.12657636618402615,0.061186361513311534,0.09341429238673517,0.0751985053713218,0.06445586174684727,0.07706679121905652,0.0733302195235871,0.09948622139187295,0.06305464736104624,0.08547407753386269,0.12470808033629145,0.07146193367585241,0.09061186361513311,0.10929472209248015,0.11069593647828117,0.08734236338159738,0.08080336291452592,0.09154600653900047,0.07706679121905652,0.06305464736104624,0.059318075665576835,0.09014479215319944,0.0910789350770668,0.11630079402148528,0.07566557683325549,0.10415693601120972,0.022886501634750117,0.06865950490425035,0.058383932741709485,0.09621672115833722,0.09574964969640355,0.10649229332087809,0.11443250817375059,0.0910789350770668,0.09621672115833722,0.07893507706679122,0.07800093414292386,0.07146193367585241,0.08547407753386269,0.0751985053713218,0.06959364782811771,0.06539000467071462,0.10415693601120972,0.07659971975712283,0.08267164876226063,0.07426436244745446,0.046707146193367584,0.0910789350770668,0.07846800560485755,0.06492293320878094,0.08780943484353106,0.11256422232601589,0.06492293320878094,0.09014479215319944,0.06258757589911257,0.07286314806165343,0.08874357776739841,0.05091078935077067,0.08453993460999533,0.06679121905651565,0.0560485754320411,0.07800093414292386,0.07192900513778608,0.08921064922933208,0.04110228865016347,0.053246146660439045,0.01681457262961233,0.12097150864082204,0.07473143390938813,0.0560485754320411,0.06865950490425035,0.0966837926202709,0.102288650163475,0.08640822045773003,0.08780943484353106,0.08080336291452592,0.059785147127510506,0.05744978981784213,0.0733302195235871,0.09014479215319944,0.06865950490425035,0.04717421765530126,0.08687529191966371,0.059785147127510506,0.061186361513311534,0.05651564689397478,0.0639887902849136,0.08360579168612797,0.07239607659971976,0.046707146193367584,0.08080336291452592,0.060252218589444184,0.06725829051844932,0.08267164876226063,0.09154600653900047,0.08687529191966371,0.059318075665576835,0.07800093414292386,0.05791686127977581,0.07286314806165343,0.06492293320878094,0.07379729098552079,0.09995329285380664,0.07146193367585241,0.06258757589911257,0.059785147127510506,0.07006071929005138,0.013078000934142924,0.05371321812237272,0.058851004203643156,0.06445586174684727,0.06632414759458197,0.036898645492760396,0.06258757589911257,0.06212050443717889,0.044371788883699206
nh0165,1.0,0.4259696458684654,0.46981450252951096,0.3359190556492411,0.378752107925801,0.30016863406408095,0.18414839797639124,0.20067453625632378,0.2448566610455312,0.20876897133220912,0.2387858347386172,0.22124789207419898,0.206070826306914,0.2053962900505902,0.18279932546374367,0.1993254637436762,0.1973018549747049,0.18279932546374367,0.1639123102866779,0.19021922428330523,0.206070826306914,0.14569983136593592,0.1494097807757167,0.18988195615514333,0.1406408094435076,0.1463743676222597,0.1426644182124789,0.13524451939291737,0.14704890387858346,0.14198988195615514,0.11602023608768972,0.12040472175379427,0.15042158516020235,0.1612141652613828,0.10893760539629005,0.13962900505902193,0.1426644182124789,0.12951096121416525,0.1278246205733558,0.1251264755480607,0.1254637436762226,0.11500843170320404,0.16964586846543,0.12681281618887016,0.10084317032040473,0.07183811129848229,0.1430016863406408,0.14738617200674536,0.13591905564924114,0.06408094435075885,0.05801011804384486,0.1251264755480607,0.11602023608768972,0.0836424957841484,0.08229342327150084,0.08465430016863407,0.06374367622259697,0.10691399662731872,0.09747048903878583,0.10286677908937605,0.09881956155143339,0.11871838111298483,0.08701517706576728,0.1224283305227656,0.11231028667790893,0.10118043844856661,0.09713322091062394,0.12040472175379427,0.10725126475548061,0.08499156829679595,0.11973018549747048,0.09915682967959528,0.11264755480607083,0.08566610455311972,0.10860033726812816,0.07959527824620573,0.13693086003372681,0.053625632377740304,0.08768971332209106,0.12310286677908938,0.10354131534569982,0.12006745362563238,0.10860033726812816,0.07790893760539629,0.07723440134907252,0.09612141652613827,0.08397976391231028,0.06374367622259697,0.0566610455311973,0.10354131534569982,0.08465430016863407,0.10421585160202361,0.08465430016863407,0.06913996627318718,0.0893760539629005,0.09477234401349073,0.04957841483979764,0.08532883642495784,0.06475548060708262,0.07858347386172007,0.08094435075885328,0.09274873524451939,0.07824620573355819,0.05834738617200674,0.09342327150084317,0.06138279932546374,0.08161888701517707,0.06981450252951096,0.08128161888701518,0.07082630691399663,0.07284991568296796,0.06610455311973018,0.06239460370994941,0.08263069139966273,0.07284991568296796,0.05733558178752108,0.06812816188870152,0.10657672849915684,0.06408094435075885,0.07892074198988196,0.06779089376053962,0.0806070826306914,0.09881956155143339,0.06138279932546374,0.08128161888701518,0.06475548060708262,0.06239460370994941,0.0387858347386172,0.06003372681281619,0.06880269814502529,0.06779089376053962,0.08499156829679595,0.03541315345699832,0.07284991568296796,0.05092748735244519,0.06947723440134908,0.06138279932546374,0.0893760539629005,0.07318718381112985,0.06913996627318718,0.04957841483979764,0.06037099494097808,0.059359190556492414,0.07082630691399663,0.051264755480607084,0.07116357504215852,0.05497470489038786,0.052951096121416526,0.0715008431703204,0.05396290050590219,0.056323777403035416,0.0566610455311973,0.06880269814502529,0.06003372681281619,0.05193929173693086,0.07251264755480608,0.05328836424957842,0.06610455311973018,0.05699831365935919,0.07858347386172007,0.05834738617200674,0.05801011804384486,0.057672849915682965,0.06070826306913996,0.044856661045531196,0.04283305227655986,0.06543001686340641,0.06239460370994941,0.06239460370994941,0.07082630691399663,0.04620573355817875,0.05160202360876897,0.07251264755480608,0.04283305227655986,0.04755480607082631,0.059359190556492414,0.0566610455311973,0.03372681281618887,0.07217537942664418,0.04654300168634064,0.03541315345699832,0.06441821247892074,0.07588532883642496,0.06003372681281619,0.035075885328836424,0.06981450252951096,0.04688026981450253,0.04856661045531197,0.04215851602023609,0.050252951096121413,0.0418212478920742,0.03372681281618887,0.07858347386172007,0.03912310286677909,0.04620573355817875,0.03642495784148398,0.059359190556492414,0.056323777403035416,0.03102866779089376,0.05564924114671164,0.047892074198988194,0.061045531197301856,0.06745362563237774,0.04856661045531197,0.04384485666104553,0.0357504215851602,0.035075885328836424,0.05801011804384486,0.04283305227655986,0.048229342327150086,0.03237774030354131,0.044856661045531196,0.03777403035413154,0.03473861720067454,0.04620573355817875,0.08903878583473862,0.01517706576728499,0.03170320404721754,0.03912310286677909,0.04418212478920742,0.03946037099494098,0.048229342327150086,0.05092748735244519,0.040134907251264756,0.03709949409780776,0.05396290050590219,0.043170320404721754,0.05160202360876897,0.059359190556492414,0.019561551433389546,0.04957841483979764,0.055311973018549745,0.04047217537942664,0.0387858347386172,0.04688026981450253,0.04451939291736931,0.04215851602023609,0.04755480607082631,0.055986509274873524,0.039797639123102864,0.03709949409780776,0.0566610455311973,0.04755480607082631,0.04215851602023609,0.03237774030354131,0.029679595278246207,0.04283305227655986,0.03473861720067454,0.061720067453625634,0.03136593591905565,0.06981450252951096,0.045531197301854974,0.0566610455311973,0.05261382799325464,0.04148397976391231,0.06644182124789208,0.045531197301854974,0.036762225969645866,0.04924114671163575,0.04384485666104553,0.04856661045531197,0.04283305227655986,0.037436762225969644,0.05193929173693086,0.040134907251264756,0.02596964586846543,0.027993254637436762,0.034401349072512646,0.03642495784148398,0.06070826306913996,0.0387858347386172,0.03372681281618887,0.03811129848229342,0.04620573355817875,0.03237774030354131,0.02900505902192243,0.039797639123102864,0.03541315345699832,0.03136593591905565,0.05092748735244519,0.045868465430016866,0.03642495784148398,0.03204047217537943,0.03338954468802698,0.029679595278246207,0.03204047217537943,0.03338954468802698,0.04283305227655986,0.059359190556492414,0.029679595278246207,0.02664418212478921,0.025295109612141653,0.05160202360876897,0.027318718381112984,0.04148397976391231,0.02664418212478921,0.056323777403035416,0.036762225969645866,0.03777403035413154,0.030016863406408096
nh0166,1.0,0.8541729436577282,0.814100632720699,0.3883699909611329,0.5652304911117807,0.518228382042784,0.5935522747815607,0.6034950286230792,0.38716480867731246,0.40042181379933717,0.4230189816209702,0.354926182585116,0.31304609822235613,0.33504067490207895,0.4757457065381139,0.36275986742994876,0.3067188912322989,0.24374811690268153,0.22356131364868936,0.3112383247966255,0.298583910816511,0.32630310334438084,0.2997890931003314,0.2687556492919554,0.3410665863211811,0.32329014763482977,0.26694787586622476,0.20066285025610123,0.2654413980114492,0.26212714673094306,0.2542934618861103,0.22446520036155468,0.23531184091593854,0.21391985537812594,0.23229888520638747,0.26483880686953903,0.19403434769508887,0.22898463392588128,0.19704730340463994,0.17957216028924375,0.21391985537812594,0.16571256402530882,0.21874058451340767,0.20066285025610123,0.23079240735161194,0.18379029828261526,0.18770714070503164,0.17957216028924375,0.22115094908104851,0.1901175052726725,0.1726423621572763,0.15697499246761074,0.12895450436878578,0.1852967761373908,0.18047604700210906,0.1862006628502561,0.17625790900873758,0.1431153962036758,0.14884001205182285,0.1732449532991865,0.15305815004519432,0.15366074118710454,0.16993070201868032,0.14010244049412474,0.16571256402530882,0.12081952395299789,0.1343778246459777,0.10485085869237722,0.1166013859596264,0.15637240132570052,0.09671587827658934,0.13257005122024706,0.14914130762277794,0.12262729737872853,0.12292859294968364,0.13226875564929197,0.11479361253389575,0.12774932208496534,0.19252786984031334,0.1560711057547454,0.121120819523953,0.16149442603193734,0.14492316962940643,0.10605604097619765,0.14160891834890027,0.11901175052726724,0.16962940644772523,0.1476348297680024,0.20277191925278698,0.13618559807170835,0.14552576077131665,0.14552576077131665,0.13528171135884304,0.11780656824344682,0.0909912624284423,0.10967158782765893,0.121120819523953,0.11750527267249171,0.14823742090991263,0.18589936727930098,0.09460680927990359,0.11178065682434468,0.1253389575173245,0.13015968665260622,0.15757758360952093,0.1467309430551371,0.14070503163603496,0.10635733654715275,0.11539620367580597,0.12684543537210002,0.10123531184091594,0.11419102139198553,0.14582705634227178,0.14884001205182285,0.12654413980114493,0.12021693281108768,0.1084664055438385,0.1123832479662549,0.11539620367580597,0.10033142512805061,0.09159385357035252,0.1431153962036758,0.09641458270563423,0.10665863211810786,0.11871045495631215,0.06598373003916842,0.10695992768906297,0.10726122326001808,0.08104850858692378,0.10605604097619765,0.10485085869237722,0.12413377523350407,0.10997288339861404,0.09189514914130763,0.14522446520036156,0.121120819523953,0.09972883398614041,0.08315757758360952,0.11117806568243446,0.0819523952997891,0.14130762277794517,0.10695992768906297,0.1214221150949081,0.08526664658029527,0.12473636637541428,0.08044591744501356,0.10485085869237722,0.10997288339861404,0.07743296173546249,0.0949081048508587,0.07140705031636035,0.11268454353721,0.10726122326001808,0.10183790298282615,0.10063272069900572,0.1000301295570955,0.10695992768906297,0.10123531184091594,0.07562518830973185,0.08978608014462187,0.08978608014462187,0.1078638144019283,0.07562518830973185,0.09761976498945465,0.09249774028321783,0.08074721301596867,0.06387466104248267,0.07713166616450738,0.04218137993371497,0.050918951491413074,0.1214221150949081,0.09671587827658934,0.08978608014462187,0.09761976498945465,0.07622777945164207,0.07622777945164207,0.06417595661343778,0.07683037059355227,0.09611328713467912,0.1385959626393492,0.08255498644169931,0.08797830671889123,0.0777342573064176,0.07140705031636035,0.10515215426333233,0.052124133775233505,0.0867731244350708,0.07502259716782163,0.05242542934618861,0.07261223260018078,0.07863814401928292,0.10123531184091594,0.08134980415787887,0.06297077432961735,0.08255498644169931,0.059957818620066286,0.07743296173546249,0.06568243446821331,0.07924073516119313,0.08827960228984634,0.0777342573064176,0.06809279903585418,0.07140705031636035,0.05845134076529075,0.073214823742091,0.09822235613136487,0.0780355528773727,0.09370292256703826,0.0903886712865321,0.10063272069900572,0.029225670382645376,0.08436275986742994,0.0780355528773727,0.07472130159686653,0.05242542934618861,0.10515215426333233,0.09219644471226272,0.0605604097619765,0.07261223260018078,0.11569749924676108,0.0819523952997891,0.07893943959023803,0.08406146429647485,0.10515215426333233,0.08918348900271166,0.06809279903585418,0.058752636336245855,0.07622777945164207,0.08044591744501356,0.06266947875866224,0.07261223260018078,0.07200964145827056,0.07532389273877674,0.07020186803253992,0.08466405543838505,0.0605604097619765,0.051822838204278396,0.06869539017776438,0.08345887315456463,0.09219644471226272,0.06417595661343778,0.06959927689062971,0.06176559204579693,0.06297077432961735,0.06297077432961735,0.06959927689062971,0.07592648388068696,0.05543838505573968,0.02289846339258813,0.07502259716782163,0.08165109972883398,0.07291352817113589,0.06266947875866224,0.07231093702922567,0.06507984332630311,0.06357336547152757,0.06297077432961735,0.059656523049111176,0.05302802048809883,0.05393190720096415,0.07200964145827056,0.07743296173546249,0.07231093702922567,0.0738174148840012,0.06266947875866224,0.08556794215125038,0.08074721301596867,0.06357336547152757,0.047905995781862006,0.07924073516119313,0.07683037059355227,0.07683037059355227,0.047002109068996684,0.06206688761675203,0.06266947875866224,0.06146429647484182,0.03826453751129858,0.07261223260018078,0.08165109972883398,0.06146429647484182,0.056040976197649896,0.09611328713467912,0.08767701114793612,0.04971376920759265,0.04368785778849051,0.09159385357035252,0.0780355528773727,0.06990057246158482,0.04880988249472733,0.07863814401928292,0.07020186803253992,0.012654413980114493,0.05845134076529075,0.07050316360349503,0.050918951491413074,0.07261223260018078,0.06206688761675203,0.07562518830973185,0.0735161193130461,0.026514010244049414
nh0167,1.0,0.43383330168976647,0.532940953104234,0.30605657869755076,0.22004936396430605,0.2925764192139738,0.21853047275488893,0.26922346686918547,0.21966964116195178,0.2815644579456996,0.16385038921587242,0.2468198215302829,0.17486235048414658,0.18511486614771216,0.17391304347826086,0.19707613442187202,0.20732865008543763,0.17239415226884375,0.15283842794759825,0.15758496297702676,0.16366052781469528,0.16024302259350673,0.12758686159103855,0.19213973799126638,0.14961078412758685,0.1591038541864439,0.14220618948167837,0.17201442946648945,0.10461363204860452,0.13707993164989557,0.1344218720334156,0.16897664704765522,0.12340991076514145,0.12663755458515283,0.11809379153218151,0.16764761723941524,0.1503702297322954,0.11847351433453579,0.16271122080880956,0.13897854566166698,0.13745965445224986,0.08050123409910766,0.08050123409910766,0.12739700018986141,0.0672109360167078,0.15264856654642112,0.059616479969622174,0.09455097778621606,0.06759065881906208,0.09588000759445604,0.14505411049933548,0.06550218340611354,0.12113157395101576,0.10556293905449023,0.07271691665084488,0.12720713878868425,0.11638503892158725,0.0751851148661477,0.11353711790393013,0.0970191760015189,0.0723371938484906,0.08107081830263907,0.06531232200493639,0.08505790772735902,0.07784317448262768,0.1479020315169926,0.1423960508828555,0.056958420353142206,0.08942471995443327,0.06227453958610214,0.09588000759445604,0.0886652743497247,0.11771406872982723,0.07613442187203341,0.07651414467438769,0.06550218340611354,0.0630339851908107,0.13537117903930132,0.07860262008733625,0.05809758876020505,0.08733624454148471,0.06550218340611354,0.10100626542623885,0.06740079741788495,0.06512246060375926,0.07195747104613633,0.07689386747674198,0.09208277957091324,0.04746535029428517,0.10024681982153029,0.06607176760964496,0.07385608505790772,0.0704385798367192,0.07537497626732485,0.09246250237326752,0.08486804632618189,0.05638883614961079,0.07005885703436492,0.039301310043668124,0.048604518701348014,0.10347446364154167,0.052591608126067974,0.07119802544142775,0.06664135181317637,0.04309853806721094,0.06967913423201064,0.06246440098727929,0.07480539206379343,0.11505600911334726,0.059806341370799314,0.0541104993354851,0.06683121321435352,0.03835200303778242,0.0746155306626163,0.05562939054490222,0.04879438010252515,0.08126067970381622,0.028858932978925386,0.08714638314030758,0.06683121321435352,0.0611353711790393,0.04746535029428517,0.050503132713119424,0.04955382570723372,0.049933548509588,0.04708562749193089,0.09455097778621606,0.06075564837668502,0.0662616290108221,0.04917410290487944,0.05240174672489083,0.04879438010252515,0.045946459084868045,0.09151319536738181,0.05543952914372508,0.037402696031896714,0.037782418834251,0.06550218340611354,0.04271881526485666,0.054869944940193656,0.0448072906778052,0.039301310043668124,0.045756597683690906,0.0541104993354851,0.0611353711790393,0.045756597683690906,0.049933548509588,0.06702107461553067,0.03797228023542814,0.05164230112018227,0.0429086766660338,0.050123409910765145,0.045946459084868045,0.056768558951965066,0.045946459084868045,0.04233909246250237,0.04746535029428517,0.03835200303778242,0.04214923106132523,0.03132713119422821,0.029428517182456808,0.043668122270742356,0.06056578697550788,0.04119992405543953,0.05638883614961079,0.05240174672489083,0.050123409910765145,0.0704385798367192,0.02809948737421682,0.02790962597303968,0.02449212075185115,0.026200873362445413,0.0214543383330169,0.05240174672489083,0.039111448642490984,0.043478260869565216,0.05107271691665084,0.05164230112018227,0.05354091513195367,0.032466299601291056,0.04252895386367951,0.04442756787545092,0.041389785456616666,0.048414657300170874,0.02809948737421682,0.022783368141256883,0.03759255743307385,0.02715018036833112,0.0336054680083539,0.04955382570723372,0.043478260869565216,0.04006075564837668,0.04670590468957661,0.043668122270742356,0.05297133092842225,0.04404784507309664,0.034364913613062466,0.04195936966014809,0.03569394342130245,0.046136320486045185,0.03759255743307385,0.029618378583633947,0.05126257831782798,0.05828745016138219,0.04442756787545092,0.03113726979305107,0.04670590468957661,0.023163090943611162,0.03949117144484526,0.03151699259540535,0.05562939054490222,0.04879438010252515,0.030947408391873932,0.034554775014239605,0.04044047845073097,0.027340041769508258,0.024112397949496867,0.03113726979305107,0.04423770647427378,0.025821150560091134,0.039111448642490984,0.05373077653313081,0.04119992405543953,0.0387317258401367,0.05354091513195367,0.041389785456616666,0.037402696031896714,0.04271881526485666,0.04233909246250237,0.03835200303778242,0.0937915321815075,0.032276438200113916,0.034744636415416745,0.026011011961268274,0.08904499715207899,0.03322574520599962,0.04044047845073097,0.0448072906778052,0.025821150560091134,0.036643250427188155,0.04955382570723372,0.029808239984811087,0.03037782418834251,0.03113726979305107,0.037212834630719574,0.032656161002468195,0.061704955382570724,0.07366622365673059,0.014809189291816974,0.020884754129485476,0.0032276438200113918,0.034364913613062466,0.043478260869565216,0.02202392253654832,0.06588190620846782,0.019555724321245492,0.02999810138598823,0.039301310043668124,0.015188912094171255,0.047845073096639455,0.022973229542434023,0.035124359217771024,0.045946459084868045,0.021264476931839756,0.03816214163660528,0.05449022213783938,0.0336054680083539,0.048414657300170874,0.048224795898993734,0.06056578697550788,0.029238655781279665,0.019555724321245492,0.023732675147142585,0.037782418834251,0.035124359217771024,0.032656161002468195,0.03854186443895956,0.015568634896525536,0.02221378393772546,0.04423770647427378,0.026200873362445413,0.022593506740079743,0.01974558572242263,0.05430036073666224,0.03113726979305107,0.020125308524776914,0.02999810138598823,0.043857983671919495,0.03645338902601101,0.02809948737421682,0.02487184355420543,0.02999810138598823,0.06246440098727929,0.04195936966014809,0.028858932978925386,0.029048794380102525,0.036833111828365295,0.03398519081070818,0.01974558572242263,0.030757546990696792
nh0168,1.0,0.6058032554847842,0.667374380750177,0.4472753007784855,0.2625619249823071,0.31068648266100496,0.251238499646143,0.2915782024062279,0.21868365180467092,0.23142250530785563,0.18329794762915783,0.251238499646143,0.29582448690728946,0.2639773531493277,0.21797593772116064,0.3099787685774947,0.22505307855626328,0.17338995046001415,0.19391365888181175,0.2774239207360226,0.16065109695682944,0.23920736022646852,0.12738853503184713,0.1740976645435244,0.17834394904458598,0.16631280962491155,0.15498938428874734,0.18259023354564755,0.11818825194621373,0.1762208067940552,0.20665251238499646,0.12455767869780608,0.18825194621372965,0.10474168435951875,0.19249823071479122,0.17055909412597312,0.17480537862703469,0.14012738853503184,0.16348195329087048,0.13588110403397027,0.13517338995046002,0.07147912243453644,0.12738853503184713,0.18683651804670912,0.0983722576079264,0.15569709837225762,0.10332625619249823,0.09624911535739561,0.09907997169143666,0.10615711252653928,0.1578202406227884,0.12384996461429583,0.11748053786270347,0.09766454352441614,0.0799716914366596,0.10474168435951875,0.07643312101910828,0.11464968152866242,0.056617126680820945,0.11960368011323426,0.12455767869780608,0.07572540693559802,0.0983722576079264,0.10686482661004953,0.10969568294409059,0.13021939136588817,0.10544939844302902,0.09554140127388536,0.09695682944090588,0.1408351026185421,0.09129511677282377,0.1542816702052371,0.10049539985845718,0.1040339702760085,0.09412597310686482,0.1075725406935598,0.07218683651804671,0.14225053078556263,0.06440198159943383,0.07360226468506724,0.10191082802547771,0.08209483368719038,0.0799716914366596,0.0927105449398443,0.07714083510261854,0.10332625619249823,0.07360226468506724,0.11252653927813164,0.07006369426751592,0.07218683651804671,0.0686482661004954,0.06440198159943383,0.08987968860580325,0.07360226468506724,0.08987968860580325,0.06935598018400566,0.08280254777070063,0.07501769285208776,0.0537862703467799,0.09624911535739561,0.06652512384996462,0.0537862703467799,0.09412597310686482,0.07430997876857749,0.04883227176220807,0.10332625619249823,0.0686482661004954,0.060155697098372256,0.10615711252653928,0.07289455060155697,0.1387119603680113,0.060155697098372256,0.07147912243453644,0.10049539985845718,0.05803255484784147,0.06794055201698514,0.07430997876857749,0.055201698513800426,0.09412597310686482,0.08421797593772117,0.08917197452229299,0.06652512384996462,0.10191082802547771,0.06440198159943383,0.06227883934890304,0.027600849256900213,0.07643312101910828,0.08563340410474168,0.06369426751592357,0.06581740976645435,0.07289455060155697,0.05874026893135174,0.08209483368719038,0.05803255484784147,0.04883227176220807,0.052370842179759375,0.2151450813871196,0.039631988676574664,0.07006369426751592,0.08421797593772117,0.09766454352441614,0.039631988676574664,0.06369426751592357,0.06440198159943383,0.0686482661004954,0.07501769285208776,0.07572540693559802,0.0629865534324133,0.08492569002123142,0.059447983014861996,0.039631988676574664,0.047416843595187545,0.08138711960368011,0.048124557678697805,0.04883227176220807,0.07643312101910828,0.059447983014861996,0.060155697098372256,0.1075725406935598,0.0537862703467799,0.05024769992922859,0.050955414012738856,0.044585987261146494,0.08492569002123142,0.07501769285208776,0.052370842179759375,0.04175513092710545,0.07218683651804671,0.024769992922859165,0.0629865534324133,0.043878273177636234,0.04600141542816702,0.05803255484784147,0.044585987261146494,0.035385704175513094,0.044585987261146494,0.09341825902335456,0.050955414012738856,0.04670912951167728,0.01910828025477707,0.06794055201698514,0.05874026893135174,0.03750884642604388,0.06086341118188252,0.06086341118188252,0.05732484076433121,0.024769992922859165,0.036093418259023353,0.059447983014861996,0.06723283793347487,0.038924274593064405,0.0537862703467799,0.07784854918612881,0.03397027600849257,0.04529370134465676,0.04104741684359519,0.047416843595187545,0.047416843595187545,0.04883227176220807,0.043170559094125975,0.051663128096249115,0.039631988676574664,0.0537862703467799,0.043878273177636234,0.055909412597310686,0.044585987261146494,0.048124557678697805,0.03680113234253362,0.07430997876857749,0.03750884642604388,0.043170559094125975,0.039631988676574664,0.07572540693559802,0.044585987261146494,0.050955414012738856,0.035385704175513094,0.05803255484784147,0.040339702760084924,0.05024769992922859,0.03255484784147204,0.03113941967445152,0.05024769992922859,0.039631988676574664,0.01910828025477707,0.04175513092710545,0.03680113234253362,0.04883227176220807,0.03043170559094126,0.024062278839348902,0.04953998584571833,0.08209483368719038,0.043878273177636234,0.06227883934890304,0.052370842179759375,0.06510969568294409,0.05732484076433121,0.04883227176220807,0.04529370134465676,0.029723991507430998,0.04175513092710545,0.0537862703467799,0.052370842179759375,0.04883227176220807,0.038924274593064405,0.043878273177636234,0.052370842179759375,0.047416843595187545,0.0686482661004954,0.04883227176220807,0.059447983014861996,0.0014154281670205238,0.03184713375796178,0.051663128096249115,0.039631988676574664,0.051663128096249115,0.01910828025477707,0.04246284501061571,0.05024769992922859,0.052370842179759375,0.05732484076433121,0.05732484076433121,0.03043170559094126,0.05307855626326964,0.036093418259023353,0.051663128096249115,0.04953998584571833,0.027600849256900213,0.03821656050955414,0.044585987261146494,0.052370842179759375,0.03326256192498231,0.025477707006369428,0.04670912951167728,0.056617126680820945,0.01910828025477707,0.03680113234253362,0.03680113234253362,0.05449398443029016,0.03043170559094126,0.04953998584571833,0.043878273177636234,0.03184713375796178,0.04104741684359519,0.038924274593064405,0.027600849256900213,0.03821656050955414,0.06157112526539278,0.03255484784147204,0.029016277423920735,0.043170559094125975,0.051663128096249115,0.014154281670205236,0.1259731068648266,0.04104741684359519,0.027600849256900213,0.050955414012738856,0.04246284501061571,0.03184713375796178,0.035385704175513094,0.009200283085633405
nh0169,1.0,0.5048367593712213,0.501813784764208,0.3022974607013301,0.2962515114873035,0.3373639661426844,0.26844014510278114,0.2370012091898428,0.28053204353083433,0.3222490931076179,0.2569528415961306,0.26964933494558646,0.23760580411124546,0.21281741233373638,0.17533252720677148,0.2581620314389359,0.23035066505441354,0.17412333736396615,0.19226118500604594,0.21281741233373638,0.17472793228536881,0.16928657799274485,0.156590084643289,0.21644498186215236,0.21523579201934703,0.1487303506650544,0.1837968561064087,0.16203143893591293,0.16203143893591293,0.17412333736396615,0.2140266021765417,0.18319226118500603,0.19044740024183796,0.1825876662636034,0.18802902055622733,0.13724304715840388,0.13240628778718258,0.11970979443772672,0.12394195888754535,0.13422007255139057,0.13119709794437726,0.11426844014510278,0.11608222490931076,0.1414752116082225,0.19347037484885127,0.14993954050785974,0.06590084643288996,0.1354292623941959,0.1033857315598549,0.08766626360338574,0.13724304715840388,0.10822249093107618,0.11910519951632406,0.11185006045949214,0.10157194679564692,0.1033857315598549,0.12575574365175332,0.12273276904474002,0.1154776299879081,0.13603385731559856,0.08162031438935913,0.11305925030229746,0.14268440145102781,0.10217654171704958,0.09613059250302297,0.10822249093107618,0.10640870616686819,0.06590084643288996,0.1396614268440145,0.08827085852478839,0.12454655380894801,0.07678355501813784,0.0912938331318017,0.11970979443772672,0.07799274486094317,0.08524788391777509,0.08222490931076179,0.09250302297460701,0.10580411124546554,0.09673518742442563,0.09189842805320435,0.07073760580411124,0.08101571946795647,0.10399032648125756,0.09371221281741234,0.1626360338573156,0.07980652962515115,0.10882708585247884,0.08343409915356712,0.07073760580411124,0.07255139056831923,0.10822249093107618,0.11426844014510278,0.11729141475211609,0.08343409915356712,0.09371221281741234,0.0743651753325272,0.0804111245465538,0.08464328899637243,0.09371221281741234,0.08887545344619105,0.07920193470374849,0.09371221281741234,0.0743651753325272,0.09492140266021766,0.07315598548972188,0.06287787182587666,0.09613059250302297,0.07557436517533253,0.07859733978234583,0.07013301088270858,0.06892382103990327,0.11064087061668681,0.09613059250302297,0.08585247883917775,0.08645707376058041,0.07859733978234583,0.04050785973397823,0.08706166868198308,0.0804111245465538,0.06287787182587666,0.06106408706166868,0.08524788391777509,0.058645707376058044,0.05259975816203144,0.0501813784764208,0.07255139056831923,0.0973397823458283,0.06771463119709795,0.11366384522370013,0.07557436517533253,0.09068923821039904,0.09492140266021766,0.07980652962515115,0.09492140266021766,0.06348246674727932,0.0743651753325272,0.05259975816203144,0.0773881499395405,0.08645707376058041,0.06348246674727932,0.049576783555018135,0.09975816203143893,0.0761789600967352,0.0973397823458283,0.07496977025392987,0.07134220072551391,0.10459492140266022,0.08101571946795647,0.06650544135429262,0.05259975816203144,0.05804111245465538,0.07376058041112454,0.0773881499395405,0.05985489721886336,0.05501813784764208,0.05562273276904474,0.0592503022974607,0.06711003627569528,0.08162031438935913,0.07557436517533253,0.06348246674727932,0.07134220072551391,0.07073760580411124,0.058645707376058044,0.06590084643288996,0.06650544135429262,0.06831922611850061,0.06166868198307134,0.06408706166868199,0.0912938331318017,0.051390568319226115,0.05078597339782346,0.04050785973397823,0.04897218863361548,0.06287787182587666,0.041112454655380895,0.05441354292623942,0.06952841596130592,0.05380894800483676,0.03990326481257558,0.0761789600967352,0.05804111245465538,0.0761789600967352,0.07013301088270858,0.056831922611850064,0.05199516324062878,0.05743651753325272,0.041112454655380895,0.05501813784764208,0.0501813784764208,0.04353083434099154,0.06408706166868199,0.07073760580411124,0.041112454655380895,0.06469165659008465,0.044740024183796856,0.058645707376058044,0.036275695284159616,0.044135429262394194,0.03688029020556227,0.04534461910519952,0.062273276904474005,0.047762998790810154,0.053204353083434096,0.06590084643288996,0.03143893591293833,0.056831922611850064,0.04171704957678356,0.03083434099153567,0.044740024183796856,0.08403869407496976,0.03506650544135429,0.07557436517533253,0.0592503022974607,0.02720677146311971,0.06469165659008465,0.06771463119709795,0.05985489721886336,0.06831922611850061,0.044740024183796856,0.049576783555018135,0.03990326481257558,0.05078597339782346,0.062273276904474005,0.03869407496977025,0.02720677146311971,0.0562273276904474,0.06106408706166868,0.05804111245465538,0.06952841596130592,0.032648125755743655,0.04232164449818621,0.049576783555018135,0.051390568319226115,0.08464328899637243,0.06408706166868199,0.04353083434099154,0.046553808948004836,0.044135429262394194,0.03688029020556227,0.05743651753325272,0.0562273276904474,0.03990326481257558,0.047762998790810154,0.03869407496977025,0.053204353083434096,0.044740024183796856,0.04836759371221282,0.08101571946795647,0.0018137847642079807,0.03385731559854897,0.045949214026602174,0.03325272067714631,0.03869407496977025,0.02781136638452237,0.03869407496977025,0.05501813784764208,0.022974607013301087,0.051390568319226115,0.047762998790810154,0.045949214026602174,0.06287787182587666,0.03990326481257558,0.0501813784764208,0.051390568319226115,0.035671100362756954,0.060459492140266025,0.051390568319226115,0.037484885126964934,0.05501813784764208,0.042926239419588876,0.04897218863361548,0.04353083434099154,0.0471584038694075,0.03385731559854897,0.05078597339782346,0.05985489721886336,0.0380894800483676,0.042926239419588876,0.0501813784764208,0.0380894800483676,0.039298669891172915,0.041112454655380895,0.05259975816203144,0.06408706166868199,0.049576783555018135,0.035671100362756954,0.037484885126964934,0.060459492140266025,0.024788391777509067,0.04232164449818621,0.05259975816203144,0.04232164449818621,0.03990326481257558,0.05078597339782346,0.03204353083434099,0.039298669891172915,0.041112454655380895,0.03143893591293833
nh0170,1.0,0.453416149068323,0.5729813664596274,0.2836438923395445,0.34006211180124224,0.37939958592132506,0.38923395445134573,0.2443064182194617,0.33178053830227744,0.30952380952380953,0.2303312629399586,0.2727743271221532,0.2054865424430642,0.2349896480331263,0.17339544513457558,0.28467908902691513,0.20238095238095238,0.2644927536231884,0.2386128364389234,0.20755693581780538,0.2054865424430642,0.17753623188405798,0.17287784679089027,0.20496894409937888,0.19772256728778467,0.14544513457556935,0.21169772256728778,0.18478260869565216,0.16356107660455488,0.19875776397515527,0.1873706004140787,0.2277432712215321,0.2194616977225673,0.14751552795031056,0.14492753623188406,0.15320910973084886,0.18374741200828157,0.19875776397515527,0.17287784679089027,0.12008281573498965,0.16459627329192547,0.16666666666666666,0.13819875776397517,0.10869565217391304,0.09316770186335403,0.15786749482401657,0.10714285714285714,0.13095238095238096,0.12577639751552794,0.10300207039337474,0.14855072463768115,0.08540372670807453,0.11128364389233955,0.07246376811594203,0.10766045548654245,0.10351966873706005,0.18167701863354038,0.17494824016563146,0.14803312629399587,0.12422360248447205,0.13302277432712215,0.11749482401656315,0.10714285714285714,0.09834368530020704,0.11283643892339544,0.11904761904761904,0.11024844720496894,0.06573498964803312,0.08747412008281573,0.16252587991718426,0.08126293995859213,0.08747412008281573,0.13250517598343686,0.08436853002070394,0.11645962732919254,0.11283643892339544,0.11180124223602485,0.13561076604554864,0.09782608695652174,0.10662525879917184,0.10403726708074534,0.07971014492753623,0.11128364389233955,0.10351966873706005,0.11024844720496894,0.12525879917184266,0.09782608695652174,0.11645962732919254,0.11542443064182195,0.08643892339544514,0.09523809523809523,0.10869565217391304,0.12008281573498965,0.09006211180124224,0.08643892339544514,0.09886128364389234,0.08954451345755693,0.12215320910973085,0.06728778467908902,0.13509316770186336,0.08695652173913043,0.09006211180124224,0.09420289855072464,0.07298136645962733,0.08126293995859213,0.062111801242236024,0.07246376811594203,0.08333333333333333,0.08592132505175984,0.06884057971014493,0.13146997929606624,0.06418219461697723,0.09782608695652174,0.08747412008281573,0.08022774327122154,0.07246376811594203,0.07556935817805382,0.06418219461697723,0.07815734989648034,0.08540372670807453,0.06677018633540373,0.07039337474120083,0.06884057971014493,0.08695652173913043,0.09420289855072464,0.10248447204968944,0.06573498964803312,0.07867494824016563,0.05952380952380952,0.07298136645962733,0.07401656314699794,0.06055900621118013,0.07505175983436853,0.056935817805383024,0.06469979296066253,0.05331262939958592,0.14078674948240166,0.07453416149068323,0.08333333333333333,0.08022774327122154,0.07194616977225674,0.06469979296066253,0.06159420289855073,0.06780538302277432,0.09420289855072464,0.07349896480331262,0.08281573498964803,0.06780538302277432,0.08074534161490683,0.06314699792960662,0.08022774327122154,0.056935817805383024,0.06625258799171843,0.06884057971014493,0.07142857142857142,0.12163561076604555,0.07505175983436853,0.08126293995859213,0.10144927536231885,0.05538302277432712,0.06625258799171843,0.06262939958592133,0.06884057971014493,0.09213250517598344,0.039337474120082816,0.053830227743271224,0.06521739130434782,0.059006211180124224,0.12525879917184266,0.07091097308488613,0.046583850931677016,0.08488612836438923,0.05434782608695652,0.07142857142857142,0.04917184265010352,0.050724637681159424,0.06418219461697723,0.06469979296066253,0.06832298136645963,0.05538302277432712,0.05227743271221532,0.03985507246376811,0.06728778467908902,0.06521739130434782,0.05538302277432712,0.07091097308488613,0.04813664596273292,0.04192546583850932,0.04710144927536232,0.062111801242236024,0.05227743271221532,0.09730848861283643,0.07556935817805382,0.05331262939958592,0.05434782608695652,0.07298136645962733,0.06780538302277432,0.07091097308488613,0.07246376811594203,0.054865424430641824,0.05952380952380952,0.04089026915113872,0.06677018633540373,0.060041407867494824,0.03364389233954451,0.04710144927536232,0.05745341614906832,0.054865424430641824,0.05848861283643892,0.051759834368530024,0.03364389233954451,0.04917184265010352,0.04296066252587992,0.041407867494824016,0.05331262939958592,0.05124223602484472,0.07505175983436853,0.049689440993788817,0.047619047619047616,0.042443064182194616,0.039337474120082816,0.04399585921325052,0.05434782608695652,0.05538302277432712,0.05124223602484472,0.048654244306418216,0.07556935817805382,0.059006211180124224,0.039337474120082816,0.04503105590062112,0.03881987577639751,0.054865424430641824,0.03778467908902691,0.045548654244306416,0.051759834368530024,0.04813664596273292,0.049689440993788817,0.06573498964803312,0.07401656314699794,0.05745341614906832,0.05020703933747412,0.060041407867494824,0.06055900621118013,0.05952380952380952,0.04813664596273292,0.046583850931677016,0.044513457556935816,0.05952380952380952,0.06366459627329192,0.043478260869565216,0.033126293995859216,0.07194616977225674,0.053830227743271224,0.04606625258799172,0.046583850931677016,0.06055900621118013,0.04917184265010352,0.055900621118012424,0.05745341614906832,0.056935817805383024,0.03985507246376811,0.03571428571428571,0.054865424430641824,0.06832298136645963,0.05020703933747412,0.061076604554865424,0.03881987577639751,0.05020703933747412,0.033126293995859216,0.03467908902691511,0.059006211180124224,0.03157349896480331,0.04813664596273292,0.030538302277432712,0.04503105590062112,0.041407867494824016,0.062111801242236024,0.06832298136645963,0.04399585921325052,0.03674948240165631,0.047619047619047616,0.03571428571428571,0.04089026915113872,0.05331262939958592,0.027432712215320912,0.045548654244306416,0.038302277432712216,0.04089026915113872,0.05124223602484472,0.044513457556935816,0.034161490683229816,0.06677018633540373,0.054865424430641824,0.045548654244306416,0.039337474120082816,0.056935817805383024,0.038302277432712216,0.039337474120082816,0.03881987577639751,0.05848861283643892
nh0171,1.0,0.558696375124709,0.5680079813767875,0.36913867642168274,0.2859993348852677,0.2384436315264383,0.4017292983039574,0.4861988693049551,0.25972730295976054,0.26770867974725643,0.2726970402394413,0.24409710675091453,0.23445294313269038,0.1952111739275025,0.3521782507482541,0.18789491187229798,0.20552045227801796,0.18057864981709346,0.22214832058530096,0.23545061523112737,0.26571333555038246,0.19620884602593947,0.20319255071499834,0.18057864981709346,0.1908879281676089,0.22414366478217493,0.136015962753575,0.19720651812437645,0.151646158962421,0.1952111739275025,0.2703691386764217,0.15530428999002327,0.18722979714000665,0.14965081476554706,0.1666112404389757,0.12238111074160293,0.1260392417692052,0.1366810774858663,0.13435317592284668,0.10907881609577652,0.10808114399733953,0.12204855337545727,0.14632524110409045,0.14732291320252744,0.12637179913535085,0.23079481210508812,0.12271366810774859,0.12969737279680746,0.1616228799467908,0.1709344861988693,0.19388094446291984,0.17126704356501496,0.13036248752909876,0.12836714333222482,0.07249750581975391,0.1316927169936814,0.07682075157964749,0.1569670768207516,0.11706019288327237,0.11273694712337878,0.10375789823744595,0.16561356834053875,0.1277020285999335,0.09378117725307615,0.08546724309943465,0.12404389757233122,0.09477884935151314,0.16960425673428667,0.10309278350515463,0.11739275024941802,0.08413701363485201,0.10409045560359162,0.07050216162287995,0.08114399733954107,0.07249750581975391,0.10774858663119388,0.07283006318589957,0.17326238776188893,0.09411373461922182,0.06717658796142334,0.13535084802128367,0.09278350515463918,0.07216494845360824,0.0608579980046558,0.10941137346192219,0.08679747256401729,0.07781842367808448,0.09245094778849351,0.1034253408713003,0.05653475224476222,0.08480212836714333,0.10109743930828068,0.07981376787495843,0.07449285001662787,0.05952776854007316,0.061523112736947126,0.10409045560359162,0.07549052211506485,0.06019288327236448,0.040904556035916195,0.09743930828067841,0.07449285001662787,0.09112071832391087,0.09710675091453276,0.1050881277020286,0.08047888260724975,0.07016960425673428,0.07948121050881277,0.09610907881609577,0.09943465247755237,0.09743930828067841,0.062188227469238445,0.04822081809112072,0.07216494845360824,0.08746258729630861,0.10043232457598936,0.11606252078483538,0.09012304622547389,0.10109743930828068,0.10409045560359162,0.06817426005986033,0.06684403059527769,0.0625207848353841,0.0984369803791154,0.04822081809112072,0.05154639175257732,0.0525440638510143,0.07316262055204523,0.06351845693382109,0.05853009644163618,0.0857998004655803,0.06451612903225806,0.07648819421350182,0.06784170269371466,0.08014632524110409,0.07283006318589957,0.02993016295310941,0.05487196541403392,0.06019288327236448,0.051878949118722976,0.09245094778849351,0.03890921183904224,0.05653475224476222,0.08280678417026938,0.09311606252078483,0.08313934153641503,0.07249750581975391,0.0658463584968407,0.07948121050881277,0.09444629198536747,0.17492517459261722,0.051878949118722976,0.05786498170934486,0.07283006318589957,0.0625207848353841,0.04356501496508148,0.05886265380778184,0.05121383438643166,0.08613235783172597,0.05553708014632524,0.05853009644163618,0.042234785500498834,0.05853009644163618,0.07050216162287995,0.07449285001662787,0.06983704689058863,0.08047888260724975,0.04289990023279015,0.11306950448952444,0.02527435982707017,0.04256734286664449,0.05520452278017958,0.062188227469238445,0.06484868639840373,0.07881609577652145,0.05453940804788826,0.05520452278017958,0.08413701363485201,0.04955104755570336,0.0392417692051879,0.050881277020286,0.062188227469238445,0.040904556035916195,0.03857665447289658,0.04822081809112072,0.019953441968739608,0.046225473894246756,0.035583638177585634,0.0608579980046558,0.061523112736947126,0.06917193215829731,0.07482540738277353,0.062188227469238445,0.06318589956767542,0.07149983372131692,0.11373461922181577,0.041902228134353174,0.05320917858330562,0.12204855337545727,0.0558696375124709,0.07648819421350182,0.05853009644163618,0.02693714665779847,0.05819753907549052,0.05819753907549052,0.0734951779181909,0.050881277020286,0.046225473894246756,0.02194878616561357,0.0442301296973728,0.07815098104423013,0.04855337545726638,0.06917193215829731,0.04289990023279015,0.03392085134685733,0.051878949118722976,0.07316262055204523,0.0525440638510143,0.04822081809112072,0.028599933488526772,0.05553708014632524,0.05387429331559694,0.03791153974060525,0.030595277685400733,0.0542068506817426,0.034918523445294315,0.06551380113069505,0.03691386764216827,0.05054871965414034,0.09112071832391087,0.040904556035916195,0.05553708014632524,0.056867309610907885,0.05453940804788826,0.03824409710675091,0.02261390089790489,0.041237113402061855,0.05853009644163618,0.03292317924842035,0.03757898237445959,0.04556035916195544,0.05320917858330562,0.04256734286664449,0.036248752909876954,0.07382773528433655,0.07316262055204523,0.046558031260392416,0.05453940804788826,0.009976720984369804,0.13801130695044894,0.06684403059527769,0.03159294978383771,0.03126039241769205,0.03890921183904224,0.07382773528433655,0.02427668772863319,0.06052544063851014,0.04323245759893582,0.03724642500831393,0.05387429331559694,0.05287662121715996,0.035251080811439975,0.05121383438643166,0.057532424343199204,0.03225806451612903,0.042234785500498834,0.042234785500498834,0.05354173594945128,0.0392417692051879,0.030595277685400733,0.0442301296973728,0.02893249085467243,0.05387429331559694,0.02194878616561357,0.035916195543731294,0.04788826072497506,0.04955104755570336,0.07914865314266711,0.041569670768207514,0.022946458264050548,0.03757898237445959,0.02693714665779847,0.05453940804788826,0.07183239108746259,0.04855337545726638,0.04888593282341204,0.0392417692051879,0.0442301296973728,0.056867309610907885,0.14200199534419689,0.0492184901895577,0.04988360492184902,0.05154639175257732,0.02161622879946791,0.046225473894246756,0.02228134353175923,0.02826737612238111,0.041237113402061855,0.08047888260724975,0.010309278350515464
nh0172,1.0,0.71571072319202,0.5492518703241895,0.43453865336658354,0.3559850374064838,0.38216957605985036,0.3110972568578554,0.35785536159601,0.28366583541147133,0.32980049875311723,0.3634663341645885,0.2649625935162095,0.26184538653366585,0.3266832917705736,0.2256857855361596,0.30423940149625933,0.29738154613466333,0.2275561097256858,0.24064837905236908,0.3048628428927681,0.1708229426433915,0.26184538653366585,0.1571072319201995,0.2038653366583541,0.3248129675810474,0.24251870324189526,0.2281795511221945,0.243142144638404,0.24002493765586036,0.27680798004987534,0.2238154613466334,0.15087281795511223,0.1970074812967581,0.1589775561097257,0.24189526184538654,0.19389027431421446,0.24376558603491272,0.1882793017456359,0.20947630922693267,0.1745635910224439,0.14526184538653367,0.1477556109725686,0.1596009975062344,0.1901496259351621,0.17643391521197008,0.17394014962593515,0.11533665835411472,0.12406483790523691,0.18952618453865336,0.2387780548628429,0.1259351620947631,0.13216957605985039,0.2076059850374065,0.1614713216957606,0.0928927680798005,0.12094763092269327,0.08790523690773068,0.2057356608478803,0.1708229426433915,0.1639650872817955,0.18640897755610972,0.09413965087281795,0.17643391521197008,0.12406483790523691,0.11783042394014963,0.1571072319201995,0.11097256857855362,0.14526184538653367,0.12406483790523691,0.1172069825436409,0.11221945137157108,0.14463840399002495,0.13653366583541146,0.11346633416458853,0.13216957605985039,0.09039900249376559,0.12344139650872818,0.09663341645885287,0.08104738154613467,0.13092269326683292,0.10660847880299251,0.1440149625935162,0.11658354114713217,0.10037406483790523,0.10972568578553615,0.14650872817955113,0.12219451371571072,0.17394014962593515,0.09351620947630923,0.09725685785536159,0.12780548628428928,0.15336658354114713,0.09351620947630923,0.1128428927680798,0.11159600997506235,0.10910224438902744,0.07418952618453865,0.12281795511221945,0.0816708229426434,0.09351620947630923,0.16271820448877805,0.09975062344139651,0.11471321695760599,0.09600997506234414,0.18079800498753118,0.12094763092269327,0.10286783042394015,0.10785536159600997,0.22007481296758105,0.12344139650872818,0.14089775561097256,0.06920199501246883,0.08915211970074813,0.0928927680798005,0.128428927680798,0.09102244389027432,0.07605985037406483,0.059850374064837904,0.1433915211970075,0.08728179551122195,0.10536159600997506,0.09039900249376559,0.12281795511221945,0.0885286783042394,0.13653366583541146,0.04800498753117207,0.07668329177057356,0.09476309226932668,0.07793017456359103,0.09725685785536159,0.10037406483790523,0.08541147132169576,0.08478802992518704,0.08728179551122195,0.06296758104738155,0.07107231920199501,0.10723192019950124,0.06920199501246883,0.07294264339152119,0.12967581047381546,0.09413965087281795,0.06109725685785536,0.05361596009975062,0.06359102244389027,0.10162094763092269,0.08104738154613467,0.07481296758104738,0.09850374064837905,0.10473815461346633,0.09226932668329177,0.08541147132169576,0.09226932668329177,0.06359102244389027,0.06359102244389027,0.0773067331670823,0.0798004987531172,0.06670822942643391,0.10224438902743142,0.08790523690773068,0.08541147132169576,0.05610972568578554,0.09975062344139651,0.05610972568578554,0.08291770573566085,0.09413965087281795,0.035536159600997506,0.04177057356608479,0.06172069825436409,0.07231920199501247,0.09351620947630923,0.04800498753117207,0.08104738154613467,0.08354114713216958,0.06234413965087282,0.07107231920199501,0.09164588528678304,0.16708229426433915,0.034912718204488775,0.09600997506234414,0.06483790523690773,0.08665835411471322,0.07044887780548628,0.07044887780548628,0.04738154613466334,0.0798004987531172,0.08042394014962594,0.05860349127182045,0.05236907730673317,0.05486284289276808,0.0529925187032419,0.07294264339152119,0.03678304239401496,0.07605985037406483,0.03740648379052369,0.049251870324189526,0.08977556109725686,0.06234413965087282,0.06670822942643391,0.08915211970074813,0.05860349127182045,0.09351620947630923,0.07605985037406483,0.08291770573566085,0.06234413965087282,0.09164588528678304,0.08915211970074813,0.043017456359102244,0.13778054862842892,0.06234413965087282,0.06733167082294264,0.018703241895261846,0.06359102244389027,0.12406483790523691,0.05049875311720698,0.049251870324189526,0.05860349127182045,0.06733167082294264,0.04800498753117207,0.06608478802992519,0.059850374064837904,0.0442643391521197,0.04738154613466334,0.06670822942643391,0.051745635910224436,0.05049875311720698,0.03678304239401496,0.07605985037406483,0.04551122194513716,0.05112219451371571,0.05423940149625935,0.13528678304239403,0.06733167082294264,0.11845386533665836,0.043017456359102244,0.06109725685785536,0.034912718204488775,0.06546134663341646,0.059850374064837904,0.0399002493765586,0.06608478802992519,0.06795511221945137,0.07356608478802992,0.04738154613466334,0.07543640897755612,0.05798004987531172,0.09226932668329177,0.06234413965087282,0.046134663341645885,0.07044887780548628,0.09351620947630923,0.005610972568578554,0.064214463840399,0.06920199501246883,0.05049875311720698,0.043017456359102244,0.05610972568578554,0.04488778054862843,0.06109725685785536,0.06296758104738155,0.059850374064837904,0.05236907730673317,0.043640897755610975,0.05112219451371571,0.06296758104738155,0.034912718204488775,0.033042394014962596,0.05112219451371571,0.07605985037406483,0.029925187032418952,0.040523690773067333,0.0798004987531172,0.06234413965087282,0.04551122194513716,0.043017456359102244,0.04239401496259352,0.028678304239401497,0.051745635910224436,0.05236907730673317,0.05673316708229426,0.05486284289276808,0.04177057356608479,0.05361596009975062,0.09663341645885287,0.07793017456359103,0.046758104738154616,0.026184538653366583,0.043640897755610975,0.04987531172069826,0.064214463840399,0.09538653366583541,0.0885286783042394,0.05423940149625935,0.06795511221945137,0.06982543640897755,0.05049875311720698,0.11783042394014963,0.049251870324189526,0.04114713216957606,0.0773067331670823,0.019326683291770574
nh0173,1.0,0.8479302832244009,0.5237472766884531,0.39172113289760346,0.5032679738562091,0.6496732026143791,0.5159041394335512,0.3167755991285403,0.3525054466230937,0.3494553376906318,0.4627450980392157,0.35076252723311546,0.29106753812636166,0.3572984749455338,0.23006535947712417,0.3895424836601307,0.30806100217864923,0.20261437908496732,0.27320261437908494,0.45664488017429194,0.23921568627450981,0.3115468409586057,0.3172113289760349,0.33159041394335514,0.379520697167756,0.24052287581699347,0.27058823529411763,0.23965141612200436,0.3328976034858388,0.3895424836601307,0.20392156862745098,0.17647058823529413,0.1860566448801743,0.15555555555555556,0.2636165577342048,0.23703703703703705,0.20043572984749455,0.23660130718954248,0.21917211328976036,0.1616557734204793,0.20915032679738563,0.18518518518518517,0.22570806100217866,0.1494553376906318,0.15947712418300652,0.1542483660130719,0.11938997821350762,0.14248366013071895,0.22396514161220044,0.18518518518518517,0.13594771241830064,0.21568627450980393,0.06579520697167757,0.11546840958605664,0.10413943355119826,0.1224400871459695,0.14989106753812637,0.257516339869281,0.08017429193899782,0.14335511982570806,0.25315904139433554,0.1625272331154684,0.21655773420479302,0.14640522875816994,0.13899782135076252,0.12069716775599129,0.09847494553376906,0.257516339869281,0.11938997821350762,0.13594771241830064,0.07407407407407407,0.19477124183006536,0.1111111111111111,0.15206971677559913,0.11328976034858387,0.11982570806100218,0.10718954248366012,0.0766884531590414,0.10893246187363835,0.1477124183006536,0.17734204793028321,0.1411764705882353,0.1485838779956427,0.1830065359477124,0.1485838779956427,0.11241830065359477,0.1259259259259259,0.1738562091503268,0.16470588235294117,0.11459694989106754,0.1328976034858388,0.15729847494553376,0.13202614379084968,0.10762527233115468,0.06710239651416122,0.10588235294117647,0.09281045751633987,0.10413943355119826,0.10021786492374728,0.1786492374727669,0.04749455337690632,0.1394335511982571,0.09281045751633987,0.11154684095860566,0.1869281045751634,0.17647058823529413,0.0962962962962963,0.09760348583877995,0.21742919389978213,0.14161220043572983,0.15381263616557733,0.08714596949891068,0.08583877995642701,0.12766884531590414,0.21568627450980393,0.10588235294117647,0.08540305010893247,0.08104575163398693,0.13159041394335513,0.09281045751633987,0.1224400871459695,0.15163398692810456,0.09934640522875816,0.12854030501089325,0.12505446623093683,0.07407407407407407,0.10108932461873639,0.14422657952069717,0.06013071895424837,0.07625272331154684,0.08278867102396514,0.06928104575163399,0.09934640522875816,0.08671023965141612,0.08540305010893247,0.0962962962962963,0.09760348583877995,0.0840958605664488,0.1272331154684096,0.09760348583877995,0.12810457516339868,0.10631808278867103,0.07625272331154684,0.06710239651416122,0.09455337690631808,0.07363834422657953,0.10718954248366012,0.09716775599128541,0.14030501089324618,0.08496732026143791,0.23703703703703705,0.0832244008714597,0.0915032679738562,0.12069716775599129,0.11328976034858387,0.10413943355119826,0.13246187363834422,0.12549019607843137,0.10196078431372549,0.11241830065359477,0.08627450980392157,0.08714596949891068,0.05620915032679739,0.08104575163398693,0.10326797385620914,0.03616557734204793,0.05315904139433551,0.0514161220043573,0.0392156862745098,0.0832244008714597,0.06928104575163399,0.22657952069716775,0.0840958605664488,0.09803921568627451,0.036601307189542485,0.11067538126361656,0.15860566448801744,0.02309368191721133,0.09934640522875816,0.09891067538126362,0.11416122004357299,0.06666666666666667,0.07145969498910676,0.07058823529411765,0.07581699346405228,0.026579520697167756,0.06100217864923747,0.046623093681917215,0.0636165577342048,0.05925925925925926,0.06884531590413943,0.09368191721132897,0.05751633986928104,0.07755991285403051,0.024400871459694988,0.14814814814814814,0.07973856209150326,0.09281045751633987,0.05533769063180828,0.07276688453159041,0.11808278867102397,0.0906318082788671,0.09411764705882353,0.08496732026143791,0.07712418300653595,0.1328976034858388,0.03224400871459695,0.09716775599128541,0.08540305010893247,0.0784313725490196,0.02701525054466231,0.06797385620915032,0.09237472766884532,0.07886710239651416,0.07145969498910676,0.11285403050108933,0.06710239651416122,0.07625272331154684,0.06535947712418301,0.07755991285403051,0.06187363834422658,0.05664488017429194,0.09891067538126362,0.0718954248366013,0.040522875816993466,0.05010893246187364,0.06318082788671024,0.08104575163398693,0.047058823529411764,0.0718954248366013,0.06840958605664488,0.05185185185185185,0.06797385620915032,0.07320261437908497,0.08104575163398693,0.06710239651416122,0.047058823529411764,0.07015250544662309,0.05969498910675381,0.08061002178649238,0.06056644880174292,0.06579520697167757,0.05359477124183006,0.12287581699346405,0.07276688453159041,0.15250544662309368,0.09803921568627451,0.05533769063180828,0.021350762527233117,0.012200435729847494,0.04531590413943355,0.06840958605664488,0.0457516339869281,0.044880174291938996,0.0392156862745098,0.040522875816993466,0.1028322440087146,0.08888888888888889,0.09193899782135076,0.029193899782135078,0.06274509803921569,0.06143790849673202,0.037037037037037035,0.08583877995642701,0.044880174291938996,0.054901960784313725,0.08017429193899782,0.05228758169934641,0.029193899782135078,0.06187363834422658,0.06840958605664488,0.04531590413943355,0.04531590413943355,0.03398692810457516,0.0579520697167756,0.01786492374727669,0.05533769063180828,0.058387799564270156,0.10675381263616558,0.05969498910675381,0.07450980392156863,0.048801742919389976,0.1485838779956427,0.05185185185185185,0.062309368191721136,0.07538126361655774,0.07930283224400872,0.06013071895424837,0.08235294117647059,0.06753812636165578,0.04139433551198257,0.026143790849673203,0.047058823529411764,0.07015250544662309,0.027450980392156862,0.0636165577342048,0.06797385620915032,0.05359477124183006,0.12069716775599129,0.022222222222222223
nh0174,1.0,0.6564488143435512,0.5795257374204743,0.3713128976286871,0.3395026026604974,0.3192596876807403,0.4025448235974552,0.39965297860034704,0.3580104106419896,0.32620011567379986,0.23944476576055523,0.2781954887218045,0.2718334297281666,0.20763447079236552,0.30364372469635625,0.2296124927703875,0.2458068247541932,0.22325043377674958,0.2851359167148641,0.23828802776171198,0.21746674378253325,0.22093695777906305,0.145748987854251,0.2371312897628687,0.20589936379410065,0.20300751879699247,0.1683053788316946,0.145748987854251,0.1775592828224407,0.13649508386350492,0.1902834008097166,0.1700404858299595,0.205320994794679,0.16772700983227298,0.14864083285135918,0.16367842683632158,0.12377096587622903,0.13186813186813187,0.1642567958357432,0.1399652978600347,0.17524580682475419,0.15789473684210525,0.14112203585887798,0.15268941584731058,0.14459224985540775,0.1307113938692886,0.13765182186234817,0.15037593984962405,0.1341816078658184,0.09196067090803933,0.11046847888953153,0.11740890688259109,0.12839791787160207,0.09427414690572586,0.06824754193175246,0.11856564488143435,0.13649508386350492,0.09253903990746096,0.14054366685945632,0.11451706188548294,0.1139386928860613,0.13128976286871025,0.11509543088490456,0.10410641989589357,0.12203585887796414,0.11740890688259109,0.06015037593984962,0.11336032388663968,0.18045112781954886,0.0989010989010989,0.12030075187969924,0.10931174089068826,0.08675534991324466,0.09427414690572586,0.10989010989010989,0.11451706188548294,0.10757663389242336,0.0931174089068826,0.13128976286871025,0.07634470792365529,0.11451706188548294,0.09253903990746096,0.09369577790630422,0.07229612492770388,0.1382301908617698,0.09543088490456912,0.10699826489300174,0.09080393290919607,0.08675534991324466,0.08155002891844997,0.08849045691150954,0.0896471949103528,0.10699826489300174,0.0896471949103528,0.10584152689415847,0.07518796992481203,0.12608444187391557,0.08444187391555813,0.0913823019086177,0.13880855986119145,0.11104684788895315,0.08906882591093117,0.10352805089647195,0.11278195488721804,0.07981492192018508,0.0913823019086177,0.08097165991902834,0.07229612492770388,0.108155002891845,0.07634470792365529,0.0746096009253904,0.08270676691729323,0.08270676691729323,0.09196067090803933,0.06477732793522267,0.08733371891266628,0.09369577790630422,0.1324465008675535,0.10005783689994216,0.0803932909196067,0.06766917293233082,0.08559861191440139,0.07403123192596876,0.08270676691729323,0.07229612492770388,0.07113938692886061,0.07923655292076345,0.0913823019086177,0.07403123192596876,0.07634470792365529,0.06651243493348756,0.0728744939271255,0.08328513591671487,0.06419895893580103,0.08328513591671487,0.06072874493927125,0.04337767495662233,0.07923655292076345,0.08675534991324466,0.0746096009253904,0.06362058993637941,0.07923655292076345,0.06477732793522267,0.08328513591671487,0.0896471949103528,0.06998264893001735,0.08849045691150954,0.07923655292076345,0.055523423944476576,0.08502024291497975,0.0746096009253904,0.06015037593984962,0.07923655292076345,0.07403123192596876,0.06940427993059572,0.044534412955465584,0.09022556390977443,0.08270676691729323,0.07518796992481203,0.049161364950838636,0.08097165991902834,0.11336032388663968,0.06940427993059572,0.06766917293233082,0.08444187391555813,0.08617698091382302,0.055523423944476576,0.12203585887796414,0.08155002891844997,0.06477732793522267,0.049161364950838636,0.06362058993637941,0.09427414690572586,0.0746096009253904,0.048582995951417005,0.07576633892423366,0.06940427993059572,0.06651243493348756,0.04337767495662233,0.055523423944476576,0.038172353961827644,0.05668016194331984,0.0728744939271255,0.07056101792943899,0.06766917293233082,0.05725853094274147,0.035858877964141125,0.058993637941006365,0.04973973395026027,0.06940427993059572,0.06477732793522267,0.08270676691729323,0.09196067090803933,0.05436668594563331,0.061885482938114515,0.04973973395026027,0.06477732793522267,0.05147484094852516,0.07113938692886061,0.0578368999421631,0.07229612492770388,0.044534412955465584,0.054945054945054944,0.06477732793522267,0.07229612492770388,0.061885482938114515,0.05263157894736842,0.0503181029496819,0.06824754193175246,0.07056101792943899,0.06882591093117409,0.06940427993059572,0.045112781954887216,0.06015037593984962,0.048582995951417005,0.04337767495662233,0.06015037593984962,0.06477732793522267,0.04048582995951417,0.05147484094852516,0.04973973395026027,0.0410641989589358,0.05436668594563331,0.05320994794679005,0.07229612492770388,0.04569115095430885,0.04973973395026027,0.05205320994794679,0.058993637941006365,0.04973973395026027,0.0335454019664546,0.07692307692307693,0.058993637941006365,0.05436668594563331,0.05320994794679005,0.05089647194910353,0.07171775592828225,0.0728744939271255,0.030653556969346442,0.07113938692886061,0.027761711972238288,0.038750722961249276,0.04569115095430885,0.045112781954887216,0.0728744939271255,0.038750722961249276,0.035858877964141125,0.04973973395026027,0.042220936957779065,0.015037593984962405,0.07981492192018508,0.059572006940427996,0.07056101792943899,0.042799305957200696,0.048582995951417005,0.0578368999421631,0.06651243493348756,0.0410641989589358,0.08675534991324466,0.04626951995373048,0.03990746096009254,0.05610179294389821,0.05841526894158473,0.04742625795257374,0.04973973395026027,0.038172353961827644,0.05320994794679005,0.03701561596298438,0.05841526894158473,0.04048582995951417,0.044534412955465584,0.0503181029496819,0.03759398496240601,0.04626951995373048,0.05668016194331984,0.042220936957779065,0.04337767495662233,0.05436668594563331,0.031231925968768073,0.05378831694621168,0.03643724696356275,0.04973973395026027,0.05147484094852516,0.042799305957200696,0.03759398496240601,0.08155002891844997,0.03990746096009254,0.038750722961249276,0.042220936957779065,0.025448235974551765,0.03932909196067091,0.05205320994794679,0.029496818970503182,0.042220936957779065,0.04164256795835743,0.020821283979178717,0.03990746096009254,0.042220936957779065,0.05668016194331984,0.03470213996529786
nh0175,1.0,0.5749668288367978,0.583812472357364,0.30605926581158777,0.22202565236620964,0.24812030075187969,0.3648827952233525,0.38965059708093763,0.32728881026094647,0.2936753648827952,0.17381689517912427,0.26758071649712517,0.23573639982308714,0.17204776647501105,0.2888102609464839,0.2344095532950022,0.22998673153471916,0.24900486510393632,0.3069438301636444,0.22467934542237947,0.20875718708536045,0.18310482087571872,0.15612560813799203,0.25829279080053075,0.1534719150818222,0.19106590004422822,0.14020344980097302,0.167624944714728,0.11764705882352941,0.1393188854489164,0.16364440513047324,0.18000884564352057,0.17027863777089783,0.17647058823529413,0.17779743476337903,0.17072091994692615,0.10305174701459531,0.11455108359133127,0.13268465280849182,0.14772224679345422,0.16187527642636002,0.12118531623175587,0.12914639540026537,0.13135780628040689,0.12914639540026537,0.124281291463954,0.1826625386996904,0.17293233082706766,0.09243697478991597,0.06368863334807608,0.10128261831048209,0.08403361344537816,0.11322423706324636,0.102609464838567,0.06678460858027421,0.14064573197700134,0.13578062804068997,0.09287925696594428,0.12295444493586909,0.11897390535161433,0.08270676691729323,0.12206988058381248,0.11233967271118973,0.08845643520566121,0.13401149933657674,0.10437859354268023,0.07120743034055728,0.0946483856700575,0.16629809818664307,0.07961079168509509,0.10128261831048209,0.06722689075630252,0.08580274214949138,0.09730207872622733,0.11145510835913312,0.09862892525431226,0.1017249004865104,0.0871295886775763,0.11941618752764263,0.05307386112339673,0.09597523219814241,0.08447589562140646,0.06191950464396285,0.08403361344537816,0.1167624944714728,0.10437859354268023,0.10659000442282177,0.06457319770013269,0.059708093763821316,0.06634232640424591,0.09111012826183104,0.05661211853162318,0.09862892525431226,0.09022556390977443,0.12030075187969924,0.07518796992481203,0.10614772224679346,0.07120743034055728,0.07164971251658558,0.09641751437417072,0.09553295002211411,0.10703228659885007,0.09287925696594428,0.08668730650154799,0.06103494029190624,0.08182220256523662,0.062361786819991154,0.06722689075630252,0.08447589562140646,0.07828394515701018,0.06457319770013269,0.08359133126934984,0.06501547987616099,0.08093763821318001,0.04290137107474569,0.07563025210084033,0.1021671826625387,0.16231755860238833,0.08093763821318001,0.0734188412206988,0.08093763821318001,0.0659000442282176,0.06457319770013269,0.06103494029190624,0.05042016806722689,0.06324635117204777,0.06413091552410438,0.08226448474126492,0.06722689075630252,0.08093763821318001,0.07120743034055728,0.05572755417956656,0.09862892525431226,0.053516143299425036,0.0734188412206988,0.053516143299425036,0.04909332153914197,0.0950906678460858,0.06368863334807608,0.05395842547545334,0.06324635117204777,0.06899601946041574,0.0729765590446705,0.11012826183104821,0.07784166298098187,0.06368863334807608,0.07916850950906679,0.07386112339672711,0.047766475011057054,0.06988058381247236,0.05616983635559487,0.058823529411764705,0.08934099955771782,0.06324635117204777,0.06855373728438743,0.03494029190623618,0.08845643520566121,0.05749668288367979,0.09022556390977443,0.03538257408226449,0.08580274214949138,0.10570544007076514,0.07164971251658558,0.05263157894736842,0.08668730650154799,0.09907120743034056,0.06766917293233082,0.09641751437417072,0.0804953560371517,0.0508624502432552,0.043343653250773995,0.039805395842547546,0.0513047324192835,0.07386112339672711,0.04820875718708536,0.057054400707651484,0.05395842547545334,0.07164971251658558,0.02830605926581159,0.05484298982750995,0.04157452454666077,0.058823529411764705,0.06855373728438743,0.06147722246793454,0.08226448474126492,0.0508624502432552,0.03936311366651924,0.054400707651481646,0.04201680672268908,0.06722689075630252,0.045112781954887216,0.06899601946041574,0.09818664307828394,0.057054400707651484,0.058823529411764705,0.03715170278637771,0.057054400707651484,0.04290137107474569,0.0508624502432552,0.05395842547545334,0.06678460858027421,0.03759398496240601,0.04467049977885891,0.034055727554179564,0.06103494029190624,0.05616983635559487,0.05926581158779301,0.05174701459531181,0.06988058381247236,0.05749668288367979,0.1017249004865104,0.06368863334807608,0.054400707651481646,0.06811145510835913,0.03759398496240601,0.04201680672268908,0.06457319770013269,0.04820875718708536,0.0362671384343211,0.045112781954887216,0.0583812472357364,0.048651039363113664,0.06059265811587793,0.05395842547545334,0.07386112339672711,0.05174701459531181,0.059708093763821316,0.038920831490490936,0.04290137107474569,0.053516143299425036,0.03140203449800973,0.055285272003538256,0.04290137107474569,0.045112781954887216,0.03715170278637771,0.044228217602830605,0.06147722246793454,0.05749668288367979,0.040689960194604156,0.06324635117204777,0.03140203449800973,0.0367094206103494,0.043343653250773995,0.02830605926581159,0.05263157894736842,0.03449800973020787,0.042459088898717384,0.04555506413091552,0.04157452454666077,0.013710747456877488,0.12295444493586909,0.04290137107474569,0.04953560371517028,0.03007518796992481,0.04820875718708536,0.047766475011057054,0.06943830163644406,0.03184431667403804,0.0729765590446705,0.03361344537815126,0.04643962848297214,0.028748341441839895,0.06457319770013269,0.03494029190623618,0.03449800973020787,0.03803626713843432,0.03847854931446263,0.03803626713843432,0.06413091552410438,0.042459088898717384,0.04732419283502875,0.043343653250773995,0.03228659885006634,0.0508624502432552,0.06191950464396285,0.02565236620964175,0.03715170278637771,0.0734188412206988,0.02786377708978328,0.04555506413091552,0.0437859354268023,0.039805395842547546,0.04555506413091552,0.04555506413091552,0.04113224237063246,0.07607253427686864,0.026536930561698365,0.0437859354268023,0.028748341441839895,0.01901813356921716,0.030959752321981424,0.06722689075630252,0.022998673153471916,0.038920831490490936,0.03361344537815126,0.02830605926581159,0.028748341441839895,0.04953560371517028,0.03803626713843432,0.0291906236178682
nh0176,1.0,0.849093581577658,0.5203331700146987,0.4272415482606565,0.49093581577658013,0.487016168544831,0.3968642822146007,0.28662420382165604,0.3165115139637433,0.26261636452719256,0.25526702596766293,0.2778049975502205,0.3410093091621754,0.3297403233708966,0.2484076433121019,0.26849583537481625,0.28123468887800096,0.27094561489465946,0.2381185693287604,0.2449779519843214,0.2346888780009799,0.2346888780009799,0.20578147966683,0.20578147966683,0.21068103870651642,0.17687408133268007,0.24007839294463498,0.20333170014698676,0.2596766291033807,0.2253797158255757,0.1396374326310632,0.2013718765311122,0.18373346398824106,0.1945124938755512,0.18324350808427242,0.2596766291033807,0.16903478686918177,0.18177364037236649,0.13914747672709457,0.15041646251837335,0.22635962763351297,0.185203331700147,0.16070553650171485,0.13326800587947085,0.144047035766781,0.09015188633023027,0.10485056344928956,0.10828025477707007,0.09211170994610485,0.13571778539931406,0.0984811366976972,0.11807937285644292,0.11024007839294464,0.1293483586477217,0.19500244977951983,0.15580597746202843,0.15727584517393434,0.10142087212150906,0.1087702106810387,0.12493875551200392,0.16609505144536993,0.10387065164135229,0.13032827045565898,0.12444879960803527,0.14159725624693778,0.16854483096521314,0.15531602155805976,0.08623223909848114,0.08035276825085742,0.11073003429691328,0.11170994610485056,0.11121999020088193,0.1533561979421852,0.10387065164135229,0.13130818226359628,0.1567858892699657,0.12444879960803527,0.09015188633023027,0.14110730034296914,0.1474767270945615,0.14698677119059284,0.14208721215090642,0.14061734443900048,0.09015188633023027,0.09309162175404213,0.08623223909848114,0.12983831455169034,0.12346888780009799,0.11513963743263106,0.14551690347868693,0.10926016658500735,0.0847623713865752,0.10191082802547771,0.0950514453699167,0.1190592846643802,0.12738853503184713,0.10387065164135229,0.0984811366976972,0.10044096031357178,0.09309162175404213,0.07594316511513964,0.1268985791278785,0.09407153356197942,0.12297893189612935,0.06222439980401764,0.10142087212150906,0.08035276825085742,0.08574228319451249,0.06859382655561,0.10093091621754043,0.12199902008819206,0.08133268005879471,0.14943655071043607,0.10387065164135229,0.10142087212150906,0.11317981381675649,0.0847623713865752,0.03674669279764821,0.08721215090641843,0.08280254777070063,0.08133268005879471,0.11268985791278785,0.1063204311611955,0.09799118079372857,0.10828025477707007,0.09015188633023027,0.07839294463498285,0.09113179813816756,0.08770210681038706,0.061734443900048994,0.07496325330720235,0.08427241548260657,0.08182263596276335,0.06663400293973543,0.09211170994610485,0.08868201861832435,0.10387065164135229,0.08035276825085742,0.0881920627143557,0.07006369426751592,0.0641842234198922,0.1087702106810387,0.11464968152866242,0.07349338559529642,0.044585987261146494,0.06369426751592357,0.08525232729054386,0.06859382655561,0.05732484076433121,0.0984811366976972,0.03968642822146007,0.10044096031357178,0.09701126898579128,0.06516413522782949,0.08084272415482606,0.09407153356197942,0.0744732974032337,0.09407153356197942,0.0926016658500735,0.07398334149926507,0.049485546300832926,0.09211170994610485,0.06075453209211171,0.07300342969132778,0.0926016658500735,0.06859382655561,0.06859382655561,0.06663400293973543,0.0514453699167075,0.040666340029397355,0.14355707986281235,0.06222439980401764,0.06320431161195493,0.0788829005389515,0.08770210681038706,0.07153356197942186,0.07300342969132778,0.049485546300832926,0.07398334149926507,0.07790298873101421,0.07104360607545321,0.04654581087702107,0.08329250367466928,0.0847623713865752,0.05536501714845664,0.03576678098971093,0.09995100440960314,0.04899559039686428,0.04703576678098971,0.0583047525722685,0.048015678588927,0.059284664380205784,0.06516413522782949,0.06075453209211171,0.04850563449289564,0.030377266046055854,0.08280254777070063,0.0926016658500735,0.05536501714845664,0.061734443900048994,0.06712395884370406,0.059284664380205784,0.09211170994610485,0.06859382655561,0.06810387065164135,0.03331700146986771,0.0514453699167075,0.08378245957863792,0.08280254777070063,0.08280254777070063,0.03674669279764821,0.057814796668299855,0.05389514943655071,0.05977462028417443,0.054875061244487995,0.07251347378735913,0.04654581087702107,0.059284664380205784,0.04899559039686428,0.10142087212150906,0.06859382655561,0.049485546300832926,0.07055365017148457,0.05977462028417443,0.04752572268495835,0.04311611954924057,0.05242528172464478,0.07300342969132778,0.054875061244487995,0.036256736893679566,0.06859382655561,0.082312591866732,0.06908378245957864,0.15384615384615385,0.06516413522782949,0.054875061244487995,0.05585497305242528,0.06320431161195493,0.0641842234198922,0.056344928956393925,0.07839294463498285,0.053405193532582065,0.06614404703576678,0.05438510534051935,0.06908378245957864,0.048015678588927,0.04311611954924057,0.04017638412542871,0.022048015678588925,0.03821656050955414,0.005389514943655071,0.07300342969132778,0.056344928956393925,0.0788829005389515,0.05536501714845664,0.20088192062714355,0.059284664380205784,0.07055365017148457,0.06614404703576678,0.05046545810877021,0.049485546300832926,0.05291523762861342,0.06075453209211171,0.05438510534051935,0.06075453209211171,0.05536501714845664,0.04899559039686428,0.04164625183733464,0.056344928956393925,0.04850563449289564,0.03331700146986771,0.07741303282704556,0.041156295933366,0.05242528172464478,0.05585497305242528,0.04703576678098971,0.04507594316511514,0.04899559039686428,0.06957373836354729,0.056344928956393925,0.07741303282704556,0.05291523762861342,0.053405193532582065,0.057814796668299855,0.07496325330720235,0.03331700146986771,0.033806957373836356,0.06124448799608035,0.03576678098971093,0.04850563449289564,0.05732484076433121,0.030867221950024497,0.06320431161195493,0.048015678588927,0.061734443900048994,0.0788829005389515,0.043606075453209214,0.0514453699167075,0.03135717785399314,0.04654581087702107
nh0177,1.0,0.6279819471308833,0.5003223726627982,0.29916183107672467,0.3520309477756286,0.329464861379755,0.30754352030947774,0.3475177304964539,0.2617666021921341,0.3127014829142489,0.218568665377176,0.2753062540296583,0.25274016763378465,0.24306898774983882,0.25983236621534495,0.2611218568665377,0.2933591231463572,0.19600257898130238,0.18375241779497098,0.21212121212121213,0.2308188265635074,0.20502901353965183,0.2720825274016763,0.21470019342359767,0.18762088974854932,0.17150225660863957,0.21147646679561574,0.16118633139909735,0.16376531270148292,0.1450676982591876,0.1773049645390071,0.13668600902643455,0.15473887814313347,0.16054158607350097,0.16118633139909735,0.15151515151515152,0.15473887814313347,0.14958091553836234,0.12637008381689233,0.14829142488716957,0.12121212121212122,0.13797549967762734,0.12959381044487428,0.1276595744680851,0.08704061895551257,0.1154094132817537,0.19148936170212766,0.1102514506769826,0.22179239200515796,0.1644100580270793,0.10767246937459704,0.12637008381689233,0.10831721470019343,0.11283043197936815,0.05673758865248227,0.0973565441650548,0.0973565441650548,0.10251450676982592,0.10186976144422953,0.13088330109606705,0.13668600902643455,0.1347517730496454,0.12959381044487428,0.1347517730496454,0.1154094132817537,0.10122501611863315,0.10831721470019343,0.10509348807221147,0.13733075435203096,0.11798839458413926,0.09219858156028368,0.0915538362346873,0.134107027724049,0.11411992263056092,0.12056737588652482,0.09800128949065119,0.11283043197936815,0.09090909090909091,0.13088330109606705,0.10058027079303675,0.09542230818826564,0.09026434558349453,0.1102514506769826,0.06769825918762089,0.10638297872340426,0.11089619600257898,0.08123791102514506,0.09671179883945841,0.08123791102514506,0.08317214700193423,0.08575112830431979,0.16247582205029013,0.09671179883945841,0.06447453255963895,0.07543520309477757,0.11218568665377177,0.08059316569954868,0.0915538362346873,0.07994842037395229,0.10122501611863315,0.09219858156028368,0.10573823339780787,0.10122501611863315,0.09413281753707285,0.1289490651192779,0.07865892972275951,0.09929078014184398,0.12637008381689233,0.09864603481624758,0.06834300451321727,0.08897485493230174,0.08446163765312702,0.11605415860735009,0.07479045776918117,0.0735009671179884,0.07607994842037395,0.08188265635074146,0.0851063829787234,0.07221147646679561,0.07285622179239201,0.0915538362346873,0.08704061895551257,0.0735009671179884,0.07221147646679561,0.08381689232753063,0.06834300451321727,0.07801418439716312,0.05609284332688588,0.08704061895551257,0.10444874274661509,0.059961315280464215,0.10509348807221147,0.06834300451321727,0.08317214700193423,0.04642166344294004,0.06640876853642812,0.08446163765312702,0.08961960025789813,0.06254029658284978,0.08252740167633785,0.06898774983881367,0.09929078014184398,0.0735009671179884,0.08252740167633785,0.11089619600257898,0.06511927788523533,0.06834300451321727,0.052869116698903935,0.06834300451321727,0.07607994842037395,0.039974210186976146,0.09348807221147647,0.05609284332688588,0.09219858156028368,0.1031592520954223,0.06447453255963895,0.06318504190844616,0.07801418439716312,0.06254029658284978,0.06834300451321727,0.049000644745325596,0.06898774983881367,0.09800128949065119,0.05673758865248227,0.06254029658284978,0.06447453255963895,0.0735009671179884,0.08188265635074146,0.058027079303675046,0.050934880722114766,0.0548033526756931,0.04771115409413282,0.07736943907156674,0.07994842037395229,0.036105738233397806,0.04448742746615087,0.07156673114119923,0.06382978723404255,0.05609284332688588,0.05351386202450032,0.037395228884590584,0.05415860735009671,0.06834300451321727,0.09542230818826564,0.04384268214055448,0.03868471953578337,0.027079303675048357,0.04577691811734365,0.041263700838168924,0.05544809800128949,0.04642166344294004,0.04964539007092199,0.04319793681495809,0.04577691811734365,0.06511927788523533,0.041908446163765316,0.04577691811734365,0.058027079303675046,0.0670535138620245,0.04964539007092199,0.061895551257253385,0.06834300451321727,0.06834300451321727,0.06834300451321727,0.05931656995486783,0.12443584784010316,0.059961315280464215,0.0548033526756931,0.05029013539651837,0.07736943907156674,0.05029013539651837,0.07607994842037395,0.06125080593165699,0.0425531914893617,0.04448742746615087,0.04061895551257253,0.05544809800128949,0.05351386202450032,0.036105738233397806,0.04771115409413282,0.07414571244358478,0.05544809800128949,0.050934880722114766,0.06769825918762089,0.048355899419729204,0.047066408768536426,0.05609284332688588,0.06060606060606061,0.05029013539651837,0.04642166344294004,0.04964539007092199,0.038039974210186976,0.041908446163765316,0.07221147646679561,0.05157962604771115,0.041908446163765316,0.04642166344294004,0.06834300451321727,0.0425531914893617,0.058027079303675046,0.04319793681495809,0.04964539007092199,0.02192134107027724,0.05738233397807866,0.04061895551257253,0.028368794326241134,0.0548033526756931,0.05222437137330754,0.029013539651837523,0.036105738233397806,0.059961315280464215,0.04319793681495809,0.04642166344294004,0.041263700838168924,0.06640876853642812,0.05931656995486783,0.039329464861379754,0.048355899419729204,0.047066408768536426,0.038039974210186976,0.0735009671179884,0.049000644745325596,0.06060606060606061,0.05738233397807866,0.04577691811734365,0.05673758865248227,0.03352675693101225,0.061895551257253385,0.03352675693101225,0.041263700838168924,0.06576402321083172,0.0367504835589942,0.04061895551257253,0.04771115409413282,0.039974210186976146,0.06125080593165699,0.029658284977433915,0.028368794326241134,0.047066408768536426,0.041908446163765316,0.04771115409413282,0.036105738233397806,0.03481624758220503,0.030303030303030304,0.06060606060606061,0.041908446163765316,0.05415860735009671,0.052869116698903935,0.039329464861379754,0.038039974210186976,0.037395228884590584,0.04513217279174726,0.029013539651837523,0.04964539007092199,0.029658284977433915,0.04061895551257253,0.04964539007092199,0.06060606060606061,0.04771115409413282,0.04448742746615087
nh0178,1.0,0.712241653418124,0.5357710651828299,0.3990461049284579,0.4864864864864865,0.4260731319554849,0.5135135135135135,0.4960254372019078,0.2575516693163752,0.21303656597774245,0.3815580286168522,0.22098569157392686,0.22098569157392686,0.28139904610492844,0.3656597774244833,0.3163751987281399,0.2686804451510334,0.2670906200317965,0.2082670906200318,0.2972972972972973,0.21144674085850557,0.2845786963434022,0.31160572337042924,0.16057233704292528,0.3052464228934817,0.23370429252782193,0.22575516693163752,0.1494435612082671,0.22416534181240064,0.246422893481717,0.2575516693163752,0.2384737678855326,0.21303656597774245,0.18282988871224165,0.1907790143084261,0.151033386327504,0.1685214626391097,0.14626391096979333,0.18282988871224165,0.13354531001589826,0.13354531001589826,0.24324324324324326,0.1573926868044515,0.14149443561208266,0.1589825119236884,0.2178060413354531,0.13990461049284578,0.10492845786963434,0.151033386327504,0.16057233704292528,0.1971383147853736,0.16057233704292528,0.11287758346581876,0.13990461049284578,0.1891891891891892,0.16375198728139906,0.1669316375198728,0.19236883942766295,0.07472178060413355,0.1287758346581876,0.20190779014308427,0.11446740858505565,0.13195548489666137,0.178060413354531,0.10810810810810811,0.11128775834658187,0.12082670906200318,0.13354531001589826,0.1287758346581876,0.1573926868044515,0.06041335453100159,0.178060413354531,0.09220985691573927,0.13036565977742448,0.13195548489666137,0.1573926868044515,0.07631160572337042,0.17965023847376788,0.11446740858505565,0.10651828298887123,0.10810810810810811,0.10651828298887123,0.06995230524642289,0.11128775834658187,0.10651828298887123,0.08426073131955485,0.09220985691573927,0.1478537360890302,0.13513513513513514,0.06677265500794913,0.12559618441971382,0.10969793322734499,0.09220985691573927,0.0985691573926868,0.06677265500794913,0.09697933227344992,0.10174880763116058,0.05564387917329094,0.08744038155802862,0.09379968203497616,0.06359300476947535,0.09697933227344992,0.09538950715421304,0.151033386327504,0.09697933227344992,0.10333863275039745,0.1907790143084261,0.12400635930047695,0.1383147853736089,0.10969793322734499,0.10492845786963434,0.09062003179650238,0.13990461049284578,0.10492845786963434,0.13513513513513514,0.1589825119236884,0.1383147853736089,0.04292527821939587,0.11446740858505565,0.10174880763116058,0.06677265500794913,0.12241653418124006,0.057233704292527825,0.09062003179650238,0.05564387917329094,0.15580286168521462,0.11128775834658187,0.08267090620031796,0.06836248012718601,0.09062003179650238,0.07472178060413355,0.12559618441971382,0.11128775834658187,0.04769475357710652,0.07631160572337042,0.11446740858505565,0.10651828298887123,0.025437201907790145,0.07313195548489666,0.10492845786963434,0.10969793322734499,0.06200317965023847,0.11446740858505565,0.057233704292527825,0.09062003179650238,0.07154213036565978,0.09062003179650238,0.0890302066772655,0.13036565977742448,0.10492845786963434,0.08744038155802862,0.0985691573926868,0.10174880763116058,0.10015898251192369,0.058823529411764705,0.06677265500794913,0.09538950715421304,0.06836248012718601,0.06995230524642289,0.08585055643879173,0.07313195548489666,0.0794912559618442,0.08744038155802862,0.08108108108108109,0.09062003179650238,0.06041335453100159,0.06041335453100159,0.033386327503974564,0.058823529411764705,0.057233704292527825,0.15262321144674085,0.0492845786963434,0.10810810810810811,0.09220985691573927,0.06995230524642289,0.06518282988871224,0.12400635930047695,0.0397456279809221,0.09538950715421304,0.10651828298887123,0.10015898251192369,0.07472178060413355,0.05087440381558029,0.04769475357710652,0.06359300476947535,0.03179650238473768,0.08267090620031796,0.03656597774244833,0.04769475357710652,0.0492845786963434,0.06677265500794913,0.09697933227344992,0.04451510333863275,0.10651828298887123,0.04451510333863275,0.06836248012718601,0.0492845786963434,0.08108108108108109,0.11287758346581876,0.057233704292527825,0.0794912559618442,0.08744038155802862,0.0492845786963434,0.06836248012718601,0.06041335453100159,0.07790143084260731,0.06677265500794913,0.05405405405405406,0.10810810810810811,0.06518282988871224,0.04451510333863275,0.06518282988871224,0.06200317965023847,0.08108108108108109,0.03815580286168521,0.06677265500794913,0.08426073131955485,0.0492845786963434,0.04292527821939587,0.11764705882352941,0.0492845786963434,0.06200317965023847,0.08267090620031796,0.07313195548489666,0.028616852146263912,0.02384737678855326,0.06041335453100159,0.0492845786963434,0.07472178060413355,0.10492845786963434,0.05564387917329094,0.06359300476947535,0.05246422893481717,0.05564387917329094,0.06200317965023847,0.03815580286168521,0.05564387917329094,0.0492845786963434,0.06359300476947535,0.046104928457869634,0.030206677265500796,0.06518282988871224,0.058823529411764705,0.06041335453100159,0.08744038155802862,0.06836248012718601,0.06677265500794913,0.05087440381558029,0.025437201907790145,0.07154213036565978,0.01589825119236884,0.057233704292527825,0.030206677265500796,0.03179650238473768,0.033386327503974564,0.028616852146263912,0.06995230524642289,0.06836248012718601,0.04451510333863275,0.05087440381558029,0.05246422893481717,0.08267090620031796,0.06359300476947535,0.06518282988871224,0.0397456279809221,0.0492845786963434,0.04769475357710652,0.07631160572337042,0.033386327503974564,0.033386327503974564,0.046104928457869634,0.07790143084260731,0.06995230524642289,0.046104928457869634,0.04769475357710652,0.03656597774244833,0.05405405405405406,0.07631160572337042,0.07313195548489666,0.05087440381558029,0.06836248012718601,0.06518282988871224,0.11605723370429252,0.05087440381558029,0.04292527821939587,0.02384737678855326,0.05405405405405406,0.08267090620031796,0.06677265500794913,0.06200317965023847,0.0794912559618442,0.02384737678855326,0.05405405405405406,0.03815580286168521,0.04133545310015898,0.06041335453100159,0.028616852146263912,0.07313195548489666,0.08744038155802862,0.07313195548489666
nh0179,1.0,0.6446239273094396,0.668854114083796,0.4851085310449268,0.3558808682483594,0.3831398283695103,0.5053003533568905,0.5916203937405351,0.29328621908127206,0.34729934376577487,0.30540131246845026,0.3341746592629985,0.36395759717314485,0.24280666330136294,0.41241797072185765,0.2670368500757193,0.36547198384654217,0.20797576981322563,0.204442200908632,0.2690560323069157,0.2725896012115093,0.20242301867743565,0.2942958101968703,0.2392730943967693,0.254416961130742,0.2968197879858657,0.1867743563856638,0.19030792529025745,0.1918223119636547,0.19485108531044926,0.22110045431600203,0.14033316506814741,0.22614840989399293,0.1292276627965674,0.18475517415446743,0.17213528520949015,0.14790509843513377,0.14336193841494194,0.17768803634528016,0.1696113074204947,0.1413427561837456,0.09490156486622918,0.14790509843513377,0.15396264512872287,0.13427561837455831,0.1453811206461383,0.09540636042402827,0.12518929833417466,0.1408379606259465,0.10752145381120647,0.12619888944977284,0.14992428066633012,0.16052498738011106,0.1458859162039374,0.09439676930843009,0.14336193841494194,0.10954063604240283,0.11357900050479555,0.11408379606259465,0.1458859162039374,0.15295305401312467,0.14941948510853104,0.1696113074204947,0.13427561837455831,0.1347804139323574,0.127208480565371,0.08278647147905098,0.1807168096920747,0.10297829379101464,0.09793033821302373,0.12317011610297829,0.12014134275618374,0.10348308934881373,0.12216052498738011,0.13629480060575466,0.1166077738515901,0.09793033821302373,0.05906108026249369,0.15042907622412924,0.09641595153962645,0.14487632508833923,0.12619888944977284,0.12014134275618374,0.09994952044422009,0.11812216052498738,0.13629480060575466,0.1393235739525492,0.1171125694093892,0.13175164058556285,0.10701665825340737,0.12821807168096921,0.11812216052498738,0.127208480565371,0.10045431600201918,0.1292276627965674,0.07521453811206462,0.16809692074709742,0.09389197375063099,0.12468450277637556,0.14992428066633012,0.11610297829379101,0.08682483594144372,0.11610297829379101,0.09439676930843009,0.11357900050479555,0.1110550227158001,0.08632004038364463,0.08329126703685008,0.09994952044422009,0.11256940938919738,0.0636042402826855,0.104997476022211,0.099444724886421,0.09035840484603735,0.1292276627965674,0.10398788490661282,0.05603230691569914,0.06764260474507824,0.08480565371024736,0.07521453811206462,0.0873296314992428,0.12115093387178193,0.08076728924785462,0.07975769813225643,0.10398788490661282,0.053003533568904596,0.07319535588086824,0.09591115598182735,0.09591115598182735,0.12367491166077739,0.06309944472488642,0.07218576476527007,0.08228167592125189,0.04745078243311459,0.06814740030287733,0.0873296314992428,0.09692074709742554,0.06511862695608278,0.07521453811206462,0.08783442705704189,0.11812216052498738,0.06764260474507824,0.08632004038364463,0.07470974255426552,0.09288238263503282,0.06208985360928824,0.10398788490661282,0.0933871781928319,0.09136799596163554,0.03937405350832913,0.11610297829379101,0.06208985360928824,0.07723372034326098,0.12317011610297829,0.0706713780918728,0.07824331145885917,0.09035840484603735,0.09692074709742554,0.05451792024230187,0.10398788490661282,0.12973245835436648,0.06108026249369006,0.09136799596163554,0.09490156486622918,0.0706713780918728,0.08228167592125189,0.05653710247349823,0.0989399293286219,0.041898031297324584,0.08430085815244825,0.04442200908632004,0.07622412922766279,0.11004543160020192,0.06764260474507824,0.04038364462392731,0.08531044926804644,0.0817768803634528,0.0636042402826855,0.07319535588086824,0.11206461383139828,0.07269056032306916,0.06208985360928824,0.07773851590106007,0.05906108026249369,0.057041898031297326,0.08783442705704189,0.04543160020191822,0.06612821807168097,0.05451792024230187,0.10752145381120647,0.041898031297324584,0.1352852094901565,0.048965169106511865,0.06410903584048461,0.0757193336698637,0.05754669358909641,0.0812720848056537,0.04644119131751641,0.07723372034326098,0.06007067137809187,0.048965169106511865,0.07016658253407371,0.053003533568904596,0.06208985360928824,0.05451792024230187,0.06915699141847552,0.046945986875315496,0.04442200908632004,0.042907622412922765,0.08228167592125189,0.014134275618374558,0.0585562847046946,0.05956587582029278,0.05451792024230187,0.08480565371024736,0.10247349823321555,0.03685007571933367,0.07319535588086824,0.05451792024230187,0.06259464916708733,0.05552751135790005,0.06057546693589096,0.044926804644119134,0.044926804644119134,0.061585058051489144,0.05603230691569914,0.05552751135790005,0.05148914689550732,0.06915699141847552,0.05754669358909641,0.04240282685512368,0.05199394245330641,0.06057546693589096,0.057041898031297326,0.04644119131751641,0.05552751135790005,0.05603230691569914,0.06612821807168097,0.05653710247349823,0.04946996466431095,0.04644119131751641,0.039878849066128215,0.03836446239273095,0.057041898031297326,0.02978293791014639,0.05098435133770823,0.08480565371024736,0.0408884401817264,0.07016658253407371,0.03382130237253912,0.02624936900555275,0.07370015143866734,0.07218576476527007,0.05401312468450278,0.04240282685512368,0.044926804644119134,0.06915699141847552,0.0408884401817264,0.07319535588086824,0.06713780918727916,0.06259464916708733,0.1226653205451792,0.038869257950530034,0.06713780918727916,0.04846037354871277,0.023725391216557295,0.05401312468450278,0.03836446239273095,0.0524987380111055,0.041898031297324584,0.06663301362948006,0.0696617869762746,0.02624936900555275,0.04946996466431095,0.048965169106511865,0.05098435133770823,0.03230691569914185,0.04341241797072186,0.06208985360928824,0.05451792024230187,0.04038364462392731,0.06007067137809187,0.049974760222110046,0.0585562847046946,0.03634528016153458,0.08076728924785462,0.07319535588086824,0.0585562847046946,0.04846037354871277,0.053003533568904596,0.06007067137809187,0.03836446239273095,0.043917213528520946,0.05603230691569914,0.03230691569914185,0.04745078243311459,0.03634528016153458,0.053003533568904596,0.03634528016153458,0.019687026754164564
nh0180,1.0,0.6203921568627451,0.4888235294117647,0.34980392156862744,0.24549019607843137,0.3643137254901961,0.27666666666666667,0.20823529411764705,0.2107843137254902,0.22588235294117648,0.1684313725490196,0.266078431372549,0.2447058823529412,0.2252941176470588,0.16392156862745097,0.19470588235294117,0.2103921568627451,0.2523529411764706,0.21411764705882352,0.24862745098039216,0.18529411764705883,0.2235294117647059,0.22686274509803922,0.21098039215686273,0.14019607843137255,0.15098039215686274,0.17745098039215687,0.18901960784313726,0.1380392156862745,0.13745098039215686,0.16666666666666666,0.2080392156862745,0.1384313725490196,0.10764705882352942,0.17568627450980392,0.12176470588235294,0.15294117647058825,0.14568627450980393,0.1331372549019608,0.14784313725490197,0.12450980392156863,0.14450980392156862,0.08392156862745098,0.12745098039215685,0.13294117647058823,0.07647058823529412,0.09274509803921568,0.09627450980392156,0.058823529411764705,0.09470588235294118,0.09215686274509804,0.09352941176470589,0.10019607843137254,0.11,0.09529411764705882,0.10647058823529412,0.1388235294117647,0.09509803921568627,0.07254901960784314,0.10941176470588235,0.08803921568627451,0.09058823529411765,0.09235294117647058,0.1188235294117647,0.1084313725490196,0.10137254901960785,0.1380392156862745,0.07627450980392157,0.09529411764705882,0.1007843137254902,0.1103921568627451,0.13372549019607843,0.06745098039215686,0.1192156862745098,0.08470588235294117,0.11098039215686274,0.08078431372549019,0.08215686274509804,0.08784313725490196,0.06549019607843137,0.06156862745098039,0.06274509803921569,0.060980392156862746,0.13392156862745097,0.08,0.06588235294117648,0.08705882352941176,0.09607843137254903,0.049215686274509805,0.05725490196078432,0.06607843137254903,0.050980392156862744,0.09490196078431372,0.07450980392156863,0.0780392156862745,0.07254901960784314,0.05941176470588235,0.05745098039215686,0.06274509803921569,0.08901960784313726,0.07176470588235294,0.07490196078431373,0.06509803921568627,0.10666666666666667,0.037450980392156864,0.11235294117647059,0.050980392156862744,0.08058823529411764,0.05392156862745098,0.0688235294117647,0.07666666666666666,0.07568627450980392,0.08137254901960785,0.0884313725490196,0.04843137254901961,0.0711764705882353,0.07176470588235294,0.03372549019607843,0.08647058823529412,0.1007843137254902,0.09156862745098039,0.07274509803921568,0.04784313725490196,0.08137254901960785,0.06254901960784313,0.0892156862745098,0.08627450980392157,0.05627450980392157,0.08235294117647059,0.0488235294117647,0.04549019607843137,0.05941176470588235,0.09588235294117647,0.07098039215686275,0.04588235294117647,0.09235294117647058,0.08392156862745098,0.052941176470588235,0.07509803921568628,0.05803921568627451,0.06333333333333334,0.06196078431372549,0.11196078431372548,0.05941176470588235,0.039411764705882354,0.06666666666666667,0.057058823529411766,0.08607843137254902,0.052941176470588235,0.0780392156862745,0.05058823529411765,0.04607843137254902,0.06254901960784313,0.05803921568627451,0.08549019607843138,0.04686274509803921,0.06,0.04823529411764706,0.0688235294117647,0.06627450980392156,0.05372549019607843,0.05803921568627451,0.050980392156862744,0.06372549019607843,0.05784313725490196,0.0803921568627451,0.0603921568627451,0.054705882352941174,0.059803921568627454,0.05078431372549019,0.06725490196078432,0.05019607843137255,0.0792156862745098,0.04686274509803921,0.056862745098039215,0.04372549019607843,0.04392156862745098,0.08803921568627451,0.06568627450980392,0.04823529411764706,0.05078431372549019,0.05352941176470588,0.03431372549019608,0.06313725490196079,0.07098039215686275,0.053137254901960786,0.04470588235294118,0.03686274509803922,0.050980392156862744,0.056862745098039215,0.05392156862745098,0.041372549019607845,0.03,0.05058823529411765,0.056666666666666664,0.03980392156862745,0.04392156862745098,0.03784313725490196,0.09705882352941177,0.04274509803921569,0.03372549019607843,0.03803921568627451,0.04019607843137255,0.05235294117647059,0.0407843137254902,0.04392156862745098,0.05784313725490196,0.03862745098039216,0.03901960784313725,0.040392156862745096,0.05921568627450981,0.028823529411764706,0.041176470588235294,0.07725490196078431,0.061764705882352944,0.04686274509803921,0.08411764705882353,0.035490196078431374,0.06764705882352941,0.04215686274509804,0.05078431372549019,0.04490196078431372,0.03411764705882353,0.06294117647058824,0.05333333333333334,0.04764705882352941,0.04392156862745098,0.029019607843137254,0.035490196078431374,0.06215686274509804,0.05568627450980392,0.04803921568627451,0.04019607843137255,0.0488235294117647,0.05254901960784314,0.06254901960784313,0.024705882352941175,0.03686274509803922,0.06980392156862746,0.05196078431372549,0.039411764705882354,0.039411764705882354,0.07647058823529412,0.025490196078431372,0.05450980392156863,0.03588235294117647,0.03470588235294118,0.06901960784313725,0.04058823529411765,0.041176470588235294,0.000784313725490196,0.05568627450980392,0.038431372549019606,0.04254901960784314,0.0407843137254902,0.02607843137254902,0.029215686274509805,0.04156862745098039,0.022745098039215685,0.03980392156862745,0.06019607843137255,0.027254901960784315,0.05274509803921568,0.03196078431372549,0.03823529411764706,0.03529411764705882,0.04254901960784314,0.03666666666666667,0.049215686274509805,0.03411764705882353,0.02823529411764706,0.04392156862745098,0.053137254901960786,0.0603921568627451,0.04294117647058823,0.043333333333333335,0.04764705882352941,0.056666666666666664,0.031176470588235295,0.032745098039215687,0.03137254901960784,0.030392156862745098,0.026470588235294117,0.02196078431372549,0.04196078431372549,0.047058823529411764,0.03784313725490196,0.050980392156862744,0.01980392156862745,0.047058823529411764,0.026470588235294117,0.03823529411764706,0.03627450980392157,0.03333333333333333,0.03372549019607843,0.03568627450980392,0.05215686274509804,0.050980392156862744,0.03568627450980392,0.04352941176470588
nh0181,1.0,0.5954724409448819,0.5226377952755905,0.40223097112860895,0.5551181102362205,0.4509514435695538,0.35088582677165353,0.18110236220472442,0.2491797900262467,0.2020997375328084,0.22736220472440946,0.2616469816272966,0.2854330708661417,0.28510498687664043,0.1579724409448819,0.21341863517060367,0.24786745406824148,0.3257874015748031,0.213746719160105,0.2544291338582677,0.1968503937007874,0.22129265091863518,0.2039041994750656,0.2047244094488189,0.16322178477690288,0.1369750656167979,0.17732939632545933,0.20948162729658792,0.21883202099737534,0.14435695538057744,0.1679790026246719,0.21653543307086615,0.14550524934383202,0.12549212598425197,0.21866797900262466,0.17683727034120736,0.15223097112860892,0.1830708661417323,0.13418635170603674,0.11958661417322834,0.14763779527559054,0.1519028871391076,0.1519028871391076,0.15616797900262466,0.13730314960629922,0.08595800524934383,0.09760498687664042,0.08841863517060368,0.08136482939632546,0.19586614173228348,0.09662073490813648,0.12516404199475065,0.12434383202099737,0.10121391076115485,0.1950459317585302,0.12286745406824147,0.15370734908136482,0.07201443569553806,0.08284120734908136,0.09990157480314961,0.19963910761154854,0.0864501312335958,0.11089238845144357,0.151246719160105,0.1328740157480315,0.12992125984251968,0.12680446194225722,0.10022965879265092,0.09022309711286089,0.12959317585301838,0.09268372703412074,0.14468503937007873,0.12844488188976377,0.12417979002624673,0.08874671916010499,0.10203412073490814,0.10433070866141732,0.09530839895013124,0.07939632545931759,0.14206036745406825,0.09957349081364829,0.09350393700787402,0.08349737532808399,0.11138451443569554,0.07660761154855643,0.1223753280839895,0.072998687664042,0.12565616797900261,0.13139763779527558,0.0707020997375328,0.10301837270341208,0.06824146981627296,0.06955380577427822,0.07742782152230972,0.07906824146981627,0.10170603674540682,0.07742782152230972,0.07398293963254593,0.0759514435695538,0.10269028871391075,0.08431758530183726,0.0797244094488189,0.0636482939632546,0.10170603674540682,0.04625984251968504,0.12221128608923884,0.06906167979002625,0.13336614173228348,0.06725721784776903,0.0692257217847769,0.08530183727034121,0.07250656167979003,0.08530183727034121,0.09481627296587926,0.06758530183727034,0.08464566929133858,0.08546587926509186,0.020341207349081365,0.10236220472440945,0.1332020997375328,0.1051509186351706,0.09120734908136482,0.07824803149606299,0.07627952755905512,0.0651246719160105,0.09301181102362205,0.08628608923884515,0.06118766404199475,0.07578740157480315,0.05610236220472441,0.0639763779527559,0.0662729658792651,0.09383202099737532,0.0531496062992126,0.05495406824146982,0.08940288713910761,0.08218503937007875,0.06496062992125984,0.06824146981627296,0.06758530183727034,0.06873359580052493,0.08891076115485565,0.09038713910761155,0.05282152230971129,0.02575459317585302,0.05905511811023622,0.06988188976377953,0.06971784776902887,0.05561023622047244,0.08464566929133858,0.04429133858267716,0.04215879265091863,0.05921916010498687,0.04904855643044619,0.0797244094488189,0.058727034120734906,0.0744750656167979,0.043799212598425195,0.058070866141732284,0.06791338582677166,0.07398293963254593,0.072998687664042,0.0505249343832021,0.05610236220472441,0.05954724409448819,0.0797244094488189,0.04937664041994751,0.049868766404199474,0.040354330708661415,0.05085301837270341,0.10022965879265092,0.09629265091863518,0.05626640419947507,0.05003280839895013,0.08562992125984252,0.054625984251968504,0.08005249343832022,0.09104330708661418,0.056758530183727035,0.05183727034120735,0.08398950131233596,0.05692257217847769,0.04101049868766404,0.07086614173228346,0.09366797900262468,0.056594488188976375,0.09169947506561679,0.06561679790026247,0.0654527559055118,0.039041994750656166,0.06988188976377953,0.04937664041994751,0.04330708661417323,0.037729658792650916,0.0583989501312336,0.037729658792650916,0.07201443569553806,0.03264435695538058,0.0718503937007874,0.04215879265091863,0.05003280839895013,0.04675196850393701,0.05774278215223097,0.048556430446194225,0.045931758530183726,0.024606299212598427,0.04937664041994751,0.029691601049868767,0.04773622047244094,0.0411745406824147,0.04888451443569554,0.02312992125984252,0.04740813648293963,0.062171916010498686,0.10301837270341208,0.043799212598425195,0.09383202099737532,0.04872047244094488,0.05708661417322835,0.056594488188976375,0.05692257217847769,0.048556430446194225,0.05101706036745407,0.058891076115485566,0.05216535433070866,0.05561023622047244,0.05183727034120735,0.039698162729658794,0.03543307086614173,0.04019028871391076,0.042486876640419946,0.040518372703412076,0.05134514435695538,0.043799212598425195,0.05265748031496063,0.06414041994750656,0.029855643044619424,0.03034776902887139,0.05216535433070866,0.05446194225721785,0.038385826771653545,0.03789370078740158,0.047244094488188976,0.06430446194225722,0.08316929133858268,0.0359251968503937,0.029035433070866142,0.05954724409448819,0.039206036745406826,0.044455380577427824,0.0008202099737532808,0.09481627296587926,0.04232283464566929,0.04806430446194226,0.04625984251968504,0.037073490813648295,0.03986220472440945,0.036909448818897635,0.02345800524934383,0.04822834645669291,0.06332020997375327,0.027230971128608925,0.07923228346456693,0.0505249343832021,0.03658136482939633,0.04904855643044619,0.04872047244094488,0.04068241469816273,0.05019685039370079,0.04904855643044619,0.022473753280839896,0.0411745406824147,0.03756561679790026,0.06282808398950131,0.0385498687664042,0.047244094488188976,0.05232939632545932,0.056594488188976375,0.027559055118110236,0.05561023622047244,0.04609580052493438,0.05232939632545932,0.042486876640419946,0.03133202099737533,0.08973097112860892,0.046587926509186355,0.03658136482939633,0.06479658792650919,0.03280839895013123,0.04412729658792651,0.036253280839895013,0.03248031496062992,0.056594488188976375,0.037073490813648295,0.06053149606299212,0.03346456692913386,0.057250656167979,0.06085958005249344,0.050688976377952756,0.03280839895013123
nh0182,1.0,0.5331773127753304,0.44754955947136565,0.3222742290748899,0.1696035242290749,0.28152533039647576,0.30547907488986786,0.15280837004405287,0.2272852422907489,0.21462004405286345,0.1573513215859031,0.23692180616740088,0.21448237885462554,0.1902533039647577,0.11233480176211454,0.17965308370044053,0.2064977973568282,0.17676211453744495,0.19273127753303965,0.16244493392070486,0.16272026431718062,0.24903634361233482,0.20759911894273128,0.18405837004405287,0.12004405286343613,0.11963105726872247,0.15005506607929514,0.2018171806167401,0.08177312775330396,0.12568832599118943,0.1411068281938326,0.2385737885462555,0.16698788546255505,0.10435022026431719,0.13009361233480177,0.12844162995594713,0.1488160792951542,0.13105726872246695,0.1419328193832599,0.11976872246696035,0.15143171806167402,0.11866740088105728,0.07337555066079295,0.0861784140969163,0.07461453744493392,0.10200991189427312,0.07488986784140969,0.10572687224669604,0.047081497797356826,0.05878303964757709,0.09622797356828194,0.09251101321585903,0.09829295154185022,0.07984581497797356,0.0605726872246696,0.09375,0.1797907488986784,0.08493942731277533,0.07695484581497797,0.0898953744493392,0.0700715859030837,0.05974669603524229,0.08727973568281938,0.08604074889867841,0.10848017621145374,0.12265969162995595,0.13147026431718062,0.05506607929515418,0.08879405286343613,0.09209801762114538,0.06773127753303965,0.10971916299559471,0.08080947136563876,0.09251101321585903,0.07254955947136564,0.09485132158590308,0.0700715859030837,0.08535242290748898,0.07310022026431719,0.06015969162995595,0.05093612334801762,0.04914647577092511,0.07186123348017621,0.08301211453744493,0.07998348017621146,0.09911894273127753,0.10545154185022027,0.06662995594713657,0.044465859030837,0.0719988986784141,0.07131057268722467,0.03579295154185022,0.09609030837004405,0.0719988986784141,0.06690528634361234,0.08686674008810573,0.07557819383259912,0.07764317180616741,0.053551762114537445,0.07406387665198239,0.059609030837004404,0.08287444933920705,0.0615363436123348,0.07089757709251102,0.028909691629955946,0.0927863436123348,0.044741189427312776,0.06373898678414097,0.042400881057268726,0.054102422907488984,0.07227422907488987,0.06401431718061674,0.06841960352422907,0.0644273127753304,0.04653083700440529,0.05726872246696035,0.11398678414096916,0.022164096916299558,0.09388766519823788,0.08920704845814978,0.06002202643171806,0.07736784140969163,0.03248898678414097,0.0625,0.047494493392070486,0.08108480176211454,0.0681442731277533,0.06773127753303965,0.07447687224669604,0.06511563876651982,0.039234581497797356,0.042951541850220265,0.05162444933920705,0.07254955947136564,0.04611784140969163,0.054928414096916296,0.06484030837004405,0.05093612334801762,0.0652533039647577,0.055341409691629956,0.03992290748898678,0.0662169603524229,0.08301211453744493,0.06470264317180617,0.03262665198237885,0.07557819383259912,0.05011013215859031,0.06387665198237885,0.056855726872246694,0.05561674008810573,0.049421806167400884,0.04955947136563876,0.05162444933920705,0.041987885462555066,0.07365088105726872,0.041987885462555066,0.07915748898678414,0.04157488986784141,0.0625,0.05217511013215859,0.048458149779735685,0.061398678414096915,0.04873348017621145,0.05327643171806167,0.06126101321585903,0.07062224669603524,0.049284140969163,0.0710352422907489,0.04419052863436124,0.03593061674008811,0.043915198237885464,0.04157488986784141,0.03496696035242291,0.04556718061674009,0.04460352422907489,0.035104625550660795,0.03758259911894273,0.08053414096916299,0.044465859030837,0.04887114537444934,0.05038546255506608,0.05713105726872247,0.020236784140969164,0.04873348017621145,0.03661894273127753,0.03937224669603524,0.022990088105726874,0.03551762114537445,0.03593061674008811,0.04047356828193833,0.043915198237885464,0.058094713656387666,0.03634361233480176,0.06194933920704846,0.06456497797356828,0.04859581497797357,0.03813325991189427,0.051349118942731274,0.041161894273127754,0.04460352422907489,0.04515418502202643,0.03895925110132158,0.040748898678414094,0.03992290748898678,0.04267621145374449,0.025605726872246697,0.06497797356828194,0.02753303964757709,0.05052312775330396,0.037995594713656385,0.03427863436123348,0.03152533039647577,0.0302863436123348,0.053138766519823785,0.04501651982378855,0.021062775330396476,0.05424008810572687,0.033314977973568284,0.05974669603524229,0.03868392070484582,0.03551762114537445,0.04363986784140969,0.04308920704845815,0.046255506607929514,0.042538546255506605,0.04859581497797357,0.04363986784140969,0.028083700440528634,0.03730726872246696,0.036068281938325994,0.05382709251101322,0.04212555066079295,0.046668502202643174,0.0483204845814978,0.0302863436123348,0.036894273127753306,0.04143722466960353,0.039647577092511016,0.025330396475770924,0.055754405286343615,0.026018722466960353,0.03482929515418502,0.0729625550660793,0.02519273127753304,0.04281387665198238,0.03303964757709251,0.02822136563876652,0.04515418502202643,0.02918502202643172,0.04129955947136564,0.0004129955947136564,0.03992290748898678,0.03524229074889868,0.03758259911894273,0.052588105726872246,0.027670704845814978,0.024366740088105725,0.03386563876651982,0.01968612334801762,0.043915198237885464,0.039647577092511016,0.02395374449339207,0.04033590308370044,0.03166299559471366,0.04694383259911894,0.05066079295154185,0.029873348017621145,0.03661894273127753,0.0473568281938326,0.04377753303964758,0.02477973568281938,0.03207599118942731,0.04006057268722467,0.042400881057268726,0.03303964757709251,0.03125,0.06236233480176211,0.04419052863436124,0.021200440528634363,0.0302863436123348,0.03909691629955947,0.028634361233480177,0.026018722466960353,0.025881057268722467,0.03001101321585903,0.03854625550660793,0.046255506607929514,0.03001101321585903,0.01996145374449339,0.026982378854625552,0.02188876651982379,0.03992290748898678,0.02670704845814978,0.026982378854625552,0.0302863436123348,0.03125,0.05437775330396476,0.028359030837004404,0.03372797356828194,0.04460352422907489
nh0183,1.0,0.43704010778318997,0.44274018032956786,0.3428334542439631,0.2384703078039175,0.26116696030676756,0.2515286558192559,0.19577158254741425,0.22375375686599647,0.23297751062286248,0.18188413307078455,0.24665768473416935,0.22375375686599647,0.20509897398694166,0.14861643693647011,0.1875842056171624,0.17981137941755623,0.2028189449683905,0.2451031194942481,0.18395688672401286,0.19504611876878433,0.17970774173489482,0.22344284381801222,0.17494040833246968,0.13845994403565137,0.14706187169654886,0.1498600891284071,0.15597471240543062,0.10011400145092755,0.17348948077520987,0.12705979894289562,0.15690745154938335,0.15307285729091097,0.10913047984247072,0.14167271219815525,0.18385324904135145,0.13638719038242306,0.16841123432480049,0.12167063944450202,0.15514561094413928,0.18012229246554046,0.08975023318478599,0.08239195771582547,0.13535081355580889,0.07752098663073893,0.12073790030054928,0.055860710954503054,0.09524303036584102,0.08633018965695927,0.12446885687636025,0.11078868276505337,0.09503575500051818,0.06902269665250285,0.08767747953155768,0.05606798631982589,0.09234117525132138,0.1102704943517463,0.08425743600373095,0.12902891491346252,0.11265416105295886,0.08301378381179397,0.10643590009327392,0.08218468235050265,0.08114830552388849,0.10249766815214012,0.10861229142916365,0.13991087159291118,0.09203026220333713,0.0753445952948492,0.1116177842263447,0.08954295781946316,0.09223753756865996,0.1320344077106436,0.08332469685977821,0.08664110270494352,0.10156492900818738,0.10405223339206135,0.09399937817390402,0.08829930562752616,0.08104466784122707,0.08000829101461292,0.08954295781946316,0.09814488548036066,0.08000829101461292,0.08757384184889626,0.08570836356099078,0.08736656648357342,0.06985179811379418,0.060938957404912425,0.10115037827754171,0.08570836356099078,0.0660172038553218,0.07493004456420355,0.07275365322831381,0.09731578401906933,0.10125401596020313,0.08156285625453415,0.09203026220333713,0.06104259508757384,0.06487718934604622,0.05192247901336926,0.11109959581303762,0.07824645040936885,0.06622447922064463,0.05409887034925899,0.07700279821743186,0.04829516012021971,0.06218260959684942,0.07275365322831381,0.08560472587832936,0.07233910249766816,0.07835008809203026,0.0369986527101254,0.06788268214322728,0.04715514561094414,0.05731163851176288,0.06767540677790444,0.0422841745258576,0.06757176909524303,0.06922997201782569,0.0733754793242823,0.08394652295574671,0.07223546481500674,0.05928075448232978,0.08933568245414032,0.05181884133070785,0.058140739973054203,0.0746191315162193,0.07047362420976266,0.056171624002487305,0.07099181262306975,0.08280650844647114,0.04715514561094414,0.07254637786299098,0.04321691366981034,0.03658410197947974,0.03534044978754275,0.07005907347911701,0.052026116696030675,0.071302725671054,0.05036791377344803,0.05741527619442429,0.03865685563270805,0.058037102290392786,0.05264794279199917,0.08177013161985698,0.06498082702870764,0.049642449994818115,0.05098973986941652,0.04435692817908592,0.043631464400456,0.05896984143434553,0.05782982692506995,0.03855321795004664,0.05928075448232978,0.05544616022385739,0.04497875427505441,0.06311534874080216,0.054720696445227486,0.050160638408125194,0.03616955124883408,0.06612084153798321,0.050575189138770855,0.048709710850865374,0.04891698621618821,0.06902269665250285,0.060938957404912425,0.0714063633537154,0.021971188724220127,0.02020934811897606,0.03420043527826718,0.03730956575810965,0.03347497149963727,0.05088610218675511,0.04808788475489688,0.04922789926417245,0.04881334853352679,0.0772100735827547,0.0403150585552907,0.04611876878432998,0.046844232562959894,0.054720696445227486,0.04611876878432998,0.05223339206135351,0.035029536739558505,0.01875842056171624,0.030676754067779043,0.05192247901336926,0.05990258057829827,0.04839879780288113,0.047258783293605555,0.047258783293605555,0.04611876878432998,0.0475696963415898,0.0752409576121878,0.0376204788060939,0.03876049331536947,0.052544305109337754,0.03078039175044046,0.056689812415794384,0.04332055135247176,0.04715514561094414,0.052958855839983415,0.052958855839983415,0.037413203440771065,0.0376204788060939,0.04850243548554254,0.04933153694683387,0.0567934500984558,0.03907140636335372,0.02912218882785781,0.03720592807544823,0.042180536843196184,0.041558710747227695,0.03772411648875531,0.04176598611255052,0.027982174318582236,0.029951290289149134,0.04321691366981034,0.0197947973883304,0.05171520364804643,0.039278681728676546,0.05119701523473935,0.04383873976577884,0.03710229039278682,0.04746605865892839,0.06891905896984143,0.0442532904964245,0.04663695719763706,0.031816768577054615,0.06321898642346357,0.04197326147787336,0.048709710850865374,0.05078246450409369,0.047776971706912634,0.04611876878432998,0.03585863820084983,0.05275158047466059,0.03098766711576329,0.04321691366981034,0.0495388123121567,0.04891698621618821,0.051404290600062186,0.04860607316820396,0.021245724945590218,0.0403150585552907,0.0442532904964245,0.030884029433101874,0.011711058140739973,0.03710229039278682,0.001969115970566898,0.03399315991294435,0.04902062389884962,0.03679137734480257,0.04197326147787336,0.0303658410197948,0.036895015027463986,0.03844958026738522,0.05782982692506995,0.03109130479842471,0.038345942584723805,0.04000414550730646,0.05192247901336926,0.04549694268836149,0.03616955124883408,0.03243859467302311,0.031713130894393204,0.03078039175044046,0.052544305109337754,0.046326044149652815,0.02476940615607835,0.02425121774277127,0.03990050782464504,0.03907140636335372,0.03658410197947974,0.055860710954503054,0.03679137734480257,0.03005492797181055,0.028189449683905066,0.04653331951497564,0.03192040625971603,0.03969323245932221,0.03254223235568453,0.02476940615607835,0.027360348222613743,0.029225826510519224,0.035651362835527,0.03078039175044046,0.03938231941133796,0.03140221784640895,0.037827754171416726,0.043424189035133176,0.027049435174629495,0.03471862369157425,0.03948595709399938,0.04321691366981034,0.05047155145610944,0.027463985905275157,0.02020934811897606,0.026427609078661003
nh0184,1.0,0.6319297182671918,0.5513480763405029,0.5062102393214177,0.4489548621629809,0.4165404422902151,0.27930930021205697,0.30142381096637383,0.22811269312329596,0.277794607694638,0.2505301423810966,0.28960920933050593,0.26567706755528625,0.2523477734019994,0.19418358073311118,0.2223568615571039,0.3029385034837928,0.22023629203271736,0.17509845501363222,0.19448651923659496,0.21205695243865497,0.27264465313541353,0.19872765828536806,0.2559830354438049,0.14207815813389882,0.21690396849439564,0.19600121175401394,0.16207209936382913,0.15419569827325053,0.1544986367767343,0.13359588003635262,0.2605271129960618,0.1554074522871857,0.20387761284459255,0.1687367464404726,0.19478945774007878,0.1557103907906695,0.1644956073916995,0.14026052711299605,0.14389578915480158,0.19872765828536806,0.12874886398061194,0.12753710996667678,0.13904877309906089,0.09603150560436231,0.10845198424719782,0.08906392002423508,0.1308694335049985,0.08694335049984853,0.08906392002423508,0.11481369282035747,0.1511663132384126,0.07694637988488337,0.08451984247197819,0.1469251741896395,0.12965767949106333,0.16055740684641018,0.07209936382914268,0.10269615268100575,0.1090578612541654,0.13147531051196606,0.09724325961829748,0.12026658588306574,0.13601938806422295,0.13117237200848228,0.13662526507119055,0.12693123295970918,0.12178127840048471,0.11572250833080884,0.08966979703120266,0.09209330505907301,0.19903059678885188,0.10360496819145713,0.12905180248409573,0.12117540139351711,0.1299606179945471,0.08512571947894577,0.10390790669494093,0.10451378370190852,0.12784004847016056,0.12693123295970918,0.09845501363223266,0.1005755831566192,0.08936685852771888,0.13571644956073917,0.09815207512874886,0.09966676764616783,0.08270221145107544,0.09209330505907301,0.09542562859739473,0.08482278097546198,0.08906392002423508,0.08361102696152681,0.0711905483186913,0.1048167222053923,0.1132990003029385,0.08694335049984853,0.08361102696152681,0.0502877915783096,0.0969403211148137,0.05543774613753408,0.10602847621932748,0.10996667676461679,0.09845501363223266,0.05664950015146925,0.11784307785519539,0.0793698879127537,0.08815510451378371,0.059073008179339595,0.09451681308694335,0.060890639200242354,0.07724931838836716,0.07997576491972129,0.10996667676461679,0.06149651620720994,0.06664647076643442,0.08724628900333233,0.0378673129354741,0.08088458043017267,0.10148439866707058,0.10602847621932748,0.08603453498939716,0.06543471675249925,0.06846410178733717,0.09209330505907301,0.04695546803998788,0.0796728264162375,0.07846107240230234,0.06179945471069373,0.05240836110269615,0.06876704029082097,0.08754922750681611,0.061193577703726146,0.1260224174492578,0.08785216601029991,0.07512874886398062,0.07179642532565889,0.067252347773402,0.05846713117237201,0.08542865798242957,0.06270827022114511,0.08451984247197819,0.05998182368979097,0.0669494092699182,0.041805513480763404,0.06997879430475613,0.0633141472281127,0.06604059375946683,0.05119660708876098,0.07179642532565889,0.06664647076643442,0.09209330505907301,0.07694637988488337,0.055134807634050285,0.07846107240230234,0.07209936382914268,0.07088760981520752,0.06634353226295062,0.0796728264162375,0.06846410178733717,0.047864283550439264,0.05422599212359891,0.0757346258709482,0.05240836110269615,0.0675552862768858,0.07664344138139957,0.05543774613753408,0.06482883974553166,0.04089669797031203,0.035140866404119966,0.07755225689185095,0.07634050287791579,0.042108451984247196,0.04877309906089064,0.05664950015146925,0.060587700696758555,0.04301726749469858,0.08754922750681611,0.04241139048773099,0.04150257497727961,0.05089366858527719,0.05240836110269615,0.053620115116631326,0.07846107240230234,0.042108451984247196,0.028476219327476522,0.07361405634656165,0.02817328082399273,0.06028476219327476,0.05664950015146925,0.05119660708876098,0.04453196001211754,0.08058164192668889,0.05422599212359891,0.08118751893365647,0.04150257497727961,0.047561345046955465,0.07179642532565889,0.03968494395637685,0.04422902150863375,0.05967888518630718,0.07270524083611027,0.0633141472281127,0.047864283550439264,0.05937594668282339,0.06270827022114511,0.05543774613753408,0.05392305362011512,0.11693426234474402,0.055740684641017876,0.04998485307482581,0.0463495910330203,0.0505907300817934,0.047561345046955465,0.06604059375946683,0.040593759466828236,0.042108451984247196,0.030293850348379277,0.05119660708876098,0.055134807634050285,0.0463495910330203,0.05119660708876098,0.05240836110269615,0.055740684641017876,0.04695546803998788,0.047864283550439264,0.049378976067858224,0.0505907300817934,0.048167222053923056,0.029687973341411694,0.04513783701908512,0.07331111784307785,0.040290820963344444,0.060890639200242354,0.04998485307482581,0.11541956982732506,0.03968494395637685,0.0505907300817934,0.06482883974553166,0.042108451984247196,0.03938200545289306,0.048167222053923056,0.07240230233262648,0.055134807634050285,0.05816419266888822,0.0378673129354741,0.03483792790063617,0.05422599212359891,0.019993941229930322,0.036352620418055134,0.0051499545592244775,0.05119660708876098,0.07209936382914268,0.05998182368979097,0.06028476219327476,0.036352620418055134,0.03241441987276583,0.04332020599818237,0.042108451984247196,0.030899727355346865,0.040290820963344444,0.04725840654347167,0.023629203271735837,0.05271129960617994,0.039987882459860645,0.06846410178733717,0.04362314450166616,0.0463495910330203,0.0630112087246289,0.05786125416540442,0.02605271129960618,0.04544077552256892,0.047864283550439264,0.0505907300817934,0.03150560436231445,0.05755831566192063,0.05210542259921236,0.05180248409572857,0.055740684641017876,0.03604968191457134,0.04422902150863375,0.04332020599818237,0.025446834292638595,0.041805513480763404,0.0502877915783096,0.05210542259921236,0.055134807634050285,0.04907603756437443,0.033020296879733416,0.03907906694940927,0.03211148136928203,0.029687973341411694,0.06573765525598303,0.04513783701908512,0.04332020599818237,0.02817328082399273,0.0502877915783096,0.042108451984247196,0.019993941229930322,0.019085125719478947
nh0185,1.0,0.6862880886426593,0.41481994459833793,0.5062326869806094,0.49584487534626037,0.31163434903047094,0.1731301939058172,0.3337950138504155,0.23684210526315788,0.28601108033240996,0.3448753462603878,0.24376731301939059,0.24930747922437674,0.3331024930747922,0.24168975069252077,0.2673130193905817,0.32132963988919666,0.26385041551246535,0.3379501385041551,0.2569252077562327,0.2451523545706371,0.3871191135734072,0.26523545706371193,0.1682825484764543,0.17590027700831026,0.17174515235457063,0.2056786703601108,0.27146814404432135,0.18074792243767313,0.20637119113573407,0.19736842105263158,0.20706371191135733,0.16759002770083103,0.12396121883656509,0.33587257617728533,0.27493074792243766,0.18421052631578946,0.17659279778393353,0.13088642659279778,0.14542936288088643,0.23130193905817176,0.13088642659279778,0.17174515235457063,0.22160664819944598,0.13227146814404434,0.18074792243767313,0.1592797783933518,0.08518005540166206,0.14958448753462603,0.11703601108033242,0.14058171745152354,0.1814404432132964,0.14127423822714683,0.15789473684210525,0.08587257617728532,0.11980609418282548,0.09833795013850416,0.0997229916897507,0.13850415512465375,0.13227146814404434,0.13573407202216067,0.14473684210526316,0.10110803324099724,0.18975069252077562,0.12049861495844875,0.11426592797783934,0.11565096952908588,0.19736842105263158,0.14889196675900276,0.09626038781163435,0.12534626038781163,0.2126038781163435,0.1481994459833795,0.11703601108033242,0.1481994459833795,0.2188365650969529,0.13642659279778394,0.13157894736842105,0.10041551246537396,0.1530470914127424,0.13365650969529086,0.09833795013850416,0.15096952908587258,0.060941828254847646,0.11634349030470914,0.08725761772853186,0.09418282548476455,0.09695290858725762,0.05678670360110803,0.15027700831024932,0.14265927977839335,0.13157894736842105,0.08310249307479224,0.07271468144044321,0.05817174515235457,0.09002770083102493,0.055401662049861494,0.12673130193905818,0.039473684210526314,0.07825484764542937,0.10110803324099724,0.06994459833795014,0.1038781163434903,0.09002770083102493,0.10734072022160665,0.12119113573407202,0.08518005540166206,0.09002770083102493,0.08310249307479224,0.0886426592797784,0.1481994459833795,0.06994459833795014,0.06440443213296398,0.07825484764542937,0.09349030470914127,0.05055401662049862,0.10457063711911357,0.0221606648199446,0.1128808864265928,0.09418282548476455,0.07756232686980609,0.10734072022160665,0.10595567867036011,0.10664819944598337,0.0817174515235457,0.06994459833795014,0.08518005540166206,0.0685595567867036,0.06786703601108034,0.04016620498614958,0.07548476454293629,0.06994459833795014,0.07686980609418283,0.07409972299168975,0.061634349030470915,0.054709141274238225,0.08379501385041552,0.08448753462603878,0.07894736842105263,0.0997229916897507,0.17174515235457063,0.13088642659279778,0.02631578947368421,0.039473684210526314,0.06925207756232687,0.08033240997229917,0.07617728531855955,0.04085872576177285,0.06440443213296398,0.055401662049861494,0.09349030470914127,0.0574792243767313,0.07271468144044321,0.038088642659279776,0.08933518005540166,0.06578947368421052,0.04986149584487535,0.12880886426592797,0.07271468144044321,0.07340720221606649,0.036703601108033244,0.12950138504155126,0.09695290858725762,0.08379501385041552,0.054709141274238225,0.07825484764542937,0.06024930747922438,0.0817174515235457,0.11426592797783934,0.08102493074792244,0.07617728531855955,0.06578947368421052,0.054709141274238225,0.029085872576177285,0.07686980609418283,0.046398891966759004,0.08240997229916898,0.08933518005540166,0.0796398891966759,0.04293628808864266,0.05609418282548476,0.03254847645429363,0.04155124653739612,0.05193905817174515,0.05955678670360111,0.07686980609418283,0.038088642659279776,0.04016620498614958,0.08933518005540166,0.05332409972299169,0.05886426592797784,0.029778393351800554,0.06301939058171745,0.05124653739612189,0.08240997229916898,0.04847645429362881,0.035318559556786706,0.09903047091412742,0.05886426592797784,0.054016620498614956,0.09695290858725762,0.04016620498614958,0.05886426592797784,0.045706371191135735,0.05332409972299169,0.0685595567867036,0.09349030470914127,0.037396121883656507,0.06578947368421052,0.05955678670360111,0.039473684210526314,0.04916897506925208,0.05263157894736842,0.04778393351800554,0.0574792243767313,0.037396121883656507,0.054016620498614956,0.03185595567867036,0.046398891966759004,0.0574792243767313,0.07271468144044321,0.03254847645429363,0.0685595567867036,0.04085872576177285,0.08518005540166206,0.029778393351800554,0.04224376731301939,0.07409972299168975,0.07617728531855955,0.05609418282548476,0.06509695290858726,0.09626038781163435,0.09279778393351801,0.0443213296398892,0.03393351800554017,0.04916897506925208,0.07132963988919667,0.031163434903047092,0.04155124653739612,0.06024930747922438,0.09210526315789473,0.07894736842105263,0.07132963988919667,0.07409972299168975,0.04155124653739612,0.08448753462603878,0.04916897506925208,0.024238227146814405,0.06578947368421052,0.0034626038781163434,0.0,0.036703601108033244,0.054709141274238225,0.07340720221606649,0.07686980609418283,0.11426592797783934,0.036703601108033244,0.062326869806094184,0.07548476454293629,0.05678670360110803,0.07479224376731301,0.02146814404432133,0.03462603878116344,0.09349030470914127,0.04847645429362881,0.07063711911357341,0.06994459833795014,0.037396121883656507,0.038781163434903045,0.0574792243767313,0.045706371191135735,0.029085872576177285,0.0443213296398892,0.04155124653739612,0.025623268698060944,0.06717451523545706,0.05193905817174515,0.07271468144044321,0.039473684210526314,0.038088642659279776,0.05332409972299169,0.04778393351800554,0.039473684210526314,0.035318559556786706,0.03254847645429363,0.02008310249307479,0.038781163434903045,0.07617728531855955,0.03393351800554017,0.024238227146814405,0.04016620498614958,0.06301939058171745,0.05817174515235457,0.03254847645429363,0.04847645429362881,0.013157894736842105,0.03185595567867036,0.05263157894736842,0.02008310249307479,0.024930747922437674
nh0186,1.0,0.45045045045045046,0.37737737737737737,0.4394394394394394,0.2832832832832833,0.24624624624624625,0.19019019019019018,0.17417417417417416,0.2602602602602603,0.24324324324324326,0.16916916916916916,0.22022022022022023,0.20520520520520522,0.2082082082082082,0.15715715715715717,0.2092092092092092,0.2092092092092092,0.22822822822822822,0.2752752752752753,0.22422422422422422,0.2182182182182182,0.1891891891891892,0.26226226226226224,0.16316316316316315,0.12512512512512514,0.1001001001001001,0.19119119119119118,0.15915915915915915,0.12512512512512514,0.13313313313313313,0.11911911911911911,0.13413413413413414,0.14614614614614616,0.1841841841841842,0.12112112112112113,0.14814814814814814,0.14214214214214213,0.13413413413413414,0.11911911911911911,0.12812812812812813,0.14914914914914915,0.09509509509509509,0.1021021021021021,0.11211211211211211,0.07807807807807808,0.07607607607607608,0.26926926926926925,0.13813813813813813,0.0990990990990991,0.056056056056056056,0.12312312312312312,0.14314314314314314,0.08708708708708708,0.08508508508508508,0.056056056056056056,0.08008008008008008,0.07907907907907907,0.1021021021021021,0.13813813813813813,0.08608608608608609,0.08008008008008008,0.11911911911911911,0.07607607607607608,0.07907907907907907,0.0990990990990991,0.08608608608608609,0.1041041041041041,0.14914914914914915,0.12212212212212212,0.1031031031031031,0.08108108108108109,0.06606606606606606,0.08408408408408409,0.0970970970970971,0.0960960960960961,0.11011011011011011,0.12112112112112113,0.07807807807807808,0.08408408408408409,0.06406406406406406,0.0920920920920921,0.09009009009009009,0.1001001001001001,0.11211211211211211,0.11311311311311312,0.0990990990990991,0.0980980980980981,0.05105105105105105,0.04604604604604605,0.09109109109109109,0.06806806806806807,0.06606606606606606,0.06606606606606606,0.07907907907907907,0.08508508508508508,0.08708708708708708,0.07007007007007007,0.0990990990990991,0.05205205205205205,0.08308308308308308,0.08008008008008008,0.1031031031031031,0.07707707707707707,0.05205205205205205,0.06106106106106106,0.07107107107107107,0.05005005005005005,0.056056056056056056,0.06306306306306306,0.055055055055055056,0.05405405405405406,0.06106106106106106,0.05305305305305305,0.05905905905905906,0.05105105105105105,0.04804804804804805,0.08308308308308308,0.1921921921921922,0.07307307307307308,0.06506506506506507,0.07107107107107107,0.09509509509509509,0.06306306306306306,0.06406406406406406,0.07107107107107107,0.06006006006006006,0.03303303303303303,0.06006006006006006,0.05105105105105105,0.06806806806806807,0.09309309309309309,0.07907907907907907,0.044044044044044044,0.07107107107107107,0.04604604604604605,0.05205205205205205,0.03203203203203203,0.055055055055055056,0.07407407407407407,0.08008008008008008,0.03903903903903904,0.1031031031031031,0.04004004004004004,0.0920920920920921,0.07407407407407407,0.0890890890890891,0.044044044044044044,0.05205205205205205,0.04604604604604605,0.044044044044044044,0.07807807807807808,0.0890890890890891,0.05905905905905906,0.04704704704704705,0.07007007007007007,0.05105105105105105,0.026026026026026026,0.035035035035035036,0.043043043043043044,0.06306306306306306,0.05005005005005005,0.07907907907907907,0.06606606606606606,0.07907907907907907,0.05105105105105105,0.0920920920920921,0.1031031031031031,0.08008008008008008,0.1041041041041041,0.07507507507507508,0.03303303303303303,0.018018018018018018,0.04604604604604605,0.02702702702702703,0.0890890890890891,0.02002002002002002,0.04904904904904905,0.1031031031031031,0.03003003003003003,0.026026026026026026,0.026026026026026026,0.07907907907907907,0.08108108108108109,0.05005005005005005,0.028028028028028028,0.06306306306306306,0.03003003003003003,0.05005005005005005,0.05005005005005005,0.043043043043043044,0.04804804804804805,0.04004004004004004,0.056056056056056056,0.06306306306306306,0.0970970970970971,0.025025025025025027,0.04104104104104104,0.03403403403403404,0.035035035035035036,0.08208208208208208,0.05105105105105105,0.04804804804804805,0.044044044044044044,0.06706706706706707,0.06006006006006006,0.04904904904904905,0.07107107107107107,0.04104104104104104,0.04904904904904905,0.04804804804804805,0.06406406406406406,0.06006006006006006,0.04804804804804805,0.05805805805805806,0.03303303303303303,0.018018018018018018,0.02902902902902903,0.04904904904904905,0.03803803803803804,0.02902902902902903,0.07507507507507508,0.03203203203203203,0.03303303303303303,0.04704704704704705,0.1001001001001001,0.04504504504504504,0.05005005005005005,0.056056056056056056,0.04704704704704705,0.04004004004004004,0.044044044044044044,0.07207207207207207,0.04004004004004004,0.05805805805805806,0.044044044044044044,0.03003003003003003,0.05905905905905906,0.042042042042042045,0.03303303303303303,0.03903903903903904,0.036036036036036036,0.05005005005005005,0.037037037037037035,0.025025025025025027,0.03303303303303303,0.05305305305305305,0.04004004004004004,0.043043043043043044,0.057057057057057055,0.013013013013013013,0.17017017017017017,0.03203203203203203,0.03803803803803804,0.05205205205205205,0.06706706706706707,0.024024024024024024,0.016016016016016016,0.037037037037037035,0.07407407407407407,0.044044044044044044,0.042042042042042045,0.037037037037037035,0.023023023023023025,0.023023023023023025,0.06906906906906907,0.04804804804804805,0.035035035035035036,0.03903903903903904,0.03903903903903904,0.03303303303303303,0.03403403403403404,0.01901901901901902,0.055055055055055056,0.04104104104104104,0.04004004004004004,0.06106106106106106,0.044044044044044044,0.031031031031031032,0.03803803803803804,0.03403403403403404,0.036036036036036036,0.023023023023023025,0.02002002002002002,0.031031031031031032,0.031031031031031032,0.01901901901901902,0.07107107107107107,0.024024024024024024,0.03203203203203203,0.009009009009009009,0.023023023023023025,0.07707707707707707,0.025025025025025027,0.03303303303303303,0.056056056056056056,0.031031031031031032,0.031031031031031032,0.02702702702702703,0.042042042042042045,0.01901901901901902
nh0187,1.0,0.586248492159228,0.5090470446320868,0.42581423401688784,0.3293124246079614,0.33896260554885405,0.28950542822677927,0.3039806996381182,0.2822677925211098,0.2943305186972256,0.2448733413751508,0.3281061519903498,0.25090470446320867,0.23642943305186973,0.25814234016887816,0.293124246079614,0.24969843184559712,0.25934861278648974,0.3498190591073583,0.22074788902291917,0.2448733413751508,0.20386007237635706,0.25814234016887816,0.20265379975874548,0.1399276236429433,0.1471652593486128,0.2376357056694813,0.21230398069963813,0.1640530759951749,0.1881785283474065,0.1338962605548854,0.16767189384800965,0.2135102533172497,0.1640530759951749,0.18576598311218334,0.19903498190591074,0.17249698431845598,0.14475271411338964,0.20868516284680338,0.13027744270205066,0.1942098914354644,0.11459589867310012,0.11338962605548854,0.13630880579010857,0.12907117008443908,0.11218335343787696,0.22074788902291917,0.11821471652593486,0.16646562123039807,0.10253317249698432,0.08685162846803378,0.20627261761158022,0.13510253317249699,0.1158021712907117,0.10615199034981906,0.12062726176115803,0.10012062726176116,0.1278648974668275,0.12665862484921592,0.1097708082026538,0.1399276236429433,0.13751507840772015,0.11218335343787696,0.15681544028950542,0.11821471652593486,0.13510253317249699,0.0856453558504222,0.2569360675512666,0.16043425814234016,0.1411338962605549,0.06996381182147166,0.11097708082026538,0.11942098914354644,0.10494571773220748,0.11700844390832328,0.13027744270205066,0.11821471652593486,0.07478890229191798,0.1097708082026538,0.11218335343787696,0.1158021712907117,0.09891435464414958,0.14475271411338964,0.06996381182147166,0.1097708082026538,0.08082026537997587,0.13148371531966224,0.08685162846803378,0.0735826296743064,0.12303980699638119,0.08805790108564536,0.14234016887816647,0.06755126658624849,0.0856453558504222,0.12303980699638119,0.09650180940892641,0.08805790108564536,0.11459589867310012,0.05669481302774427,0.06513872135102533,0.12303980699638119,0.12545235223160434,0.06996381182147166,0.07237635705669482,0.09047044632086852,0.06393244873341375,0.07720144752714113,0.09167671893848009,0.07478890229191798,0.08926417370325694,0.09047044632086852,0.05910735826296743,0.061519903498190594,0.09891435464414958,0.05186972255729795,0.09650180940892641,0.10253317249698432,0.17370325693606756,0.11097708082026538,0.12303980699638119,0.08082026537997587,0.10132689987937274,0.09650180940892641,0.0735826296743064,0.11218335343787696,0.061519903498190594,0.05910735826296743,0.08202653799758745,0.06996381182147166,0.05790108564535585,0.0735826296743064,0.08443908323281062,0.06634499396863691,0.06996381182147166,0.07117008443908324,0.08443908323281062,0.045838359469240045,0.05307599517490953,0.06996381182147166,0.05910735826296743,0.05548854041013269,0.10856453558504221,0.061519903498190594,0.07961399276236429,0.09047044632086852,0.11097708082026538,0.06393244873341375,0.05790108564535585,0.04945717732207479,0.04825090470446321,0.14957780458383596,0.07117008443908324,0.07599517490952955,0.05548854041013269,0.05186972255729795,0.08443908323281062,0.07840772014475271,0.06393244873341375,0.07961399276236429,0.05669481302774427,0.06272617611580217,0.1037394451145959,0.10132689987937274,0.11459589867310012,0.07961399276236429,0.09529553679131483,0.07599517490952955,0.0856453558504222,0.10615199034981906,0.08443908323281062,0.039806996381182146,0.06634499396863691,0.05186972255729795,0.04463208685162847,0.08082026537997587,0.05186972255729795,0.08685162846803378,0.10253317249698432,0.05548854041013269,0.06996381182147166,0.047044632086851626,0.06272617611580217,0.09167671893848009,0.09047044632086852,0.038600723763570564,0.07237635705669482,0.05066344993968637,0.04342581423401689,0.08323281061519903,0.04825090470446321,0.05548854041013269,0.04945717732207479,0.08323281061519903,0.07840772014475271,0.0735826296743064,0.04825090470446321,0.07237635705669482,0.030156815440289506,0.03618817852834741,0.05669481302774427,0.07237635705669482,0.05548854041013269,0.054282267792521106,0.05186972255729795,0.07840772014475271,0.045838359469240045,0.06513872135102533,0.04463208685162847,0.04945717732207479,0.06996381182147166,0.0856453558504222,0.07840772014475271,0.09408926417370325,0.06634499396863691,0.04221954161640531,0.04342581423401689,0.04342581423401689,0.07478890229191798,0.05307599517490953,0.05066344993968637,0.09408926417370325,0.04101326899879373,0.045838359469240045,0.04463208685162847,0.10253317249698432,0.04101326899879373,0.04101326899879373,0.05910735826296743,0.07961399276236429,0.05790108564535585,0.05669481302774427,0.06272617611580217,0.06755126658624849,0.07478890229191798,0.03618817852834741,0.047044632086851626,0.061519903498190594,0.039806996381182146,0.03498190591073583,0.04342581423401689,0.05790108564535585,0.05669481302774427,0.061519903498190594,0.04342581423401689,0.047044632086851626,0.05910735826296743,0.04945717732207479,0.054282267792521106,0.06393244873341375,0.05186972255729795,0.14837153196622438,0.07237635705669482,0.047044632086851626,0.05910735826296743,0.07840772014475271,0.027744270205066344,0.05548854041013269,0.04825090470446321,0.06272617611580217,0.05066344993968637,0.04825090470446321,0.04825090470446321,0.031363088057901084,0.06513872135102533,0.04342581423401689,0.06031363088057901,0.04825090470446321,0.05548854041013269,0.04221954161640531,0.045838359469240045,0.05066344993968637,0.05307599517490953,0.09047044632086852,0.030156815440289506,0.038600723763570564,0.06875753920386007,0.06031363088057901,0.045838359469240045,0.04945717732207479,0.03498190591073583,0.03618817852834741,0.06513872135102533,0.038600723763570564,0.047044632086851626,0.03618817852834741,0.032569360675512665,0.05066344993968637,0.04463208685162847,0.04945717732207479,0.030156815440289506,0.06996381182147166,0.06031363088057901,0.07840772014475271,0.04342581423401689,0.06875753920386007,0.05548854041013269,0.024125452352231604,0.04945717732207479,0.03618817852834741,0.024125452352231604
nh0188,1.0,0.36233670199654916,0.40497904855804784,0.2674389943307863,0.18954892777914714,0.1826472763125462,0.17870347547448853,0.222085284693123,0.19768301700764113,0.27803795908306633,0.20285925560759183,0.23342371210253882,0.1718018240078876,0.15898447128420015,0.16366773477939364,0.16268178456987922,0.19891545476953415,0.1318708405225536,0.12349026374168104,0.1562731082080355,0.14444170569386247,0.12422972639881685,0.12570865171308848,0.1962040916933695,0.1370470791225043,0.13014542765590337,0.1160956371703229,0.10919398570372196,0.08208035494207543,0.11412373675129406,0.13951195464629038,0.10820803549420754,0.12373675129405964,0.14789253142716294,0.11856051269410894,0.08972146906581217,0.081094404732561,0.11880700024648755,0.09465122011338427,0.09317229479911264,0.08947498151343357,0.09760907074192754,0.08725659354202613,0.10500369731328568,0.07369977816120286,0.11437022430367266,0.05817106236135075,0.1114123736751294,0.09489770766576287,0.08429874291348287,0.0660586640374661,0.08380576780872566,0.10401774710377126,0.10475720976090708,0.08553118067537589,0.0862706433325117,0.06236135075178703,0.08208035494207543,0.11905348779886615,0.08848903130391915,0.07296031550406705,0.09243283214197683,0.10525018486566429,0.0806014296278038,0.08035494207542519,0.07345329060882426,0.09218634458959822,0.07986196697066798,0.11929997535124476,0.06457973872319447,0.10278530934187824,0.05126941089474982,0.07345329060882426,0.07123490263741682,0.0658121764850875,0.06334730096130145,0.05299482376140005,0.05718511215183633,0.06778407690411634,0.0660586640374661,0.06112891298989401,0.05447374907567168,0.0658121764850875,0.07715060389450333,0.10352477199901405,0.1062361350751787,0.07468572837071728,0.05644564949470052,0.04855804781858516,0.06310081340892285,0.06112891298989401,0.07887601676115356,0.07468572837071728,0.07443924081833868,0.08158737983731822,0.05398077397091447,0.050529948237614,0.05102292334237121,0.08848903130391915,0.06926300221838796,0.0759181661326103,0.04486073453290609,0.06753758935173773,0.05767808725659354,0.08380576780872566,0.0502834606852354,0.05151589844712842,0.06457973872319447,0.07739709144688194,0.05521321173280749,0.04313532166625585,0.05496672418042889,0.06038945033275819,0.042642346561498644,0.06531920138033029,0.054227261523293074,0.05299482376140005,0.027606605866403747,0.06679812669460192,0.05496672418042889,0.054720236628050284,0.04855804781858516,0.05151589844712842,0.052255361104264236,0.06014296278037959,0.05915701257086517,0.06211486319940843,0.06704461424698052,0.05866403746610796,0.07271382795168845,0.06827705200887355,0.06852353956125215,0.052748336209021446,0.06655163914222331,0.058417549913729355,0.046339659847177715,0.05176238599950703,0.04239585900912004,0.053734286418535865,0.05348779886615726,0.04658614739955632,0.04609317229479911,0.050036973132856793,0.06457973872319447,0.0702489524279024,0.06162188809465122,0.050529948237614,0.07394626571358147,0.052255361104264236,0.03919152082819818,0.06655163914222331,0.05767808725659354,0.05964998767562238,0.059403500123243774,0.04855804781858516,0.05521321173280749,0.035494207542519106,0.05250184865664284,0.04658614739955632,0.05866403746610796,0.05496672418042889,0.03919152082819818,0.08429874291348287,0.053241311313778655,0.040177471037712596,0.04707912250431353,0.04436775942814888,0.06753758935173773,0.05718511215183633,0.05595267438994331,0.03253635691397584,0.03228986936159724,0.03721962040916934,0.03081094404732561,0.0251417303426177,0.04362829677101306,0.036480157752033525,0.05250184865664284,0.03450825733300468,0.035494207542519106,0.04338180921863446,0.0606359378851368,0.06186837564702982,0.04313532166625585,0.053241311313778655,0.05521321173280749,0.049051022923342374,0.050036973132856793,0.04338180921863446,0.050529948237614,0.04855804781858516,0.0352477199901405,0.042149371456741434,0.052255361104264236,0.04461424698052748,0.053734286418535865,0.046339659847177715,0.0502834606852354,0.035001232437761896,0.04288883411387725,0.03475474488538329,0.0502834606852354,0.03130391915208282,0.040670446142469806,0.0456001971900419,0.045353709637663296,0.02933201873305398,0.04806507271382795,0.02785309341878235,0.035987182647276315,0.030071481390189794,0.0557061868375647,0.035987182647276315,0.04239585900912004,0.041656396351984225,0.03155040670446142,0.03919152082819818,0.05151589844712842,0.04609317229479911,0.025881192999753513,0.031057431599704213,0.04140990879960562,0.03204338180921863,0.027113630761646537,0.04609317229479911,0.035001232437761896,0.03204338180921863,0.037466107961547944,0.035001232437761896,0.03820557061868376,0.03993098348533399,0.024155780133103277,0.04461424698052748,0.03302933201873305,0.03869854572344097,0.06211486319940843,0.053734286418535865,0.041163421247227015,0.04486073453290609,0.031057431599704213,0.02563470544737491,0.030564456494947004,0.021937392161695834,0.02563470544737491,0.02933201873305398,0.02563470544737491,0.03771259551392655,0.037466107961547944,0.04486073453290609,0.03475474488538329,0.001971900419028839,0.024895242790239094,0.046339659847177715,0.022676854818831648,0.02982499383781119,0.022676854818831648,0.02785309341878235,0.02464875523786049,0.020951441952181415,0.045846684742420506,0.03278284446635445,0.03869854572344097,0.040670446142469806,0.029578506285432585,0.0404239585900912,0.03623367019965492,0.028099580971160956,0.03795908306630515,0.0352477199901405,0.02785309341878235,0.04609317229479911,0.03130391915208282,0.026867143209267932,0.037466107961547944,0.02834606852353956,0.022923342371210253,0.03993098348533399,0.03574069509489771,0.024895242790239094,0.02834606852353956,0.03993098348533399,0.026374168104510723,0.02933201873305398,0.035001232437761896,0.0303179689425684,0.03795908306630515,0.023662805028346067,0.03228986936159724,0.03869854572344097,0.02834606852353956,0.027113630761646537,0.046339659847177715,0.03302933201873305,0.036973132856790734,0.022923342371210253,0.03721962040916934,0.026620655656889328,0.033275819571111656,0.03179689425684003,0.04338180921863446
nh0189,1.0,0.5724885844748858,0.4006849315068493,0.430365296803653,0.3373287671232877,0.2734018264840183,0.21289954337899544,0.2865296803652968,0.2482876712328767,0.3116438356164384,0.23972602739726026,0.2151826484018265,0.2534246575342466,0.21289954337899544,0.20034246575342465,0.20205479452054795,0.19748858447488585,0.216324200913242,0.2711187214611872,0.22031963470319635,0.24029680365296804,0.283675799086758,0.2437214611872146,0.17579908675799086,0.15353881278538814,0.14840182648401826,0.16210045662100456,0.1952054794520548,0.14440639269406394,0.13984018264840184,0.1449771689497717,0.1449771689497717,0.1660958904109589,0.182648401826484,0.1643835616438356,0.15182648401826485,0.12442922374429223,0.1449771689497717,0.0958904109589041,0.136986301369863,0.13984018264840184,0.11815068493150685,0.13070776255707764,0.14840182648401826,0.08961187214611872,0.10388127853881278,0.10730593607305935,0.13070776255707764,0.1341324200913242,0.0839041095890411,0.09817351598173515,0.1523972602739726,0.0976027397260274,0.11929223744292237,0.04452054794520548,0.09874429223744292,0.07876712328767123,0.0930365296803653,0.1187214611872146,0.1358447488584475,0.08047945205479452,0.14440639269406394,0.0867579908675799,0.11015981735159817,0.11472602739726027,0.09474885844748858,0.09360730593607305,0.18093607305936074,0.12214611872146118,0.08618721461187215,0.1113013698630137,0.0776255707762557,0.10273972602739725,0.11643835616438356,0.09075342465753425,0.1284246575342466,0.12557077625570776,0.1067351598173516,0.07591324200913242,0.09531963470319635,0.10730593607305935,0.1158675799086758,0.10388127853881278,0.05707762557077625,0.10445205479452055,0.08561643835616438,0.10102739726027397,0.0776255707762557,0.03995433789954338,0.08561643835616438,0.10901826484018265,0.09646118721461187,0.07420091324200913,0.09246575342465753,0.09018264840182648,0.07990867579908675,0.07591324200913242,0.10445205479452055,0.04680365296803653,0.08904109589041095,0.09703196347031963,0.09703196347031963,0.11815068493150685,0.10159817351598173,0.07876712328767123,0.09075342465753425,0.057648401826484015,0.08789954337899543,0.062214611872146115,0.06735159817351598,0.08961187214611872,0.0593607305936073,0.07077625570776255,0.08162100456621005,0.06678082191780822,0.05707762557077625,0.0656392694063927,0.025684931506849314,0.0702054794520548,0.06792237442922375,0.07648401826484018,0.09931506849315068,0.06963470319634703,0.08504566210045662,0.0867579908675799,0.05650684931506849,0.07705479452054795,0.08047945205479452,0.057648401826484015,0.04794520547945205,0.0958904109589041,0.09018264840182648,0.07134703196347032,0.09246575342465753,0.0502283105022831,0.0547945205479452,0.07648401826484018,0.07819634703196347,0.05593607305936073,0.06164383561643835,0.07534246575342465,0.08333333333333333,0.05593607305936073,0.0839041095890411,0.07363013698630137,0.07534246575342465,0.06735159817351598,0.059931506849315065,0.04337899543378995,0.06164383561643835,0.10331050228310502,0.05194063926940639,0.08732876712328767,0.04965753424657534,0.0656392694063927,0.07705479452054795,0.053082191780821915,0.0976027397260274,0.08447488584474885,0.06906392694063927,0.05650684931506849,0.07876712328767123,0.07591324200913242,0.05707762557077625,0.055365296803652965,0.09646118721461187,0.0730593607305936,0.06735159817351598,0.09988584474885845,0.11700913242009132,0.0547945205479452,0.05136986301369863,0.045662100456621,0.048515981735159815,0.06621004566210045,0.043949771689497714,0.04052511415525114,0.10102739726027397,0.04337899543378995,0.03538812785388128,0.045662100456621,0.06678082191780822,0.06506849315068493,0.0702054794520548,0.055365296803652965,0.11244292237442922,0.026255707762557076,0.045662100456621,0.03881278538812785,0.06506849315068493,0.0684931506849315,0.03995433789954338,0.06506849315068493,0.04337899543378995,0.07363013698630137,0.026255707762557076,0.06906392694063927,0.05365296803652968,0.041666666666666664,0.07876712328767123,0.0593607305936073,0.05650684931506849,0.05251141552511415,0.03881278538812785,0.028538812785388126,0.06050228310502283,0.08333333333333333,0.05650684931506849,0.043949771689497714,0.041666666666666664,0.0776255707762557,0.05194063926940639,0.06792237442922375,0.06278538812785388,0.0593607305936073,0.04908675799086758,0.05136986301369863,0.04337899543378995,0.04452054794520548,0.03767123287671233,0.07248858447488585,0.03424657534246575,0.0593607305936073,0.037100456621004564,0.07705479452054795,0.0410958904109589,0.04337899543378995,0.0730593607305936,0.04737442922374429,0.034817351598173514,0.05707762557077625,0.05251141552511415,0.04680365296803653,0.043949771689497714,0.04737442922374429,0.0593607305936073,0.06506849315068493,0.03995433789954338,0.02682648401826484,0.04452054794520548,0.04794520547945205,0.07134703196347032,0.04052511415525114,0.04223744292237443,0.04280821917808219,0.05593607305936073,0.0365296803652968,0.023401826484018264,0.1021689497716895,0.010273972602739725,0.005707762557077625,0.0593607305936073,0.03995433789954338,0.04452054794520548,0.04965753424657534,0.043949771689497714,0.0365296803652968,0.0365296803652968,0.07648401826484018,0.034817351598173514,0.059931506849315065,0.0319634703196347,0.034817351598173514,0.04509132420091324,0.050799086757990865,0.05365296803652968,0.06107305936073059,0.05136986301369863,0.04908675799086758,0.04337899543378995,0.03595890410958904,0.03767123287671233,0.043949771689497714,0.027968036529680364,0.03824200913242009,0.057648401826484015,0.0365296803652968,0.0502283105022831,0.05251141552511415,0.0547945205479452,0.05136986301369863,0.0365296803652968,0.02968036529680365,0.03767123287671233,0.04794520547945205,0.023972602739726026,0.043949771689497714,0.03424657534246575,0.033105022831050226,0.014840182648401826,0.039383561643835614,0.06792237442922375,0.0273972602739726,0.033105022831050226,0.034817351598173514,0.02454337899543379,0.05422374429223744,0.03538812785388128,0.030821917808219176,0.026255707762557076
nh0190,1.0,0.5507380073800738,0.6040590405904059,0.25313653136531367,0.4544280442804428,0.35424354243542433,0.4756457564575646,0.18523985239852397,0.2922509225092251,0.3298892988929889,0.3234317343173432,0.2608856088560886,0.24981549815498155,0.2440959409594096,0.16678966789667896,0.24870848708487084,0.22398523985239852,0.18431734317343174,0.19428044280442805,0.23394833948339483,0.19169741697416975,0.17601476014760148,0.1878228782287823,0.26033210332103324,0.20627306273062732,0.12472324723247233,0.16955719557195573,0.164760147601476,0.1952029520295203,0.17693726937269372,0.12693726937269373,0.12933579335793358,0.168450184501845,0.18911439114391143,0.14501845018450185,0.14225092250922508,0.18394833948339484,0.15571955719557196,0.17619926199261993,0.11826568265682656,0.11457564575645757,0.08819188191881919,0.13966789667896679,0.12103321033210332,0.13284132841328414,0.0948339483394834,0.10239852398523985,0.13837638376383765,0.1595940959409594,0.1392988929889299,0.06070110701107011,0.13579335793357933,0.08597785977859779,0.09225092250922509,0.12047970479704798,0.12749077490774907,0.07822878228782287,0.11715867158671586,0.11236162361623617,0.12509225092250922,0.10830258302583026,0.08708487084870849,0.13966789667896679,0.10627306273062731,0.1367158671586716,0.13505535055350554,0.07583025830258303,0.08099630996309963,0.13468634686346864,0.0988929889298893,0.08597785977859779,0.08284132841328413,0.12343173431734317,0.111070110701107,0.11051660516605166,0.11734317343173432,0.07416974169741697,0.034870848708487084,0.08634686346863468,0.13616236162361622,0.11789667896678967,0.13321033210332103,0.111070110701107,0.08007380073800738,0.09778597785977859,0.10627306273062731,0.12933579335793358,0.1018450184501845,0.15461254612546124,0.10516605166051661,0.08560885608856089,0.10811808118081181,0.11512915129151291,0.08247232472324723,0.06771217712177122,0.0985239852398524,0.10682656826568265,0.07066420664206642,0.11808118081180811,0.09760147601476014,0.06678966789667896,0.14354243542435424,0.06254612546125461,0.07933579335793357,0.11273062730627306,0.0529520295202952,0.07583025830258303,0.09206642066420664,0.07361623616236163,0.09778597785977859,0.1011070110701107,0.06881918819188192,0.07029520295202953,0.08044280442804429,0.0988929889298893,0.05996309963099631,0.06309963099630997,0.07730627306273062,0.06974169741697417,0.07121771217712178,0.06826568265682657,0.1033210332103321,0.07785977859778598,0.07915129151291513,0.103690036900369,0.0492619926199262,0.06881918819188192,0.08062730627306273,0.11346863468634687,0.06918819188191883,0.08948339483394833,0.06512915129151292,0.07306273062730627,0.0470479704797048,0.05627306273062731,0.0533210332103321,0.05516605166051661,0.055350553505535055,0.0918819188191882,0.06845018450184502,0.05571955719557196,0.08597785977859779,0.07490774907749077,0.06678966789667896,0.07933579335793357,0.06586715867158671,0.07749077490774908,0.06734317343173432,0.0507380073800738,0.05092250922509225,0.06328413284132842,0.06309963099630997,0.08321033210332103,0.07029520295202953,0.08099630996309963,0.07564575645756458,0.06660516605166052,0.06162361623616236,0.07583025830258303,0.07103321033210332,0.05977859778597786,0.08228782287822878,0.05793357933579336,0.06328413284132842,0.08745387453874538,0.0503690036900369,0.05571955719557196,0.06107011070110701,0.0555350553505535,0.04261992619926199,0.0544280442804428,0.07361623616236163,0.05498154981549815,0.08265682656826569,0.0503690036900369,0.07066420664206642,0.05516605166051661,0.044649446494464944,0.06863468634686347,0.07619926199261992,0.06494464944649446,0.04317343173431734,0.06586715867158671,0.061254612546125464,0.05867158671586716,0.027121771217712178,0.06937269372693727,0.06734317343173432,0.0485239852398524,0.05959409594095941,0.06346863468634686,0.07712177121771217,0.044095940959409594,0.05830258302583026,0.046863468634686344,0.07140221402214023,0.06217712177121771,0.045202952029520294,0.06365313653136531,0.054797047970479705,0.07121771217712178,0.06273062730627306,0.06789667896678966,0.0555350553505535,0.06808118081180811,0.044649446494464944,0.0507380073800738,0.052029520295202955,0.05664206642066421,0.045202952029520294,0.011439114391143911,0.05793357933579336,0.03634686346863469,0.05350553505535055,0.056457564575645755,0.05018450184501845,0.05664206642066421,0.05922509225092251,0.05940959409594096,0.0507380073800738,0.04538745387453875,0.045571955719557196,0.05904059040590406,0.06051660516605166,0.0544280442804428,0.0514760147601476,0.05166051660516605,0.05018450184501845,0.05608856088560885,0.03690036900369004,0.05129151291512915,0.056457564575645755,0.05516605166051661,0.057564575645756455,0.06346863468634686,0.05092250922509225,0.0481549815498155,0.0544280442804428,0.0448339483394834,0.05977859778597786,0.0459409594095941,0.044095940959409594,0.0470479704797048,0.05793357933579336,0.04003690036900369,0.05,0.053136531365313655,0.04870848708487085,0.021217712177121772,0.027490774907749076,0.046309963099630994,0.05922509225092251,0.06697416974169741,0.06420664206642067,0.03302583025830258,0.03819188191881919,0.040774907749077494,0.06143911439114391,0.05774907749077491,0.03523985239852399,0.032103321033210334,0.03892988929889299,0.05571955719557196,0.055350553505535055,0.0522140221402214,0.04870848708487085,0.0544280442804428,0.052029520295202955,0.04059040590405904,0.048892988929889296,0.053690036900369005,0.0459409594095941,0.03837638376383764,0.03579335793357934,0.042804428044280446,0.04261992619926199,0.046309963099630994,0.03782287822878229,0.04003690036900369,0.043911439114391146,0.04944649446494465,0.04870848708487085,0.037638376383763834,0.046125461254612546,0.04040590405904059,0.043542435424354244,0.046863468634686344,0.03948339483394834,0.046678966789667896,0.031549815498154984,0.042435424354243544,0.03579335793357934,0.03911439114391144,0.03892988929889299,0.032656826568265684,0.045202952029520294,0.03099630996309963,0.03468634686346864,0.036531365313653134,0.021217712177121772
nh0191,1.0,0.5843101893597836,0.44436429215509465,0.23354373309287646,0.5615870153291254,0.35311091073038775,0.4521190261496844,0.24436429215509467,0.26997294860234444,0.2820559062218215,0.38899909828674484,0.21713255184851218,0.23967538322813345,0.3096483318304779,0.2110009017132552,0.29233543733092876,0.22398557258791704,0.1619477006311993,0.17294860234445447,0.25320108205590625,0.15563570784490532,0.22380522993688007,0.1055004508566276,0.22939585211902616,0.22019837691614066,0.16898106402164112,0.13309287646528403,0.1720468890892696,0.23480613165013525,0.16753832281334535,0.13020739404869253,0.0988277727682597,0.1563570784490532,0.17132551848512173,0.1558160504959423,0.14319206492335437,0.169702434625789,0.1406672678088368,0.1581605049594229,0.10387736699729486,0.1024346257889991,0.11325518485121731,0.18070333633904417,0.14643823264201983,0.1345356176735798,0.09431920649233544,0.09900811541929666,0.1296663660955816,0.2652840396753832,0.1659152389540126,0.07249774571686204,0.15401262398557258,0.0878268710550045,0.1157799819657349,0.13778178539224525,0.09359783588818756,0.0587917042380523,0.11235347159603246,0.09612263300270514,0.10009017132551848,0.14950405770964834,0.0654643823264202,0.18160504959422905,0.11614066726780883,0.12209197475202886,0.12822362488728584,0.07430117222723175,0.08277727682596935,0.11596032461677187,0.09702434625788998,0.06798917944093778,0.09972948602344454,0.12696122633002704,0.08656447249774572,0.11686203787195672,0.11379621280432822,0.05644724977457169,0.05193868349864743,0.09143372407574392,0.1623083859332732,0.1339945897204689,0.13525698827772767,0.12642019837691615,0.08530207394048693,0.07700631199278629,0.1024346257889991,0.1060414788097385,0.10297565374211001,0.16032461677186655,0.1139765554553652,0.0793507664562669,0.17439134355275024,0.10351668169522092,0.07430117222723175,0.06979260595130748,0.09792605951307484,0.09522091974752028,0.07069431920649233,0.09666366095581605,0.09756537421100091,0.07123534715960325,0.12696122633002704,0.07141568981064021,0.08169522091974753,0.18214607754733994,0.0811541929666366,0.08440036068530207,0.09071235347159604,0.06744815148782687,0.10892696122633003,0.0860234445446348,0.04201983769161407,0.07430117222723175,0.07808836789900811,0.1430117222723174,0.0721370604147881,0.06474301172227231,0.07592425608656447,0.06925157799819658,0.06997294860234446,0.05320108205590622,0.09792605951307484,0.07412082957619477,0.08944995491433724,0.08999098286744815,0.0587917042380523,0.07069431920649233,0.06979260595130748,0.09071235347159604,0.045987376014427414,0.06762849413886383,0.05734896302975654,0.0890892696122633,0.05662759242560866,0.06943192064923355,0.07249774571686204,0.07195671776375112,0.040757439134355276,0.08349864743011723,0.08674481514878268,0.06780883678990081,0.08458070333633905,0.07484220018034266,0.054824165915238955,0.0842200180342651,0.05590622182146077,0.10513976555455365,0.062398557258791704,0.06834986474301172,0.05284039675383228,0.05464382326420198,0.05049594229035167,0.08007213706041479,0.0569882777276826,0.06943192064923355,0.06330027051397656,0.056266907123534715,0.11163210099188459,0.06853020739404869,0.07772768259693418,0.0551848512173129,0.06780883678990081,0.05193868349864743,0.06618575293056808,0.08313796212804328,0.04418394950405771,0.06943192064923355,0.062398557258791704,0.04003606853020739,0.03011722272317403,0.06708746618575293,0.07466185752930568,0.07177637511271416,0.08385933273219116,0.05193868349864743,0.07285843101893598,0.06113615870153291,0.03913435527502254,0.078809738503156,0.09467989179440937,0.061316501352569885,0.048331830477908025,0.0708746618575293,0.05752930568079351,0.05933273219116321,0.016952209197475202,0.0775473399458972,0.04454463480613165,0.04310189359783589,0.0503155996393147,0.04346257889990983,0.056807935076645624,0.042200180342651036,0.041839495040577095,0.04165915238954013,0.06330027051397656,0.07556357078449054,0.05608656447249775,0.05788999098286745,0.05933273219116321,0.06979260595130748,0.06492335437330929,0.0703336339044184,0.07538322813345356,0.06582506762849413,0.07177637511271416,0.047430117222723174,0.07141568981064021,0.057709648331830475,0.043642921550946796,0.00739404869251578,0.06203787195671776,0.04147880973850315,0.049774571686203785,0.05410279531109107,0.07339945897204689,0.06492335437330929,0.07484220018034266,0.053381424706943195,0.06979260595130748,0.04941388638412985,0.05302073940486925,0.05193868349864743,0.05590622182146077,0.055725879170423806,0.04238052299368801,0.04382326420198377,0.0708746618575293,0.057168620378719566,0.033002705139765554,0.04905320108205591,0.06203787195671776,0.06925157799819658,0.0454463480613165,0.08926961226330027,0.04724977457168621,0.056266907123534715,0.04815148782687106,0.05933273219116321,0.056807935076645624,0.043642921550946796,0.04508566275924256,0.06275924256086564,0.07646528403967538,0.031199278629395852,0.05500450856627592,0.05320108205590622,0.04201983769161407,0.010820559062218215,0.046348061316501356,0.02921550946798918,0.07376014427412082,0.05915238954012624,0.07015329125338142,0.03967538322813345,0.04003606853020739,0.04490532010820559,0.04562669071235347,0.05410279531109107,0.03769161406672678,0.03408476104598738,0.04851217312894499,0.04670874661857529,0.06275924256086564,0.029756537421100092,0.05085662759242561,0.05590622182146077,0.03715058611361587,0.04472497745716862,0.05049594229035167,0.06654643823264202,0.0521190261496844,0.042200180342651036,0.040937781785392244,0.03859332732191163,0.040937781785392244,0.03606853020739405,0.040396753832281335,0.05807033363390442,0.04959422903516682,0.04797114517583408,0.05157799819657349,0.042741208295761945,0.03913435527502254,0.04851217312894499,0.05590622182146077,0.05157799819657349,0.03354373309287646,0.05662759242560866,0.04328223624887286,0.031920649233543735,0.027051397655545536,0.057709648331830475,0.04400360685302074,0.02903516681695221,0.03462578899909829,0.03823264201983769,0.030477908025247972,0.050676284941388636,0.02939585211902615
nh0192,1.0,0.5574376947040498,0.5942367601246106,0.2536993769470405,0.48345015576323985,0.33216510903426794,0.47313084112149534,0.2881619937694704,0.29439252336448596,0.29614485981308414,0.30588006230529596,0.24182242990654207,0.2336448598130841,0.26791277258566976,0.24649532710280375,0.2770638629283489,0.22799844236760125,0.1863317757009346,0.21066978193146418,0.24493769470404986,0.20132398753894082,0.18360591900311526,0.1976246105919003,0.25934579439252337,0.23345015576323988,0.16491433021806853,0.15401090342679127,0.16686137071651092,0.21261682242990654,0.16608255451713397,0.15868380062305296,0.11098130841121495,0.18185358255451714,0.1976246105919003,0.17484423676012462,0.1277258566978193,0.16335669781931464,0.13707165109034267,0.15089563862928349,0.10669781931464174,0.11429127725856698,0.10825545171339564,0.15654205607476634,0.13473520249221183,0.1462227414330218,0.11390186915887851,0.1483644859813084,0.15595794392523366,0.2250778816199377,0.16530373831775702,0.08060747663551401,0.13765576323987538,0.09326323987538941,0.12733644859813084,0.1382398753894081,0.11214953271028037,0.07184579439252337,0.13415109034267914,0.11740654205607477,0.11993769470404984,0.11507009345794393,0.08839563862928349,0.13629283489096572,0.11214953271028037,0.14291277258566978,0.12169003115264798,0.07359813084112149,0.08391744548286605,0.13161993769470404,0.1037772585669782,0.08450155763239875,0.0889797507788162,0.1059190031152648,0.10728193146417446,0.1228582554517134,0.12830996884735202,0.05471183800623053,0.052570093457943924,0.0889797507788162,0.12538940809968846,0.11721183800623053,0.13921339563862928,0.10027258566978194,0.08411214953271028,0.10689252336448599,0.12246884735202493,0.13123052959501558,0.10105140186915888,0.14641744548286603,0.0979361370716511,0.09404205607476636,0.13239875389408098,0.13901869158878505,0.09423676012461059,0.07028816199376947,0.10066199376947041,0.10007788161993769,0.07612928348909657,0.11740654205607477,0.11565420560747663,0.07223520249221184,0.13473520249221183,0.06580996884735202,0.0815809968847352,0.13901869158878505,0.06580996884735202,0.08683800623052959,0.08605919003115264,0.07476635514018691,0.0985202492211838,0.07768691588785047,0.06444704049844237,0.08274922118380063,0.07009345794392523,0.10845015576323988,0.08508566978193147,0.06873052959501558,0.11098130841121495,0.06600467289719626,0.0720404984423676,0.06542056074766354,0.10611370716510904,0.07398753894080996,0.07924454828660436,0.11039719626168225,0.06269470404984423,0.06814641744548286,0.09073208722741433,0.09910436137071651,0.0689252336448598,0.09151090342679127,0.056074766355140186,0.08255451713395638,0.0514018691588785,0.05704828660436137,0.07281931464174454,0.0640576323987539,0.05042834890965732,0.08430685358255452,0.08547507788161994,0.06814641744548286,0.10260903426791278,0.07126168224299065,0.07379283489096573,0.08566978193146417,0.06542056074766354,0.08450155763239875,0.06756230529595016,0.07476635514018691,0.05724299065420561,0.07087227414330217,0.07067757009345794,0.07320872274143302,0.06561526479750779,0.07924454828660436,0.07262461059190031,0.07126168224299065,0.06950934579439252,0.0683411214953271,0.08021806853582554,0.06561526479750779,0.08041277258566978,0.05568535825545171,0.06133177570093458,0.08099688473520249,0.06055295950155763,0.07028816199376947,0.06658878504672897,0.09443146417445483,0.0588006230529595,0.06697819314641744,0.0837227414330218,0.06347352024922118,0.08333333333333333,0.0588006230529595,0.08294392523364486,0.05724299065420561,0.04088785046728972,0.06366822429906542,0.09209501557632399,0.06697819314641744,0.048870716510903425,0.07262461059190031,0.06347352024922118,0.053738317757009345,0.04380841121495327,0.08586448598130841,0.06717289719626168,0.05042834890965732,0.0588006230529595,0.07379283489096573,0.06736760124610591,0.04984423676012461,0.0625,0.035630841121495324,0.08644859813084112,0.05841121495327103,0.053154205607476634,0.06230529595015576,0.059774143302180685,0.0646417445482866,0.07651869158878505,0.06600467289719626,0.06658878504672897,0.06756230529595016,0.07126168224299065,0.0514018691588785,0.08235981308411215,0.06074766355140187,0.04633956386292835,0.0190809968847352,0.07087227414330217,0.05588006230529595,0.05179127725856698,0.0588006230529595,0.05782710280373832,0.06230529595015576,0.06172118380062305,0.06113707165109034,0.06542056074766354,0.05451713395638629,0.051985981308411214,0.0704828660436137,0.06230529595015576,0.06444704049844237,0.05179127725856698,0.05646417445482866,0.05841121495327103,0.05899532710280374,0.04906542056074766,0.0514018691588785,0.06503115264797507,0.06503115264797507,0.0514018691588785,0.0630841121495327,0.050623052959501556,0.055490654205607476,0.053154205607476634,0.05471183800623053,0.0455607476635514,0.04906542056074766,0.04419781931464174,0.04731308411214953,0.054322429906542055,0.03582554517133956,0.05704828660436137,0.05841121495327103,0.04848130841121495,0.036214953271028034,0.05218068535825545,0.07885514018691589,0.06717289719626168,0.06016355140186916,0.05276479750778816,0.03874610591900311,0.042250778816199375,0.04536604361370716,0.046534267912772584,0.0720404984423676,0.041082554517133954,0.04069314641744548,0.05393302180685358,0.05957943925233645,0.05899532710280374,0.041082554517133954,0.03952492211838006,0.053738317757009345,0.036799065420560745,0.04147196261682243,0.050038940809968846,0.06814641744548286,0.06074766355140187,0.045950155763239874,0.03660436137071651,0.04127725856697819,0.04536604361370716,0.05685358255451713,0.042250778816199375,0.05081775700934579,0.03485202492211838,0.057437694704049844,0.05237538940809969,0.04010903426791277,0.04069314641744548,0.042250778816199375,0.04419781931464174,0.05841121495327103,0.03582554517133956,0.05023364485981308,0.04069314641744548,0.031931464174454825,0.03543613707165109,0.04789719626168224,0.04575545171339564,0.032515576323987536,0.038551401869158876,0.029010903426791277,0.033683800623052956,0.057437694704049844,0.0381619937694704
nh0193,1.0,0.5138490926456543,0.4714422158548233,0.23228271251193888,0.4918815663801337,0.30238777459407834,0.41241642788920724,0.25826170009551097,0.21528175740210123,0.2913085004775549,0.3640878701050621,0.212225405921681,0.2259789875835721,0.233810888252149,0.2210124164278892,0.2603629417382999,0.21260744985673352,0.12263610315186246,0.16313276026743076,0.21470869149952246,0.13543457497612224,0.2110792741165234,0.09761222540592168,0.2116523400191022,0.1944603629417383,0.15873925501432665,0.13199617956064946,0.12702960840496658,0.18414517669531996,0.13829990448901625,0.1340974212034384,0.11098376313276027,0.1440305635148042,0.14212034383954156,0.123018147086915,0.11766953199617956,0.16064947468958932,0.1180515759312321,0.14861509073543458,0.10315186246418338,0.08424068767908309,0.0964660936007641,0.14861509073543458,0.13600764087870104,0.12855778414517668,0.10009551098376314,0.08748806112702961,0.1180515759312321,0.2055396370582617,0.16752626552053487,0.0714422158548233,0.14154727793696276,0.09264565425023878,0.08538681948424069,0.07564469914040114,0.0991404011461318,0.07029608404966571,0.11384909264565425,0.09398280802292264,0.09608404966571156,0.13486150907354347,0.061700095510983766,0.1457497612225406,0.11041069723018147,0.1052531041069723,0.12607449856733524,0.0714422158548233,0.09723018147086915,0.11900668576886342,0.09226361031518625,0.06437440305635148,0.08634192932187201,0.11270296084049666,0.08137535816618911,0.11499522445081184,0.10296084049665712,0.05711556829035339,0.041069723018147083,0.08099331423113658,0.13256924546322826,0.10506208213944604,0.12531041069723017,0.1125119388729704,0.08213944603629417,0.07316141356255969,0.09684813753581661,0.08787010506208214,0.08997134670487106,0.123018147086915,0.09073543457497613,0.06972301814708691,0.13046800382043935,0.12148997134670488,0.06437440305635148,0.05768863419293219,0.07927411652340019,0.08175740210124165,0.06953199617956064,0.09742120343839542,0.08538681948424069,0.07239732569245463,0.10238777459407832,0.06017191977077364,0.06284622731614135,0.15205348615090736,0.08825214899713467,0.07163323782234957,0.08748806112702961,0.07163323782234957,0.09551098376313276,0.08099331423113658,0.045654250238777457,0.089207258834766,0.06723973256924547,0.11346704871060172,0.05577841451766953,0.05807067812798472,0.05749761222540592,0.06246418338108883,0.056924546322827126,0.048137535816618914,0.10105062082139446,0.07774594078319007,0.07621776504297995,0.07392550143266476,0.05004775549188157,0.06532951289398281,0.058643744030563515,0.0836676217765043,0.04355300859598854,0.07640878701050621,0.056924546322827126,0.08118433619866285,0.04680038204393505,0.0559694364851958,0.0559694364851958,0.0548233046800382,0.03400191021967526,0.07717287488061127,0.06838586437440305,0.0664756446991404,0.07220630372492837,0.06284622731614135,0.055396370582617004,0.07793696275071633,0.05004775549188157,0.07602674307545368,0.057879656160458454,0.05921680993314231,0.053104106972301814,0.06475644699140401,0.06666666666666667,0.07354345749761222,0.04145176695319962,0.0836676217765043,0.04603629417382999,0.051384909264565425,0.08213944603629417,0.0664756446991404,0.0781279847182426,0.056924546322827126,0.06609360076408786,0.05520534861509074,0.0504297994269341,0.0781279847182426,0.049665711556829036,0.05425023877745941,0.07392550143266476,0.055587392550143264,0.029608404966571154,0.05501432664756447,0.07583572110792741,0.05730659025787966,0.07774594078319007,0.03667621776504298,0.06494746895893028,0.05826170009551098,0.034383954154727794,0.058643744030563515,0.07373447946513849,0.05425023877745941,0.053104106972301814,0.057879656160458454,0.05234001910219675,0.0504297994269341,0.0166189111747851,0.04202483285577841,0.05081184336198663,0.05119388729703916,0.04603629417382999,0.04775549188156638,0.046609360076408785,0.03724928366762178,0.0443170964660936,0.03361986628462273,0.05711556829035339,0.048137535816618914,0.04603629417382999,0.048137535816618914,0.06380133715377269,0.0714422158548233,0.06437440305635148,0.06017191977077364,0.05807067812798472,0.05768863419293219,0.07048710601719198,0.03476599808978032,0.06208213944603629,0.06284622731614135,0.035148042024832855,0.0066857688634192934,0.05348615090735435,0.042406876790830945,0.04851957975167144,0.046418338108882524,0.053677172874880615,0.056160458452722065,0.05520534861509074,0.046418338108882524,0.05768863419293219,0.045463228271251196,0.043170964660936006,0.05711556829035339,0.04909264565425024,0.057879656160458454,0.04049665711556829,0.04469914040114613,0.06246418338108883,0.05501432664756447,0.03037249283667622,0.04278892072588348,0.05768863419293219,0.06284622731614135,0.04355300859598854,0.06513849092645654,0.03533906399235912,0.05195797516714422,0.04699140401146132,0.04450811843361987,0.04011461318051576,0.03495702005730659,0.03361986628462273,0.03858643744030563,0.05902578796561605,0.02941738299904489,0.04775549188156638,0.04374403056351481,0.046418338108882524,0.010315186246418338,0.04737344794651385,0.02349570200573066,0.07488061127029609,0.0498567335243553,0.05272206303724929,0.046609360076408785,0.031900668576886344,0.04469914040114613,0.04508118433619866,0.04947468958930277,0.03973256924546323,0.031900668576886344,0.05195797516714422,0.043170964660936006,0.05520534861509074,0.026170009551098376,0.044890162368672396,0.04126074498567335,0.04011461318051576,0.036867239732569244,0.04278892072588348,0.056160458452722065,0.05253104106972302,0.0443170964660936,0.03419293218720153,0.035148042024832855,0.02941738299904489,0.05845272206303725,0.04126074498567335,0.048328557784145174,0.02903533906399236,0.045654250238777457,0.04680038204393505,0.04145176695319962,0.04259789875835721,0.04680038204393505,0.048137535816618914,0.04680038204393505,0.03304680038204393,0.053868194842406875,0.027507163323782235,0.03285577841451767,0.027698185291308502,0.0498567335243553,0.03533906399235912,0.02139446036294174,0.026170009551098376,0.03361986628462273,0.026743075453677174,0.04126074498567335,0.027316141356255968
nh0194,1.0,0.5894459102902375,0.5773087071240105,0.2536499560246262,0.394547053649956,0.3175021987686895,0.4571679859278804,0.28830255057167986,0.2714160070360598,0.29762532981530343,0.36534740545294636,0.2276165347405453,0.22849604221635883,0.2478452066842568,0.24643799472295513,0.2752858399296394,0.21284080914687775,0.1683377308707124,0.21794195250659631,0.23852242744063323,0.18153034300791557,0.21706244503078276,0.16499560246262093,0.2372911169744943,0.21055408970976253,0.17255936675461742,0.13579595426561125,0.14019349164467898,0.1704485488126649,0.17326297273526825,0.18258575197889182,0.10976253298153034,0.16517150395778363,0.16974494283201408,0.162532981530343,0.13139841688654352,0.15338610378188214,0.12752858399296393,0.1526824978012313,0.11292875989445911,0.09357959542656112,0.09797713280562885,0.15584872471416006,0.1405452946350044,0.12524186455584874,0.13491644678979772,0.1266490765171504,0.13984168865435356,0.20369393139841688,0.16745822339489885,0.07598944591029023,0.1289357959542656,0.079155672823219,0.12172383465259455,0.11029023746701846,0.11855760773966578,0.07141600703605981,0.14107299912049254,0.10853122251539138,0.11380826737027265,0.11503957783641161,0.08460861917326297,0.14177660510114337,0.11943711521547933,0.11802990325417766,0.11855760773966578,0.08038698328935796,0.0890061565523307,0.11943711521547933,0.09252418645558487,0.08179419525065963,0.0990325417766051,0.10782761653474054,0.10536499560246262,0.10624450307827617,0.126297273526825,0.05716798592788039,0.05576077396657871,0.08179419525065963,0.12999120492524185,0.09938434476693052,0.1247141600703606,0.10043975373790677,0.07950747581354442,0.09656992084432718,0.10448548812664908,0.11627088830255057,0.1067722075637643,0.1465259454705365,0.0932277924362357,0.09551451187335093,0.13720316622691292,0.12858399296394019,0.07405452946350044,0.06508355321020229,0.08091468777484609,0.08759894459102903,0.07370272647317502,0.10835532102022867,0.10061565523306948,0.05787159190853122,0.11451187335092348,0.08091468777484609,0.07968337730870713,0.17080035180299033,0.093051890941073,0.08777484608619174,0.08249780123131047,0.09094107299912049,0.09797713280562885,0.09340369393139841,0.05664028144239226,0.08267370272647317,0.07036059806508356,0.11187335092348286,0.07018469656992084,0.0733509234828496,0.09868073878627968,0.07176781002638523,0.06860158311345646,0.05593667546174143,0.10149516270888302,0.0810905892700088,0.079155672823219,0.0851363236587511,0.05593667546174143,0.07423043095866315,0.08161829375549692,0.0932277924362357,0.049428320140721196,0.07933157431838171,0.05927880386983289,0.08179419525065963,0.04854881266490765,0.06279683377308708,0.07159190853122252,0.062269129287598944,0.05030782761653474,0.0752858399296394,0.07985927880386984,0.056464379947229554,0.10765171503957784,0.07757255936675461,0.07053649956024627,0.0890061565523307,0.06297273526824979,0.0832014072119613,0.06015831134564644,0.07159190853122252,0.05241864555848725,0.06666666666666667,0.05611257695690414,0.07423043095866315,0.05224274406332454,0.0710642040457344,0.06649076517150396,0.05963060686015831,0.07211961301671065,0.06789797713280563,0.08021108179419525,0.0693051890941073,0.0851363236587511,0.056288478452066845,0.06191732629727353,0.0789797713280563,0.05804749340369393,0.065259454705365,0.05030782761653474,0.07194371152154794,0.04063324538258575,0.07264731750219877,0.08970976253298153,0.07598944591029023,0.07880386983289359,0.04678979771328056,0.0673702726473175,0.05488126649076517,0.04432717678100264,0.07440633245382586,0.0890061565523307,0.05822339489885664,0.05224274406332454,0.06684256816182937,0.062269129287598944,0.05488126649076517,0.02515391380826737,0.06350043975373791,0.05716798592788039,0.0534740545294635,0.04591029023746702,0.06789797713280563,0.0613896218117854,0.040457343887423045,0.054177660510114335,0.037115215479331574,0.07211961301671065,0.06437994722955145,0.048197009674582236,0.05980650835532102,0.058751099384344765,0.061037818821459984,0.08284960422163588,0.06877748460861917,0.049780123131046614,0.06402814423922604,0.0810905892700088,0.041688654353562005,0.07493403693931398,0.07176781002638523,0.05593667546174143,0.014423922603342128,0.07634124890061565,0.06262093227792437,0.051011433597185574,0.05505716798592788,0.0613896218117854,0.06068601583113457,0.06578715919085312,0.05206684256816183,0.06824978012313104,0.051890941072999124,0.052770448548812667,0.05206684256816183,0.05664028144239226,0.06385224274406333,0.046262093227792435,0.055584872471416004,0.05963060686015831,0.049604221635883905,0.042744063324538256,0.037115215479331574,0.05998240985048373,0.07018469656992084,0.041512752858399296,0.06912928759894459,0.0455584872471416,0.055408970976253295,0.043623570800351806,0.04802110817941953,0.049604221635883905,0.033773087071240104,0.043799472295514515,0.042919964819700965,0.05857519788918206,0.03394898856640281,0.04256816182937555,0.04872471416007036,0.04397537379067722,0.0177660510114336,0.05505716798592788,0.0631486367634125,0.06420404573438875,0.054177660510114335,0.05224274406332454,0.05048372911169745,0.03518029903254178,0.045030782761653475,0.04467897977132806,0.06473175021987687,0.04239226033421284,0.037115215479331574,0.040457343887423045,0.05664028144239226,0.055408970976253295,0.03746701846965699,0.053122251539138084,0.05118733509234828,0.041688654353562005,0.04256816182937555,0.04766930518909411,0.0789797713280563,0.06051011433597186,0.04204045734388742,0.042919964819700965,0.035004397537379064,0.0395778364116095,0.046262093227792435,0.035004397537379064,0.057519788918205805,0.03869832893579595,0.05400175901495163,0.056288478452066845,0.04080914687774846,0.045030782761653475,0.037115215479331574,0.047493403693931395,0.047493403693931395,0.03641160949868074,0.051715039577836415,0.05030782761653474,0.03271767810026385,0.030958663148636763,0.05505716798592788,0.03975373790677221,0.02990325417766051,0.029199648197009674,0.03430079155672823,0.03271767810026385,0.04063324538258575,0.030430958663148638
nh0195,1.0,0.6491160645657187,0.5764796310530361,0.4369715603382014,0.23520368946963874,0.4477325134511914,0.30822444273635663,0.462336664104535,0.3093774019984627,0.3059185242121445,0.17947732513451192,0.21137586471944658,0.25672559569561876,0.27824750192159875,0.3109146810146042,0.30553420445810914,0.2744043043812452,0.26479631053036123,0.29861644888547273,0.30207532667179093,0.2209838585703305,0.27132974634896234,0.29093005380476555,0.1506533435818601,0.2697924673328209,0.2632590315142198,0.23789392774788623,0.21598770176787088,0.17294388931591084,0.2578785549577248,0.26133743274404303,0.15757109915449655,0.1933128362797848,0.19715603382013835,0.2555726364335127,0.207532667179093,0.191391237509608,0.15641813989239048,0.13950807071483473,0.15526518063028438,0.1533435818601076,0.18178324365872406,0.1491160645657187,0.1660261337432744,0.21637202152190624,0.207532667179093,0.1264411990776326,0.18370484242890084,0.11529592621060722,0.180630284396618,0.18562644119907765,0.10760953112990007,0.1245196003074558,0.21176018447348194,0.10299769408147579,0.11183704842428902,0.06879323597232898,0.20714834742505764,0.054573405073020755,0.14335126825518832,0.1614142966948501,0.11990776325903152,0.10684089162182936,0.14411990776325903,0.10991544965411222,0.1345119139123751,0.10722521137586472,0.11029976940814758,0.08877786318216756,0.1372021521906226,0.1037663335895465,0.1940814757878555,0.0930053804765565,0.11414296694850115,0.11875480399692544,0.13873943120676402,0.09915449654112221,0.14796310530361262,0.12605687932359724,0.056110684089162186,0.09531129900076864,0.07340507302075326,0.09684857801691008,0.17140661029976942,0.0964642582628747,0.0983858570330515,0.08762490392006149,0.12759415833973867,0.057263643351268254,0.07109915449654113,0.10607225211375865,0.08531898539584935,0.13835511145272866,0.1245196003074558,0.08186010760953114,0.10146041506533436,0.07955418908531899,0.13297463489623368,0.08493466564181398,0.10338201383551114,0.09415833973866257,0.0730207532667179,0.09454265949269793,0.09146810146041506,0.06994619523443504,0.12144504227517294,0.1264411990776326,0.08570330514988471,0.13335895465026903,0.13489623366641046,0.16564181398923905,0.09069946195234435,0.10991544965411222,0.095695618754804,0.07340507302075326,0.13028439661798616,0.1345119139123751,0.026133743274404306,0.09377401998462721,0.09262106072252113,0.10722521137586472,0.09377401998462721,0.1037663335895465,0.11337432744043044,0.09069946195234435,0.09877017678708686,0.04919292851652575,0.10069177555726365,0.07340507302075326,0.05764796310530361,0.11029976940814758,0.08608762490392007,0.1218293620292083,0.0749423520368947,0.09723289777094543,0.12144504227517294,0.06379707916986933,0.06072252113758647,0.0830130668716372,0.07071483474250577,0.11337432744043044,0.06341275941583398,0.10415065334358185,0.10261337432744043,0.10914681014604151,0.07609531129900077,0.07916986933128363,0.09761721752498079,0.13412759415833975,0.10299769408147579,0.0930053804765565,0.07571099154496541,0.0830130668716372,0.08416602613374327,0.08070714834742505,0.06840891621829362,0.058800922367409685,0.05995388162951576,0.09415833973866257,0.05149884704073789,0.07455803228285934,0.08608762490392007,0.04688700999231361,0.07340507302075326,0.07916986933128363,0.05918524212144504,0.05226748654880861,0.05265180630284397,0.06379707916986933,0.0649500384319754,0.05111452728670254,0.06725595695618755,0.07801691006917756,0.08762490392006149,0.05149884704073789,0.07033051498847041,0.10453497309761722,0.05572636433512682,0.07878554957724827,0.07033051498847041,0.10760953112990007,0.1083781706379708,0.03151421983089931,0.05764796310530361,0.061491160645657184,0.04342813220599539,0.0541890853189854,0.061875480399692546,0.05226748654880861,0.06879323597232898,0.12836279784780938,0.0595695618754804,0.08070714834742505,0.07455803228285934,0.05995388162951576,0.0883935434281322,0.061491160645657184,0.05918524212144504,0.08647194465795542,0.061875480399692546,0.08916218293620293,0.035357417371252885,0.06264411990776327,0.05342044581091468,0.06879323597232898,0.07763259031514219,0.049577248270561106,0.0649500384319754,0.05073020753266718,0.058800922367409685,0.13604919292851653,0.07263643351268255,0.11568024596464259,0.07263643351268255,0.05495772482705611,0.05265180630284397,0.0730207532667179,0.06956187548039969,0.08762490392006149,0.0568793235972329,0.0415065334358186,0.0568793235972329,0.05265180630284397,0.05841660261337433,0.04189085318985396,0.05342044581091468,0.06725595695618755,0.04688700999231361,0.06379707916986933,0.1372021521906226,0.07993850883935434,0.04919292851652575,0.0883935434281322,0.0441967717140661,0.030361260568793236,0.0334358186010761,0.048808608762490394,0.042275172943889314,0.043812451960030745,0.06341275941583398,0.06610299769408147,0.05572636433512682,0.07647963105303612,0.03727901614142967,0.0649500384319754,0.0964642582628747,0.038047655649500384,0.06341275941583398,0.03228285933897002,0.11606456571867795,0.0007686395080707148,0.06072252113758647,0.03112990007686395,0.02843966179861645,0.043812451960030745,0.0361260568793236,0.057263643351268254,0.07686395080707148,0.05188316679477325,0.04496541122213682,0.07033051498847041,0.03766333589546503,0.048808608762490394,0.061875480399692546,0.056110684089162186,0.04265949269792468,0.05188316679477325,0.053036126056879324,0.03689469638739431,0.034588777863182166,0.07724827056110684,0.04304381245196003,0.07340507302075326,0.04688700999231361,0.025749423520368946,0.03651037663335895,0.0930053804765565,0.07186779400461184,0.07455803228285934,0.04765564950038432,0.04996156802459646,0.033051498847040735,0.08685626441199078,0.054573405073020755,0.06379707916986933,0.03996925441967717,0.048808608762490394,0.04688700999231361,0.029208301306687164,0.08262874711760185,0.09262106072252113,0.06110684089162183,0.12490392006149116,0.07340507302075326,0.02959262106072252,0.06533435818601076,0.033820138355111454,0.04996156802459646,0.10953112990007687,0.03996925441967717
nh0196,1.0,0.5034077555816686,0.49612220916568744,0.3393654524089307,0.3499412455934195,0.3525264394829612,0.22162162162162163,0.3316098707403055,0.3607520564042303,0.25522914218566395,0.22350176263219743,0.2592244418331375,0.2427732079905993,0.25217391304347825,0.2650998824911868,0.21057579318448882,0.18566392479435959,0.21621621621621623,0.20846063454759106,0.1699177438307873,0.2063454759106933,0.15299647473560518,0.14289071680376028,0.25405405405405407,0.11656874265569918,0.18519388954171562,0.15393654524089306,0.17931844888366627,0.17038777908343125,0.11163337250293771,0.08860164512338425,0.17015276145710928,0.12385428907168038,0.2044653349001175,0.11985898942420682,0.1471210340775558,0.1584018801410106,0.10740305522914219,0.12220916568742655,0.13207990599294947,0.13207990599294947,0.0900117508813161,0.16333725029377202,0.12408930669800235,0.11515863689776733,0.06533490011750881,0.09424206815511163,0.0982373678025852,0.0963572267920094,0.10505287896592244,0.06603995299647474,0.11515863689776733,0.14195064629847237,0.11797884841363102,0.18354876615746182,0.13396004700352526,0.14242068155111634,0.06650998824911869,0.10270270270270271,0.1036427732079906,0.08742655699177439,0.10646298472385429,0.07097532314923619,0.12573443008225618,0.1236192714453584,0.15229142185663924,0.0881316098707403,0.09400705052878966,0.10928319623971798,0.07332549941245593,0.09518213866039953,0.08484136310223267,0.11774383078730905,0.08319623971797885,0.10223266745005875,0.0827262044653349,0.14477085781433607,0.07144535840188014,0.08907168037602821,0.11304347826086956,0.11116333725029377,0.10223266745005875,0.09941245593419507,0.06345475910693302,0.07027027027027027,0.0745005875440658,0.0827262044653349,0.0836662749706228,0.07873090481786134,0.11398354876615746,0.07403055229142186,0.08507638072855464,0.06462984723854288,0.06486486486486487,0.08225616921269095,0.1099882491186839,0.08789659224441833,0.0773207990599295,0.043948296122209164,0.05381903642773208,0.10575793184488837,0.06698002350176263,0.09306698002350176,0.0655699177438308,0.06792009400705053,0.07074030552291422,0.06274970622796709,0.0836662749706228,0.04535840188014101,0.05428907168037603,0.04676850763807285,0.07121034077555817,0.06321974148061105,0.09847238542890717,0.07144535840188014,0.06580493537015276,0.08249118683901292,0.0662749706227967,0.06086956521739131,0.07685076380728555,0.06039952996474736,0.04418331374853114,0.06486486486486487,0.06039952996474736,0.06039952996474736,0.057579318448883664,0.08343125734430082,0.05804935370152761,0.06862514688601645,0.04230317273795535,0.04935370152761457,0.04982373678025852,0.057579318448883664,0.09612220916568742,0.09870740305522914,0.05193889541715629,0.046063454759106934,0.13160987074030553,0.07497062279670975,0.07003525264394829,0.05217391304347826,0.07168037602820211,0.04206815511163337,0.06650998824911869,0.04653349001175088,0.0472385428907168,0.05663924794359577,0.05217391304347826,0.061574618096357225,0.037132784958871914,0.043243243243243246,0.0681551116333725,0.05428907168037603,0.05569917743830787,0.04700352526439483,0.05593419506462985,0.0554641598119859,0.05734430082256169,0.03807285546415981,0.061574618096357225,0.05828437132784959,0.0672150411280846,0.06415981198589894,0.04065804935370153,0.06698002350176263,0.057579318448883664,0.06533490011750881,0.07121034077555817,0.036427732079905996,0.05381903642773208,0.05804935370152761,0.0773207990599295,0.04418331374853114,0.03595769682726205,0.046298472385428904,0.045593419506462986,0.04042303172737955,0.06345475910693302,0.039247943595769684,0.028672150411280847,0.037132784958871914,0.03854289071680376,0.050058754406580495,0.057109283196239716,0.04488836662749706,0.050763807285546414,0.057109283196239716,0.035017626321974145,0.05217391304347826,0.05381903642773208,0.02937720329024677,0.030317273795534665,0.06439482961222091,0.03290246768507638,0.0472385428907168,0.02138660399529965,0.06368977673325499,0.043478260869565216,0.030787309048178613,0.03384253819036428,0.03219741480611046,0.04206815511163337,0.06533490011750881,0.05405405405405406,0.03384253819036428,0.03313748531139835,0.04653349001175088,0.03337250293772033,0.036427732079905996,0.04935370152761457,0.0472385428907168,0.036897767332549944,0.03149236192714454,0.03149236192714454,0.05569917743830787,0.043713278495887194,0.0199764982373678,0.03830787309048179,0.03290246768507638,0.0418331374853114,0.04535840188014101,0.059224441833137485,0.03854289071680376,0.046298472385428904,0.04136310223266745,0.05569917743830787,0.047943595769682726,0.037132784958871914,0.03830787309048179,0.02044653349001175,0.0336075205640423,0.0672150411280846,0.029847238542890717,0.03971797884841363,0.04230317273795535,0.043713278495887194,0.03830787309048179,0.03854289071680376,0.03008225616921269,0.04418331374853114,0.034312573443008226,0.032667450058754405,0.07285546415981199,0.03854289071680376,0.03008225616921269,0.02326674500587544,0.029612220916568743,0.05381903642773208,0.04512338425381904,0.02890716803760282,0.03854289071680376,0.05193889541715629,0.050293772032902466,0.07309048178613396,0.05193889541715629,0.0972972972972973,0.036897767332549944,0.02702702702702703,0.03149236192714454,0.05123384253819036,0.06204465334900117,0.03830787309048179,0.03830787309048179,0.027262044653349003,0.03125734430082256,0.05381903642773208,0.02209165687426557,0.039247943595769684,0.05569917743830787,0.050763807285546414,0.02326674500587544,0.04418331374853114,0.03313748531139835,0.04488836662749706,0.04512338425381904,0.04864864864864865,0.03807285546415981,0.02373678025851939,0.02773207990599295,0.04206815511163337,0.03008225616921269,0.04018801410105758,0.015041128084606345,0.04206815511163337,0.026321974148061103,0.02138660399529965,0.018566392479435957,0.03971797884841363,0.032432432432432434,0.034312573443008226,0.01762632197414806,0.04958871915393655,0.031962397179788486,0.03290246768507638,0.03548766157461809,0.027262044653349003,0.0564042303172738,0.03783783783783784,0.015511163337250293,0.024206815511163337
nh0197,1.0,0.5129455909943715,0.5804878048780487,0.5058161350844278,0.3200750469043152,0.3305816135084428,0.3339587242026266,0.2679174484052533,0.33095684803001874,0.3279549718574109,0.31594746716697936,0.2881801125703565,0.3125703564727955,0.23527204502814258,0.19662288930581615,0.2168855534709193,0.21088180112570357,0.2547842401500938,0.24390243902439024,0.19099437148217635,0.23939962476547844,0.18649155722326455,0.27692307692307694,0.21838649155722326,0.1894934333958724,0.15722326454033772,0.15647279549718573,0.1849906191369606,0.16397748592870545,0.19099437148217635,0.12983114446529082,0.18161350844277674,0.17673545966228893,0.15647279549718573,0.12232645403377111,0.16923076923076924,0.1527204502814259,0.17410881801125705,0.14409005628517824,0.15084427767354597,0.1699812382739212,0.12157598499061914,0.12082551594746717,0.1403377110694184,0.08968105065666042,0.0803001876172608,0.31444652908067544,0.15384615384615385,0.10544090056285178,0.10619136960600375,0.09118198874296435,0.12082551594746717,0.17823639774859287,0.12157598499061914,0.13771106941838648,0.11707317073170732,0.14934333958724202,0.12532833020637899,0.13883677298311445,0.1549718574108818,0.08555347091932458,0.13358348968105066,0.10544090056285178,0.08292682926829269,0.12532833020637899,0.1200750469043152,0.09418386491557224,0.13170731707317074,0.09343339587242026,0.10956848030018762,0.12983114446529082,0.06378986866791744,0.10206378986866792,0.11106941838649156,0.09643527204502814,0.08555347091932458,0.11144465290806754,0.0776735459662289,0.07579737335834896,0.11031894934333959,0.10131332082551595,0.11444652908067542,0.11782363977485928,0.08705440900562852,0.11069418386491557,0.10619136960600375,0.08555347091932458,0.08893058161350845,0.08630393996247655,0.13921200750469043,0.1073170731707317,0.1076923076923077,0.0772983114446529,0.13883677298311445,0.15084427767354597,0.10356472795497186,0.12157598499061914,0.08330206378986867,0.10206378986866792,0.061163227016885556,0.13696060037523453,0.06266416510318949,0.08968105065666042,0.08367729831144466,0.09230769230769231,0.07842401500938086,0.07542213883677298,0.08930581613508443,0.11069418386491557,0.10469043151969981,0.07091932457786117,0.11369606003752346,0.057410881801125704,0.08180112570356472,0.08555347091932458,0.09606003752345216,0.08818011257035648,0.276172607879925,0.07279549718574109,0.08630393996247655,0.10206378986866792,0.07917448405253283,0.08667917448405253,0.07354596622889306,0.10168855534709194,0.060412757973733584,0.06529080675422139,0.05853658536585366,0.06303939962476549,0.10093808630393997,0.09343339587242026,0.0825515947467167,0.05853658536585366,0.09193245778611632,0.05928705440900563,0.04390243902439024,0.05403377110694184,0.09343339587242026,0.08217636022514072,0.07879924953095685,0.06266416510318949,0.06904315196998125,0.05553470919324578,0.08705440900562852,0.0600375234521576,0.07879924953095685,0.06904315196998125,0.06266416510318949,0.0803001876172608,0.05966228893058161,0.10393996247654784,0.0697936210131332,0.07654784240150093,0.0600375234521576,0.060412757973733584,0.06566604127579738,0.07129455909943715,0.05928705440900563,0.08555347091932458,0.06941838649155722,0.058161350844277676,0.05328330206378987,0.0697936210131332,0.07917448405253283,0.06191369606003752,0.08405253283302064,0.08818011257035648,0.05590994371482176,0.11969981238273922,0.12607879924953097,0.025140712945590993,0.061163227016885556,0.052157598499061916,0.04878048780487805,0.07654784240150093,0.06829268292682927,0.04727954971857411,0.07804878048780488,0.049906191369606,0.03902439024390244,0.05028142589118199,0.06228893058161351,0.09568480300187618,0.07317073170731707,0.06829268292682927,0.1174484052532833,0.0600375234521576,0.09793621013133208,0.06566604127579738,0.07617260787992496,0.060412757973733584,0.07204502814258912,0.06378986866791744,0.06491557223264541,0.06491557223264541,0.08855534709193245,0.045403377110694185,0.06078799249530957,0.03302063789868668,0.08367729831144466,0.06604127579737336,0.07166979362101314,0.06228893058161351,0.05065666041275797,0.06491557223264541,0.046153846153846156,0.04690431519699812,0.05966228893058161,0.0401500938086304,0.046153846153846156,0.09155722326454034,0.05478424015009381,0.045403377110694185,0.0375234521575985,0.05853658536585366,0.04390243902439024,0.0401500938086304,0.06454033771106941,0.07204502814258912,0.02176360225140713,0.06454033771106941,0.051407129455909945,0.060412757973733584,0.03902439024390244,0.060412757973733584,0.05891181988742964,0.0401500938086304,0.042401500938086305,0.05065666041275797,0.03527204502814259,0.03827392120075047,0.0401500938086304,0.049155722326454036,0.05328330206378987,0.05628517823639775,0.0675422138836773,0.05928705440900563,0.05365853658536585,0.031144465290806753,0.03864915572232645,0.06716697936210131,0.06641651031894934,0.05628517823639775,0.04878048780487805,0.02926829268292683,0.04165103189493433,0.03714821763602252,0.058161350844277676,0.1099437148217636,0.10056285178236397,0.23414634146341465,0.04577861163227017,0.04765478424015009,0.039399624765478425,0.04652908067542214,0.03977485928705441,0.03377110694183865,0.04652908067542214,0.05290806754221388,0.06378986866791744,0.05628517823639775,0.04090056285178236,0.04090056285178236,0.049906191369606,0.049155722326454036,0.046153846153846156,0.05553470919324578,0.04090056285178236,0.06641651031894934,0.04390243902439024,0.03827392120075047,0.0348968105065666,0.03452157598499062,0.04727954971857411,0.06829268292682927,0.051407129455909945,0.05553470919324578,0.05065666041275797,0.03227016885553471,0.03789868667917448,0.028893058161350845,0.0525328330206379,0.04577861163227017,0.0450281425891182,0.052157598499061916,0.042401500938086305,0.04202626641651032,0.02326454033771107,0.061163227016885556,0.03564727954971857,0.03864915572232645,0.0900562851782364,0.03414634146341464,0.03527204502814259,0.07317073170731707,0.04127579737335835,0.03827392120075047,0.021388367729831145,0.02401500938086304,0.03864915572232645
nh0198,1.0,0.5482233502538071,0.5441624365482234,0.31269035532994927,0.2598984771573604,0.37208121827411167,0.32791878172588834,0.2984771573604061,0.2578680203045685,0.2893401015228426,0.2050761421319797,0.2654822335025381,0.2050761421319797,0.18375634517766498,0.23401015228426397,0.19898477157360406,0.21928934010152284,0.2020304568527919,0.21116751269035533,0.19137055837563452,0.20456852791878172,0.19035532994923857,0.18223350253807108,0.2319796954314721,0.17918781725888325,0.1736040609137056,0.12741116751269035,0.17868020304568527,0.15786802030456853,0.13553299492385787,0.15228426395939088,0.15736040609137056,0.17106598984771573,0.15583756345177666,0.1314720812182741,0.14720812182741116,0.1319796954314721,0.13807106598984772,0.12944162436548223,0.15076142131979695,0.1532994923857868,0.11776649746192894,0.11878172588832488,0.13451776649746192,0.10964467005076142,0.12284263959390863,0.19289340101522842,0.14060913705583755,0.09847715736040609,0.0715736040609137,0.11116751269035532,0.08883248730964467,0.1182741116751269,0.09086294416243655,0.11116751269035532,0.1116751269035533,0.10203045685279188,0.116751269035533,0.13604060913705585,0.11116751269035532,0.07563451776649746,0.10710659898477157,0.11624365482233502,0.06954314720812182,0.13959390862944163,0.09238578680203045,0.08071065989847716,0.0868020304568528,0.12538071065989848,0.083248730964467,0.1401015228426396,0.0766497461928934,0.08375634517766498,0.08629441624365482,0.0883248730964467,0.0868020304568528,0.083248730964467,0.11015228426395939,0.1081218274111675,0.05939086294416244,0.09796954314720813,0.07766497461928934,0.07461928934010152,0.08934010152284264,0.09796954314720813,0.09340101522842639,0.09035532994923857,0.0868020304568528,0.07106598984771574,0.10152284263959391,0.09796954314720813,0.05532994923857868,0.09441624365482233,0.08274111675126904,0.10558375634517767,0.10304568527918782,0.08578680203045685,0.08426395939086294,0.09949238578680203,0.08071065989847716,0.09949238578680203,0.10406091370558376,0.08426395939086294,0.08020304568527918,0.05736040609137056,0.08121827411167512,0.050761421319796954,0.07766497461928934,0.07918781725888324,0.08121827411167512,0.07614213197969544,0.07817258883248732,0.06954314720812182,0.1081218274111675,0.06954314720812182,0.1081218274111675,0.1050761421319797,0.16598984771573605,0.083248730964467,0.062436548223350256,0.062436548223350256,0.09238578680203045,0.06345177664974619,0.07969543147208122,0.05989847715736041,0.083248730964467,0.07055837563451776,0.06446700507614213,0.06294416243654823,0.0751269035532995,0.06598984771573604,0.05583756345177665,0.09086294416243655,0.05431472081218274,0.06040609137055838,0.03451776649746193,0.04263959390862944,0.0715736040609137,0.1131979695431472,0.05888324873096447,0.05939086294416244,0.06192893401015229,0.07258883248730964,0.08223350253807106,0.066497461928934,0.07614213197969544,0.062436548223350256,0.05939086294416244,0.04467005076142132,0.06345177664974619,0.04467005076142132,0.05583756345177665,0.08020304568527918,0.06294416243654823,0.05939086294416244,0.04213197969543147,0.09441624365482233,0.05177664974619289,0.0883248730964467,0.05431472081218274,0.06751269035532995,0.048223350253807105,0.05380710659898477,0.06091370558375635,0.07715736040609138,0.06548223350253807,0.05431472081218274,0.06903553299492386,0.0700507614213198,0.06548223350253807,0.0416243654822335,0.09746192893401015,0.048730964467005075,0.0700507614213198,0.049746192893401014,0.05736040609137056,0.05177664974619289,0.07411167512690356,0.04619289340101523,0.03147208121827411,0.03705583756345178,0.06091370558375635,0.05888324873096447,0.05380710659898477,0.066497461928934,0.06802030456852792,0.046700507614213196,0.07208121827411168,0.051269035532994923,0.0649746192893401,0.05380710659898477,0.05685279187817259,0.04365482233502538,0.05431472081218274,0.0817258883248731,0.04365482233502538,0.05685279187817259,0.046700507614213196,0.05532994923857868,0.0583756345177665,0.051269035532994923,0.04213197969543147,0.03654822335025381,0.04314720812182741,0.047715736040609136,0.05431472081218274,0.04314720812182741,0.03604060913705584,0.03350253807106599,0.05177664974619289,0.05634517766497462,0.04010152284263959,0.03857868020304569,0.06294416243654823,0.04416243654822335,0.03451776649746193,0.06700507614213198,0.03553299492385787,0.04314720812182741,0.03654822335025381,0.03807106598984772,0.050761421319796954,0.0416243654822335,0.050761421319796954,0.05939086294416244,0.06091370558375635,0.05532994923857868,0.05177664974619289,0.06142131979695432,0.047715736040609136,0.03350253807106599,0.051269035532994923,0.05380710659898477,0.04060913705583756,0.046700507614213196,0.04619289340101523,0.05482233502538071,0.049238578680203045,0.04111675126903553,0.06345177664974619,0.0350253807106599,0.03654822335025381,0.049746192893401014,0.03807106598984772,0.049238578680203045,0.023350253807106598,0.03553299492385787,0.04365482233502538,0.05736040609137056,0.02081218274111675,0.14111675126903553,0.04517766497461929,0.0583756345177665,0.04010152284263959,0.04619289340101523,0.030964467005076143,0.049746192893401014,0.03147208121827411,0.04568527918781726,0.03756345177664975,0.04263959390862944,0.02233502538071066,0.04619289340101523,0.03248730964467005,0.04111675126903553,0.03604060913705584,0.048223350253807105,0.047208121827411166,0.049238578680203045,0.03756345177664975,0.05431472081218274,0.03147208121827411,0.030964467005076143,0.04416243654822335,0.05482233502538071,0.03553299492385787,0.06091370558375635,0.05736040609137056,0.026395939086294416,0.04263959390862944,0.02233502538071066,0.03604060913705584,0.03553299492385787,0.049238578680203045,0.027918781725888325,0.05736040609137056,0.0350253807106599,0.03604060913705584,0.026395939086294416,0.023350253807106598,0.029949238578680204,0.03299492385786802,0.02081218274111675,0.03654822335025381,0.028426395939086295,0.023857868020304568,0.09238578680203045,0.03908629441624366,0.04416243654822335,0.04416243654822335
nh0199,1.0,0.5534804753820034,0.4405772495755518,0.47538200339558573,0.34804753820033957,0.3837011884550085,0.2767402376910017,0.27504244482173174,0.2843803056027165,0.3030560271646859,0.25551782682512736,0.27843803056027167,0.3174872665534805,0.19185059422750425,0.19779286926994907,0.23684210526315788,0.20967741935483872,0.27504244482173174,0.2495755517826825,0.18590831918505943,0.2546689303904924,0.17232597623089982,0.19524617996604415,0.22835314091680814,0.1799660441426146,0.18760611205432937,0.1833616298811545,0.16723259762308998,0.17402376910016978,0.16553480475382004,0.11629881154499151,0.20543293718166383,0.16553480475382004,0.18590831918505943,0.14770797962648557,0.1765704584040747,0.15280135823429541,0.1273344651952462,0.14431239388794567,0.15534804753820033,0.12903225806451613,0.11884550084889643,0.11375212224108659,0.1307300509337861,0.07894736842105263,0.09083191850594227,0.17572156196943972,0.12818336162988114,0.13921901528013583,0.09507640067911714,0.11460101867572156,0.11714770797962648,0.200339558573854,0.10441426146010187,0.12478777589134125,0.10441426146010187,0.15534804753820033,0.11544991511035653,0.1434634974533107,0.1570458404074703,0.0899830220713073,0.17402376910016978,0.10780984719864177,0.08234295415959253,0.10186757215619695,0.11714770797962648,0.06960950764006792,0.10865874363327674,0.13242784380305603,0.08149405772495756,0.11799660441426146,0.053480475382003394,0.0865874363327674,0.10441426146010187,0.09083191850594227,0.09592529711375213,0.11120543293718166,0.09762308998302208,0.09252971137521222,0.09762308998302208,0.11460101867572156,0.11035653650254669,0.09507640067911714,0.07555178268251274,0.08234295415959253,0.1731748726655348,0.07724957555178268,0.08573853989813243,0.06112054329371817,0.12393887945670629,0.10186757215619695,0.10611205432937182,0.07045840407470289,0.12054329371816638,0.13242784380305603,0.06791171477079797,0.1035653650254669,0.09168081494057725,0.10950764006791172,0.06281833616298811,0.14091680814940577,0.07809847198641766,0.12563667232597622,0.07979626485568761,0.08064516129032258,0.06196943972835314,0.06706281833616298,0.07809847198641766,0.09252971137521222,0.07215619694397284,0.0730050933786078,0.13242784380305603,0.03735144312393888,0.08234295415959253,0.07130730050933787,0.07640067911714771,0.055178268251273345,0.11714770797962648,0.059422750424448216,0.0865874363327674,0.08234295415959253,0.07894736842105263,0.0730050933786078,0.07215619694397284,0.12054329371816638,0.0466893039049236,0.05602716468590832,0.07979626485568761,0.07894736842105263,0.1400679117147708,0.07470288624787776,0.08404074702886248,0.050933786078098474,0.07130730050933787,0.050933786078098474,0.05178268251273345,0.050933786078098474,0.1035653650254669,0.07894736842105263,0.09507640067911714,0.06791171477079797,0.06960950764006792,0.05432937181663837,0.07724957555178268,0.08913412563667232,0.10186757215619695,0.09507640067911714,0.06621392190152801,0.05263157894736842,0.06112054329371817,0.08743633276740238,0.07979626485568761,0.07130730050933787,0.06536502546689305,0.05857385398981324,0.08234295415959253,0.057724957555178265,0.08234295415959253,0.07894736842105263,0.07894736842105263,0.06706281833616298,0.05178268251273345,0.08404074702886248,0.07385398981324279,0.0730050933786078,0.06960950764006792,0.11969439728353141,0.05178268251273345,0.10696095076400679,0.06112054329371817,0.03310696095076401,0.04923599320882852,0.04499151103565365,0.044142614601018676,0.08404074702886248,0.05432937181663837,0.04159592529711375,0.06876061120543293,0.04838709677419355,0.0500848896434635,0.042444821731748725,0.06451612903225806,0.0831918505942275,0.05857385398981324,0.0500848896434635,0.05263157894736842,0.04838709677419355,0.08488964346349745,0.06281833616298811,0.07640067911714771,0.02801358234295416,0.06027164685908319,0.055178268251273345,0.05602716468590832,0.05432937181663837,0.0730050933786078,0.05432937181663837,0.07385398981324279,0.0365025466893039,0.06621392190152801,0.06027164685908319,0.0730050933786078,0.0636672325976231,0.08149405772495756,0.06196943972835314,0.06281833616298811,0.044142614601018676,0.056876061120543296,0.03225806451612903,0.04499151103565365,0.057724957555178265,0.059422750424448216,0.03480475382003396,0.03904923599320883,0.05432937181663837,0.050933786078098474,0.0365025466893039,0.08743633276740238,0.07809847198641766,0.03904923599320883,0.05263157894736842,0.06791171477079797,0.056876061120543296,0.05178268251273345,0.0500848896434635,0.035653650254668934,0.05432937181663837,0.04074702886247878,0.05857385398981324,0.035653650254668934,0.030560271646859084,0.04499151103565365,0.0432937181663837,0.07215619694397284,0.057724957555178265,0.0636672325976231,0.05857385398981324,0.04499151103565365,0.028862478777589132,0.03480475382003396,0.05602716468590832,0.07215619694397284,0.050933786078098474,0.04499151103565365,0.031409168081494056,0.07045840407470289,0.03395585738539898,0.05602716468590832,0.04499151103565365,0.044142614601018676,0.09422750424448217,0.04584040747028863,0.03904923599320883,0.030560271646859084,0.039898132427843805,0.06027164685908319,0.031409168081494056,0.03735144312393888,0.03395585738539898,0.08404074702886248,0.0365025466893039,0.04499151103565365,0.0365025466893039,0.06876061120543293,0.044142614601018676,0.05432937181663837,0.05857385398981324,0.03395585738539898,0.055178268251273345,0.053480475382003394,0.04584040747028863,0.0466893039049236,0.03904923599320883,0.0365025466893039,0.0500848896434635,0.04753820033955857,0.039898132427843805,0.057724957555178265,0.03480475382003396,0.025466893039049237,0.03310696095076401,0.03480475382003396,0.04753820033955857,0.044142614601018676,0.042444821731748725,0.03225806451612903,0.0466893039049236,0.04753820033955857,0.04838709677419355,0.025466893039049237,0.06112054329371817,0.07979626485568761,0.03225806451612903,0.03310696095076401,0.05857385398981324,0.05602716468590832,0.028862478777589132,0.0466893039049236,0.035653650254668934,0.028862478777589132
nh0200,1.0,0.5653266331658291,0.43467336683417085,0.5321608040201005,0.2638190954773869,0.45829145728643217,0.31758793969849247,0.26884422110552764,0.2442211055276382,0.23015075376884422,0.2,0.22763819095477386,0.26834170854271355,0.20904522613065327,0.20251256281407035,0.1663316582914573,0.31306532663316583,0.2442211055276382,0.26683417085427136,0.15125628140703518,0.23316582914572864,0.2974874371859296,0.2236180904522613,0.18542713567839195,0.17185929648241205,0.19447236180904523,0.2658291457286432,0.27537688442211056,0.10753768844221105,0.14271356783919598,0.21306532663316582,0.2522613065326633,0.1748743718592965,0.13517587939698492,0.15175879396984926,0.15326633165829145,0.16331658291457288,0.15477386934673368,0.13316582914572864,0.16532663316582916,0.18743718592964825,0.21407035175879396,0.11055276381909548,0.0899497487437186,0.1442211055276382,0.16130653266331657,0.10804020100502512,0.13768844221105528,0.0964824120603015,0.06733668341708543,0.13969849246231156,0.07236180904522613,0.07839195979899498,0.13115577889447236,0.12663316582914572,0.10452261306532663,0.15125628140703518,0.0678391959798995,0.09949748743718594,0.10653266331658291,0.07085427135678392,0.07386934673366834,0.08090452261306533,0.1306532663316583,0.08743718592964825,0.12110552763819095,0.12462311557788945,0.09597989949748743,0.11407035175879397,0.14120603015075378,0.13919597989949747,0.1844221105527638,0.08492462311557789,0.0949748743718593,0.13165829145728644,0.12060301507537688,0.0829145728643216,0.11306532663316583,0.10050251256281408,0.06381909547738693,0.09899497487437187,0.05829145728643216,0.09798994974874371,0.10301507537688442,0.13467336683417086,0.08592964824120602,0.10753768844221105,0.14271356783919598,0.07939698492462312,0.08542713567839195,0.061809045226130656,0.053768844221105526,0.1507537688442211,0.09949748743718594,0.08040201005025126,0.1135678391959799,0.10100502512562815,0.07989949748743719,0.07939698492462312,0.0949748743718593,0.044221105527638194,0.08743718592964825,0.06532663316582915,0.07487437185929648,0.03969849246231156,0.13969849246231156,0.1,0.04673366834170854,0.06281407035175879,0.09849246231155778,0.09045226130653267,0.09698492462311557,0.12814070351758794,0.11055276381909548,0.06884422110552764,0.04773869346733668,0.14623115577889448,0.032160804020100506,0.05025125628140704,0.07839195979899498,0.08090452261306533,0.08894472361809046,0.054773869346733665,0.10753768844221105,0.12663316582914572,0.14824120603015076,0.08743718592964825,0.10753768844221105,0.0814070351758794,0.062311557788944726,0.06381909547738693,0.05577889447236181,0.05025125628140704,0.09246231155778895,0.0592964824120603,0.10904522613065326,0.0743718592964824,0.0592964824120603,0.06733668341708543,0.09045226130653267,0.04974874371859297,0.13969849246231156,0.0829145728643216,0.062311557788944726,0.0728643216080402,0.06582914572864322,0.05778894472361809,0.1,0.0829145728643216,0.06532663316582915,0.03768844221105527,0.04824120603015075,0.07889447236180905,0.06080402010050251,0.061809045226130656,0.05879396984924623,0.05879396984924623,0.04321608040201005,0.06030150753768844,0.04824120603015075,0.06934673366834171,0.09095477386934674,0.07336683417085427,0.05025125628140704,0.03165829145728643,0.1321608040201005,0.1,0.08944723618090453,0.1050251256281407,0.10251256281407035,0.07135678391959799,0.0457286432160804,0.05175879396984925,0.06030150753768844,0.07939698492462312,0.033165829145728645,0.032160804020100506,0.11708542713567839,0.05226130653266332,0.054773869346733665,0.035678391959798994,0.06532663316582915,0.04974874371859297,0.06281407035175879,0.04170854271356784,0.1,0.0763819095477387,0.027135678391959798,0.06683417085427136,0.10100502512562815,0.06934673366834171,0.08190954773869347,0.07889447236180905,0.09296482412060302,0.07035175879396985,0.04170854271356784,0.04874371859296482,0.09899497487437187,0.05025125628140704,0.06331658291457286,0.036180904522613064,0.02814070351758794,0.06532663316582915,0.05879396984924623,0.04170854271356784,0.044221105527638194,0.05226130653266332,0.033668341708542715,0.052763819095477386,0.05829145728643216,0.12864321608040202,0.04321608040201005,0.027135678391959798,0.0814070351758794,0.03969849246231156,0.019095477386934675,0.05125628140703518,0.0407035175879397,0.06834170854271357,0.053266331658291456,0.11407035175879397,0.04020100502512563,0.024623115577889446,0.054773869346733665,0.09396984924623115,0.035678391959798994,0.0814070351758794,0.02763819095477387,0.04773869346733668,0.035678391959798994,0.06381909547738693,0.061809045226130656,0.04221105527638191,0.08040201005025126,0.02864321608040201,0.035175879396984924,0.026633165829145728,0.05075376884422111,0.061306532663316586,0.054773869346733665,0.053266331658291456,0.07537688442211055,0.1120603015075377,0.022110552763819097,0.05025125628140704,0.04472361809045226,0.03165829145728643,0.0407035175879397,0.08693467336683416,0.021105527638190954,0.0,0.035678391959798994,0.03969849246231156,0.07085427135678392,0.06381909547738693,0.062311557788944726,0.03165829145728643,0.06331658291457286,0.03919597989949749,0.03969849246231156,0.06683417085427136,0.033668341708542715,0.04623115577889447,0.05025125628140704,0.06633165829145729,0.0592964824120603,0.08592964824120602,0.02562814070351759,0.0678391959798995,0.036180904522613064,0.033165829145728645,0.035175879396984924,0.04522613065326633,0.036180904522613064,0.04020100502512563,0.04321608040201005,0.054773869346733665,0.03768844221105527,0.05226130653266332,0.04472361809045226,0.02763819095477387,0.026633165829145728,0.018090452261306532,0.031155778894472363,0.04221105527638191,0.04874371859296482,0.034170854271356785,0.043718592964824124,0.02512562814070352,0.04522613065326633,0.033165829145728645,0.032663316582914576,0.021608040201005024,0.04723618090452261,0.05226130653266332,0.06381909547738693,0.04321608040201005,0.04522613065326633,0.03768844221105527,0.10452261306532663
nh0201,1.0,0.49790371548359114,0.4340031805696111,0.3189243891860633,0.1817261818707532,0.25733699580743097,0.28205869596645944,0.230446725459014,0.3367066647390487,0.24967471447159173,0.14298106115367934,0.22625415642619634,0.23854272083273095,0.16119705074454244,0.17493132861066937,0.15151077056527396,0.18100332514095707,0.21844730374439786,0.1918461760878994,0.15151077056527396,0.19170160474194015,0.19835188665606476,0.18736446436316323,0.19965302876969784,0.1371982073153101,0.15136619921931474,0.14833020095417088,0.15136619921931474,0.0941159462194593,0.14818562960821166,0.12996964001734856,0.2223507300852971,0.12621078502240857,0.14948677172184474,0.12649992771432703,0.12707821309816394,0.08587537949978315,0.10047708544166546,0.10611536793407547,0.17276275842128092,0.11131993638860778,0.07055081682810467,0.11768107561081394,0.08168281046696545,0.09136909064623391,0.14110163365620934,0.09281480410582622,0.11594621945930317,0.05580453954026312,0.08255023854272084,0.14804105826225242,0.06216567876246928,0.1428364898077201,0.07604452797455544,0.06563539106549082,0.0805262396992916,0.1895330345525517,0.07373138643920775,0.1512216278733555,0.098308515252277,0.056238253578140815,0.09816394390631777,0.0665028191412462,0.06418967760589851,0.10785022408558624,0.08876680641896777,0.07662281335839237,0.06910510336851236,0.08573080815382392,0.06187653607055082,0.09454966025733699,0.038600549371114644,0.09874222929015469,0.10047708544166546,0.06288853549226543,0.059563394535203124,0.06924967471447159,0.13705363596935088,0.0824056671967616,0.05233482723724158,0.06346682087610235,0.06028625126499928,0.07589995662859621,0.12418678617897932,0.07604452797455544,0.1118982217724447,0.09801937256035853,0.07083995952002313,0.060864536648836204,0.06621367644932774,0.08269480988868007,0.039757120138788495,0.0918028046841116,0.07098453086598236,0.102067370247217,0.07604452797455544,0.10669365331791239,0.08399595200231315,0.07228567297961544,0.06534624837357236,0.11594621945930317,0.11406679196183317,0.06202110741651005,0.06144282203267312,0.04033540552262541,0.08414052334827238,0.060864536648836204,0.09310394679774468,0.06115367934075466,0.05970796588116235,0.07806852681798468,0.09469423160329622,0.06577996241145005,0.07185195894173775,0.051901113199363885,0.0332514095706231,0.08023709700737314,0.05609368223218158,0.05421425473471158,0.07387595778516698,0.08356223796443545,0.03151655341911233,0.05551539684834466,0.04221483302009542,0.055081682810466964,0.035709122451930024,0.07315310105537083,0.07792395547202545,0.06375596356802082,0.11956050310828394,0.050310828393812346,0.05594911088622235,0.03614283648980772,0.0636113922220616,0.05406968338875235,0.033685123608500796,0.07315310105537083,0.12765649848200086,0.06447882029781697,0.033395980916582337,0.04944340031805696,0.05609368223218158,0.02313141535347694,0.0706953881740639,0.052045684545323115,0.06317767818418389,0.06057539395691774,0.06231025010842851,0.04019083417666618,0.03729940725748157,0.05551539684834466,0.07098453086598236,0.03888969206303311,0.06549081971953159,0.04337140378776926,0.04062454821454388,0.11594621945930317,0.037010264565563104,0.07271938701749313,0.0332514095706231,0.05132282781552696,0.03903426340899234,0.04857597224230158,0.033974266300419255,0.0491542576261385,0.04756397282058696,0.041491976290299264,0.04973254300997542,0.07951424027757699,0.03729940725748157,0.02125198785600694,0.03469712303021541,0.025155414196906173,0.06606910510336851,0.037154835911522334,0.04987711435593466,0.02631198496458002,0.03888969206303311,0.03195026745699003,0.03122741072719387,0.054647968772589275,0.03614283648980772,0.05392511204279312,0.0571056816538962,0.036576550527685416,0.028769697845886944,0.029058840537805407,0.04380511782564696,0.04640740205291311,0.048720543588260806,0.04525083128523927,0.05869596645944774,0.036576550527685416,0.06433424895185774,0.04221483302009542,0.050021685701893887,0.050599971085730805,0.05435882608067081,0.036721121873644645,0.0491542576261385,0.05537082550238543,0.028191412462050022,0.04438340320948388,0.0453954026311985,0.06534624837357236,0.04207026167413619,0.06100910799479543,0.047274830128668496,0.03440798033829695,0.042793118403932344,0.03455255168425618,0.033974266300419255,0.025444556888824636,0.03874512071707387,0.03773312129535926,0.028191412462050022,0.027323984386294638,0.053202255312996966,0.036865693219603875,0.02934798322972387,0.04192569032817695,0.055081682810466964,0.025299985542865402,0.04597368801503542,0.0313719820731531,0.05233482723724158,0.035275408414052335,0.04713025878270927,0.03758854994940003,0.018360560936822323,0.04033540552262541,0.025589128234783865,0.020529131126210784,0.056238253578140815,0.03787769264131849,0.051901113199363885,0.04640740205291311,0.0393234061009108,0.03122741072719387,0.041347404944340034,0.032239410148908486,0.029637125921642332,0.04264854705797311,0.022263987277721557,0.02298684400751771,0.041347404944340034,0.052045684545323115,0.04235940436605465,0.02428798612115079,0.03469712303021541,0.0374439786034408,0.027468555732253867,0.0393234061009108,0.021396559201966172,0.03585369379788926,0.025878270926702328,0.028480555153968485,0.0430822610958508,0.02645655631053925,0.05537082550238543,0.02327598669943617,0.04843140089634235,0.020673702472170017,0.022119415931762323,0.03599826514384849,0.04597368801503542,0.027179413040335405,0.050599971085730805,0.0393234061009108,0.04033540552262541,0.027323984386294638,0.023998843429232326,0.032239410148908486,0.0449616885933208,0.0767673847043516,0.025155414196906173,0.03108283938123464,0.023709700737313863,0.032383981494867715,0.0412028335983808,0.03195026745699003,0.03108283938123464,0.01821598959086309,0.04322683244181003,0.0294925545756831,0.033685123608500796,0.038166835333236955,0.030215411305479254,0.028191412462050022,0.015758276709556165,0.03874512071707387,0.06563539106549082,0.017493132861066938,0.028625126499927715,0.03195026745699003,0.019950845742373862,0.03469712303021541,0.02616741361862079,0.01142113633077924,0.02284227266155848
nh0202,1.0,0.6336902940676525,0.6411694713581506,0.37412884582695904,0.45605983341832396,0.43821179670236277,0.3516913139554649,0.3505014448410675,0.2857385687574367,0.3999660037395886,0.3620601733809281,0.33843277239503655,0.2954275029746728,0.27876933537310894,0.25497195308516063,0.28454869964303925,0.23542410334863165,0.23644399116097228,0.25395206527282,0.3256841747407785,0.28675845656977733,0.25633180350161483,0.17542070372259053,0.24511303756586775,0.25395206527282,0.22760496345402007,0.21145673975862656,0.22182559918408976,0.20873703892571818,0.2150263471018188,0.23712391636919938,0.20499745028046915,0.2046574876763556,0.16964133945266022,0.16505184429712733,0.2032976372599014,0.182559918408975,0.19088900220975694,0.150263471018188,0.16437191908890023,0.17253102158762537,0.14448410674825768,0.14278429372768994,0.21638619751827298,0.12170661227265,0.20108788033316335,0.1710011898691144,0.141254462009179,0.19207887132415435,0.14788373278939318,0.18221995580486147,0.1528131905490396,0.1463539010708822,0.1398946115927248,0.14788373278939318,0.1387047424783274,0.15842257351691313,0.15043345232024477,0.13921468638449772,0.15009348971613123,0.14992350841407445,0.16233214346421893,0.1302056773754887,0.12748597654258031,0.11864694883562808,0.16879143294237633,0.15332313445520993,0.14431412544620092,0.11558728539860616,0.09060003399626042,0.141254462009179,0.14142444331123577,0.13394526602073772,0.10266870644229135,0.14941356450790413,0.12374638789733129,0.10725820159782425,0.15434302226755056,0.12357640659527452,0.13887472378038415,0.13360530341662416,0.14822369539350672,0.14941356450790413,0.12714601393846678,0.11320754716981132,0.12000679925208227,0.10334863165051844,0.11932687404385518,0.11014788373278939,0.13003569607343193,0.09569947305796363,0.13785483596804352,0.09790922998470168,0.09416964133945266,0.10113887472378039,0.10963793982661907,0.07632160462349141,0.11643719190889003,0.09671936087030426,0.09790922998470168,0.11507734149243583,0.09450960394356621,0.13105558388577257,0.08924018357980622,0.13955464898861125,0.09314975352711202,0.10504844467108618,0.09382967873533911,0.141254462009179,0.12850586435492095,0.09773924868264491,0.10589835118137005,0.0693523712391637,0.0997790243073262,0.13683494815570288,0.12187659357470679,0.09875913649498555,0.10980792112867585,0.1198368179500255,0.08703042665306816,0.09807921128675845,0.09416964133945266,0.12340642529321774,0.09263980962094169,0.09790922998470168,0.056943736189019205,0.07411184769675336,0.07377188509263981,0.07785143634200238,0.08040115587285399,0.07683154852966173,0.08584055753867074,0.08771035186129526,0.10402855685874554,0.10487846336902941,0.10572836987931328,0.07326194118646949,0.07411184769675336,0.09026007139214687,0.08720040795512493,0.09756926738058813,0.09280979092299847,0.06578276389597144,0.08652048274689784,0.0958694543600204,0.07751147373788883,0.08890022097569267,0.09161992180860105,0.06969233384327723,0.10402855685874554,0.08295087540370559,0.0647628760836308,0.08754037055923848,0.08193098759136495,0.10062893081761007,0.07207207207207207,0.06510283868774434,0.09756926738058813,0.07105218425973144,0.1069182389937107,0.06697263301036886,0.08278089410164882,0.06697263301036886,0.0809110997790243,0.06731259561448241,0.06714261431242563,0.09569947305796363,0.10504844467108618,0.08193098759136495,0.05507394186639469,0.05507394186639469,0.06374298827129016,0.07479177290498046,0.0686724460309366,0.07938126806051335,0.08533061363250043,0.08397076321604624,0.062213156552779196,0.07462179160292368,0.055753867074621793,0.07088220295767465,0.056943736189019205,0.09518952915179331,0.07275199728029917,0.06748257691653918,0.044535101138874725,0.0712221655617882,0.046404895461499236,0.0693523712391637,0.06102328743838178,0.05252422233554309,0.06731259561448241,0.06850246472887982,0.04572497025327214,0.04776474587795342,0.05711371749107598,0.06952235254122047,0.07479177290498046,0.06238313785483597,0.05983341832398436,0.08074111847696754,0.0758116607173211,0.06765255821859595,0.07428182899881013,0.07275199728029917,0.06578276389597144,0.059493455719870816,0.07462179160292368,0.06425293217746048,0.08125106238313785,0.03161652218255992,0.08788033316335203,0.06680265170831208,0.04980452150263471,0.052184259731429546,0.07768145503994561,0.05286418493965664,0.0583035866054734,0.04827468978412375,0.04113547509773925,0.07309195988441271,0.059153493115757266,0.058813530511643716,0.06493285738568758,0.06833248342682305,0.05813360530341662,0.06238313785483597,0.06901240863505015,0.04929457759646439,0.05779364269930308,0.066122726500085,0.05507394186639469,0.04589495155532891,0.0511643719190889,0.053034166241713414,0.052694203637599864,0.06884242733299337,0.06595274519802821,0.0447050824409315,0.07088220295767465,0.06510283868774434,0.06765255821859595,0.05626381098079211,0.07309195988441271,0.058813530511643716,0.05643379228284889,0.05133435322114568,0.066122726500085,0.03399626041135475,0.026857045724970253,0.07564167941526433,0.05609382967873534,0.06850246472887982,0.04810470848206697,0.05541390447050824,0.0440251572327044,0.055753867074621793,0.052184259731429546,0.07496175420703723,0.052184259731429546,0.05065442801291858,0.048784633690294066,0.1023287438381778,0.05966343702192759,0.053034166241713414,0.06017338092809791,0.04623491415944246,0.054563997960224375,0.037565867754547,0.051844297127315996,0.06136325004249533,0.03773584905660377,0.0479347271800102,0.051504334523202445,0.0511643719190889,0.03807581166071732,0.04436511983681795,0.0543940166581676,0.058813530511643716,0.06408295087540371,0.04980452150263471,0.05014448410674826,0.06204317525072242,0.05473397926228115,0.05966343702192759,0.04045554988951215,0.05388407275199728,0.06374298827129016,0.07360190379058304,0.05405405405405406,0.056943736189019205,0.04657487676355601,0.05813360530341662,0.05524392316845147,0.04657487676355601,0.04487506374298827,0.04113547509773925,0.06102328743838178,0.060853306136325,0.018357980622131564
nh0203,1.0,0.5244238295405131,0.5161617625742861,0.42643861429192637,0.2677199594144079,0.3051166835773301,0.2941005942890274,0.2517756196550225,0.25786345847224235,0.290621829250616,0.1962603275837078,0.2269894187563415,0.2367009711552399,0.1848093926656037,0.2114799246267575,0.16886505290621828,0.22727931584287578,0.2335121032033628,0.24423829540513117,0.1717640237715611,0.22104652848238876,0.2194520945064502,0.22032178576605305,0.17379330337730106,0.15755906653138135,0.14929699956515438,0.21061023336715465,0.15712422090157993,0.1349470937817075,0.1111755326858965,0.1627772140889984,0.1959704304971735,0.123061313233802,0.16103783156979273,0.1548050442093057,0.1411798811421945,0.13364255689230323,0.12407595303667199,0.1346571966951732,0.14509349181040732,0.11175532685896507,0.13581678504131034,0.11697347441658211,0.11088563559936222,0.14031018988259167,0.14016524133932454,0.06145818234526743,0.1475576170459487,0.10160892883026526,0.07682272793158429,0.10740687056095086,0.09262211914770256,0.12219162197419917,0.11088563559936222,0.13088853457022756,0.14248441803159878,0.13451224815190607,0.10943615016669082,0.10305841426293666,0.1201623423684592,0.08595448615741412,0.10088418611392956,0.06957530076822728,0.10798666473401942,0.11074068705609509,0.09015799391216119,0.07827221336425569,0.09769531816205247,0.07638788230178287,0.10146398028699811,0.11639368024351356,0.10552253949847804,0.09146253080156544,0.11610378315697928,0.0729091172633715,0.06957530076822728,0.07609798521524859,0.11016089288302652,0.138570807363386,0.0818959269459342,0.10088418611392956,0.08291056674880418,0.06363241049427454,0.09899985505145674,0.10697202493114945,0.12581533555587765,0.08798376576315409,0.08595448615741412,0.09117263371503116,0.06348746195100739,0.07769241919118713,0.06348746195100739,0.09320191332077113,0.07116973474416582,0.0833454123786056,0.0729091172633715,0.09581098709957965,0.09175242788809973,0.05986374836932889,0.0971155239889839,0.09160747934483258,0.07972169879692709,0.06435715321061024,0.06537179301348021,0.04783301927815625,0.09131758225829831,0.07522829395564574,0.06377735903754167,0.07740252210465284,0.07305406580663865,0.04986229888389622,0.069285403681693,0.08175097840266705,0.09059283954196261,0.05464560081171184,0.054065806638643285,0.0729091172633715,0.029714451369763733,0.07406870560950862,0.08088128714306421,0.07174952891723438,0.05595013770111611,0.08421510363820843,0.057544571677054644,0.05334106392230758,0.08740397159008552,0.06450210175387737,0.07189447746050152,0.08233077257573561,0.1082765618205537,0.06334251340774025,0.06247282214813741,0.048847659081026236,0.07493839686911147,0.05783446876358893,0.07232932309030295,0.05131178431656762,0.054210755181910424,0.07421365415277577,0.06174807943180171,0.05696477750398608,0.0545006522684447,0.048847659081026236,0.06624148427308306,0.05928395419626033,0.06566169010001449,0.058704160023191766,0.051601681403101896,0.07377880852297435,0.047543122191621975,0.07247427163357008,0.05971879982606175,0.056674880417451806,0.06305261632120597,0.04435425423974489,0.06160313088853457,0.06406725612407595,0.044934048412813454,0.05290621829250616,0.039860849398463544,0.08609943470068125,0.04189012900420351,0.04928250471082766,0.05928395419626033,0.040440643571532105,0.08305551529207131,0.0552253949847804,0.04986229888389622,0.08464994926800985,0.1046528482388752,0.058269314393390344,0.0884186113929555,0.06899550659515871,0.0479779678214234,0.05928395419626033,0.04160023191766923,0.041165386287867804,0.06638643281635019,0.03942600376866213,0.04449920278301203,0.0375416727061893,0.054065806638643285,0.051601681403101896,0.0707348891143644,0.06102333671546601,0.10697202493114945,0.07116973474416582,0.05116683577330048,0.05363096100884186,0.06986519785476156,0.05595013770111611,0.04928250471082766,0.04580373967241629,0.09160747934483258,0.06058849108566459,0.04246992317727207,0.0627627192346717,0.04725322510508769,0.04710827656182055,0.05768952022032178,0.050876938686766196,0.05000724742716336,0.037686621249456445,0.04087548920133353,0.06667632990288448,0.033193216408175095,0.0818959269459342,0.04855776199449195,0.04362951152340919,0.057399623133787506,0.11726337150311639,0.04203507754747065,0.05783446876358893,0.04449920278301203,0.037686621249456445,0.039860849398463544,0.03855631250905928,0.0494274532540948,0.029859399913030875,0.03884620959559357,0.05145673285983476,0.05116683577330048,0.03159878243223656,0.05218147557617046,0.04333961443687491,0.05508044644151326,0.03855631250905928,0.027395274677489492,0.03290331932164082,0.04218002609073779,0.05392085809537614,0.04087548920133353,0.02884476011016089,0.05435570372517756,0.037106827076387884,0.032468473691839396,0.030729091172633716,0.03812146687925786,0.04855776199449195,0.03478765038411364,0.042324974634004926,0.0339179591245108,0.04203507754747065,0.038411363965792145,0.03145383388896941,0.03232352514857226,0.05218147557617046,0.05247137266270474,0.09508624438324395,0.01797361936512538,0.0011595883461371214,0.031163936802435135,0.03333816495144224,0.0487027105377591,0.055515292071314684,0.027105377590955212,0.029424554283229452,0.038411363965792145,0.01652413393245398,0.03942600376866213,0.04362951152340919,0.04783301927815625,0.030874039715900855,0.039860849398463544,0.05116683577330048,0.04218002609073779,0.03928105522539498,0.03594723873025076,0.06189302797506885,0.03797651833599072,0.038266415422525006,0.03855631250905928,0.04783301927815625,0.0368169299898536,0.04667343093201913,0.04290476880707349,0.05464560081171184,0.04580373967241629,0.03870126105232642,0.031018988259167997,0.025076097985215248,0.06537179301348021,0.024206406725612407,0.03797651833599072,0.04319466589360777,0.06957530076822728,0.03594723873025076,0.04913755616756051,0.03797651833599072,0.032613422235106534,0.029279605739962314,0.05276126974923902,0.022467024206406727,0.036961878533120746,0.03478765038411364,0.029569502826496594,0.04580373967241629,0.05116683577330048,0.023336715466009565,0.05638498333091752
nh0204,1.0,0.7089410272669626,0.6493341788205453,0.40076093849080535,0.4686112872542803,0.533291058972733,0.33861762840837034,0.31642358909321494,0.34876347495244137,0.36461636017755233,0.36017755231452125,0.2828154724159797,0.2568167406467977,0.2923272035510463,0.27013316423589095,0.3151553582752061,0.24223208623969564,0.2828154724159797,0.29549778059606846,0.28662016487000636,0.27710843373493976,0.30500951173113505,0.27013316423589095,0.2403297400126823,0.2536461636017755,0.2270133164235891,0.186429930247305,0.19911223842739378,0.2175015852885225,0.2289156626506024,0.1813570069752695,0.20164870006341154,0.18706404565630944,0.2092580849714648,0.1781864299302473,0.22637920101458464,0.29296131896005073,0.23715916296766013,0.28852251109701965,0.1534559289790742,0.1813570069752695,0.12872542802790107,0.1521876981610653,0.186429930247305,0.09448319594166138,0.12365250475586556,0.22954977805960686,0.1781864299302473,0.1274571972098922,0.21559923906150918,0.1128725428027901,0.16106531388712747,0.15979708306911858,0.14774889029803423,0.14965123652504755,0.1128725428027901,0.12618896639188332,0.12682308180088775,0.20164870006341154,0.1483830057070387,0.13823715916296767,0.1616994292961319,0.14331008243500318,0.11667723525681674,0.13253012048192772,0.15726062143310082,0.09194673430564362,0.11350665821179455,0.09955611921369689,0.10399492707672796,0.13316423589093215,0.11223842739378567,0.1274571972098922,0.15155358275206088,0.12175015852885225,0.12872542802790107,0.11857958148383006,0.09892200380469246,0.10843373493975904,0.1648700063411541,0.1388712745719721,0.14457831325301204,0.13696892834495877,0.09258084971464807,0.13379835129993659,0.13316423589093215,0.12301838934686113,0.1306277742549144,0.11223842739378567,0.1439441978440076,0.140139505389981,0.12618896639188332,0.10716550412175016,0.13126188966391883,0.11984781230183894,0.11350665821179455,0.09067850348763475,0.10145846544071022,0.14457831325301204,0.13316423589093215,0.11984781230183894,0.11731135066582118,0.12048192771084337,0.08623969562460368,0.10019023462270134,0.13823715916296767,0.1046290424857324,0.08560558021559923,0.10653138871274571,0.160431198478123,0.09892200380469246,0.1160431198478123,0.06658211794546608,0.10526315789473684,0.12809131261889664,0.07863031071655041,0.10906785034876347,0.1731135066582118,0.07228915662650602,0.07736207989854153,0.10526315789473684,0.13633481293595434,0.1192136968928345,0.12682308180088775,0.10082435003170577,0.06658211794546608,0.09258084971464807,0.10272669625871908,0.08306911857958148,0.08116677235256817,0.09067850348763475,0.08560558021559923,0.10209258084971465,0.10272669625871908,0.07292327203551047,0.0767279644895371,0.09194673430564362,0.08560558021559923,0.11794546607482562,0.09892200380469246,0.08053265694356374,0.09448319594166138,0.07989854153455929,0.09258084971464807,0.08560558021559923,0.07228915662650602,0.09828788839568801,0.0963855421686747,0.06848446417247939,0.08370323398858592,0.061509194673430564,0.10145846544071022,0.09448319594166138,0.08433734939759036,0.10589727330374128,0.05897273303741281,0.06975269499048826,0.11984781230183894,0.09828788839568801,0.0963855421686747,0.0735573874445149,0.07228915662650602,0.06721623335447051,0.06785034876347495,0.0735573874445149,0.07482561826252378,0.08053265694356374,0.05072923272035511,0.09004438807863031,0.20545339251743816,0.07609384908053266,0.04438807863031072,0.11160431198478123,0.06277742549143944,0.0963855421686747,0.08941027266962587,0.07292327203551047,0.05580215599239061,0.07038681039949271,0.09004438807863031,0.05199746353836398,0.0818008877615726,0.07989854153455929,0.08750792644261256,0.0849714648065948,0.1813570069752695,0.08306911857958148,0.062143310082435003,0.06341154090044387,0.060240963855421686,0.1046290424857324,0.054533925174381735,0.08306911857958148,0.05072923272035511,0.0767279644895371,0.061509194673430564,0.08243500317057705,0.09131261889663919,0.06404565630944832,0.07609384908053266,0.06341154090044387,0.08560558021559923,0.07989854153455929,0.07228915662650602,0.05770450221940393,0.045656309448319596,0.07545973367152822,0.07863031071655041,0.1306277742549144,0.07482561826252378,0.04819277108433735,0.06404565630944832,0.05326569435637286,0.07482561826252378,0.0653138871274572,0.06911857958148383,0.07102092580849714,0.07102092580849714,0.05643627140139505,0.05580215599239061,0.055168040583386174,0.07863031071655041,0.06911857958148383,0.06341154090044387,0.08116677235256817,0.05643627140139505,0.14965123652504755,0.10019023462270134,0.05960684844641725,0.03170577045022194,0.05199746353836398,0.06848446417247939,0.05199746353836398,0.03677869372225745,0.07165504121750159,0.0653138871274572,0.06277742549143944,0.06594800253646163,0.053899809765377296,0.07482561826252378,0.06911857958148383,0.07102092580849714,0.06975269499048826,0.06594800253646163,0.045656309448319596,0.05770450221940393,0.07165504121750159,0.05707038681039949,0.17691819911223844,0.09701965757767914,0.13633481293595434,0.06277742549143944,0.06721623335447051,0.05326569435637286,0.05833861762840837,0.054533925174381735,0.06404565630944832,0.04438807863031072,0.0818008877615726,0.05009511731135067,0.06277742549143944,0.05897273303741281,0.05199746353836398,0.14965123652504755,0.053899809765377296,0.08243500317057705,0.055168040583386174,0.04502219403931516,0.062143310082435003,0.07863031071655041,0.04882688649334179,0.05199746353836398,0.060875079264426125,0.06785034876347495,0.046290424857324035,0.06467977171845275,0.06721623335447051,0.05960684844641725,0.05707038681039949,0.05960684844641725,0.08116677235256817,0.06277742549143944,0.03551046290424857,0.04438807863031072,0.06341154090044387,0.06341154090044387,0.05960684844641725,0.046290424857324035,0.05009511731135067,0.032974001268230815,0.040583386176284084,0.055168040583386174,0.04946100190234623,0.05072923272035511,0.06848446417247939,0.06404565630944832,0.07482561826252378,0.04185161699429296,0.0653138871274572,0.03170577045022194
nh0205,1.0,0.6954059156702328,0.4694776589049717,0.3958464443045941,0.49276274386406543,0.4172435494021397,0.3039647577092511,0.3568281938325991,0.2737570799244808,0.3316551290119572,0.3473882945248584,0.2278162366268093,0.2561359345500315,0.27061044682190055,0.30333543108873506,0.2813089993706734,0.24795468848332283,0.30711139081183136,0.250471994965387,0.29578351164254246,0.2328508495909377,0.2328508495909377,0.22466960352422907,0.22026431718061673,0.2907488986784141,0.2252989301447451,0.19634990560100693,0.14159848961611077,0.23348017621145375,0.2013845185651353,0.21522970421648835,0.12586532410320955,0.17054751415984895,0.2448080553807426,0.17054751415984895,0.15166771554436753,0.14663310258023915,0.1157960981749528,0.17998741346758967,0.13971050975456262,0.11264946507237256,0.15733165512901195,0.18250471994965387,0.17306482064191314,0.17432347388294525,0.13530522341095028,0.12838263058527374,0.17998741346758967,0.1290119572057898,0.24040276903713026,0.11768407803650094,0.15481434864694776,0.14096916299559473,0.15481434864694776,0.16865953429830083,0.12460667086217747,0.06419131529263687,0.1472624292007552,0.1642542479546885,0.12397734424166142,0.16488357457520453,0.15355569540591568,0.1856513530522341,0.131529263687854,0.1252359974826935,0.12271869100062932,0.06796727501573317,0.10509754562617998,0.13530522341095028,0.10887350534927627,0.12838263058527374,0.09251101321585903,0.07300188797986155,0.11390811831340465,0.09628697293895531,0.11202013845185652,0.1302706104468219,0.08244178728760226,0.12334801762114538,0.144745122718691,0.13467589679043424,0.14915040906230334,0.11768407803650094,0.07929515418502203,0.14348646947765892,0.13656387665198239,0.12712397734424166,0.13845185651353054,0.09817495280050346,0.118313404657017,0.1145374449339207,0.09691629955947137,0.09817495280050346,0.16488357457520453,0.11768407803650094,0.06607929515418502,0.059786028949024544,0.08495909376966645,0.18250471994965387,0.11894273127753303,0.10383889238514789,0.0723725613593455,0.118313404657017,0.13278791692888608,0.1145374449339207,0.1170547514159849,0.1472624292007552,0.07866582756450598,0.11264946507237256,0.12271869100062932,0.08495909376966645,0.157960981749528,0.11139081183134046,0.08495909376966645,0.14348646947765892,0.12208936438011328,0.07551919446192575,0.09439899307740718,0.04657016991818754,0.09691629955947137,0.10195091252359975,0.12271869100062932,0.07488986784140969,0.12271869100062932,0.08118313404657017,0.08621774701069855,0.0881057268722467,0.07866582756450598,0.06293266205160478,0.08999370673379484,0.10698552548772813,0.1340465701699182,0.10320956576463185,0.08244178728760226,0.06859660163624921,0.1157960981749528,0.09251101321585903,0.0736312146003776,0.11264946507237256,0.08747640025173065,0.10761485210824417,0.06607929515418502,0.13341724354940215,0.09439899307740718,0.07174323473882946,0.09251101321585903,0.10635619886721208,0.12586532410320955,0.07174323473882946,0.07614852108244179,0.11642542479546884,0.08495909376966645,0.09502831969792322,0.08558842039018251,0.08747640025173065,0.051604782882315924,0.06482064191315293,0.09628697293895531,0.0723725613593455,0.10887350534927627,0.08873505349276274,0.0723725613593455,0.08747640025173065,0.0711139081183134,0.10195091252359975,0.07551919446192575,0.11516677155443675,0.05286343612334802,0.1290119572057898,0.062303335431088736,0.09628697293895531,0.07488986784140969,0.1290119572057898,0.05538074260541221,0.10635619886721208,0.09754562617998741,0.07174323473882946,0.032095657646318436,0.12334801762114538,0.1290119572057898,0.0711139081183134,0.10635619886721208,0.08118313404657017,0.05475141598489616,0.0736312146003776,0.0736312146003776,0.08055380742605413,0.10069225928256766,0.06041535556954059,0.06356198867212083,0.07677784770295784,0.034612964128382634,0.051604782882315924,0.045311516677155446,0.040276903713027064,0.09376966645689112,0.0736312146003776,0.09062303335431089,0.1145374449339207,0.07300188797986155,0.08118313404657017,0.0736312146003776,0.04657016991818754,0.07677784770295784,0.07488986784140969,0.05538074260541221,0.04908747640025173,0.08244178728760226,0.062303335431088736,0.07048458149779736,0.02076777847702958,0.051604782882315924,0.03335431088735054,0.08370044052863436,0.05475141598489616,0.08495909376966645,0.059786028949024544,0.08307111390811832,0.056639395846444306,0.11202013845185652,0.05601006922592826,0.0736312146003776,0.04908747640025173,0.06607929515418502,0.06293266205160478,0.056639395846444306,0.040276903713027064,0.06419131529263687,0.08873505349276274,0.051604782882315924,0.06607929515418502,0.06482064191315293,0.07300188797986155,0.040276903713027064,0.05349276274386407,0.07677784770295784,0.08307111390811832,0.06293266205160478,0.07300188797986155,0.06041535556954059,0.0591567023285085,0.05538074260541221,0.054122089364380115,0.09251101321585903,0.0591567023285085,0.05852737570799245,0.0893643801132788,0.0591567023285085,0.054122089364380115,0.06293266205160478,0.0434235368156073,0.05852737570799245,0.04090623033354311,0.054122089364380115,0.0578980490874764,0.0591567023285085,0.06985525487728131,0.04657016991818754,0.05286343612334802,0.0591567023285085,0.0446821900566394,0.10635619886721208,0.05349276274386407,0.08370044052863436,0.03901825047199497,0.04405286343612335,0.05852737570799245,0.03838892385147892,0.040276903713027064,0.02957835116425425,0.06041535556954059,0.0893643801132788,0.06607929515418502,0.0723725613593455,0.03901825047199497,0.062303335431088736,0.048458149779735685,0.05538074260541221,0.07488986784140969,0.051604782882315924,0.03838892385147892,0.0723725613593455,0.054122089364380115,0.05601006922592826,0.051604782882315924,0.05852737570799245,0.06733794839521712,0.05475141598489616,0.05475141598489616,0.05475141598489616,0.0446821900566394,0.03650094398993078,0.04657016991818754,0.05852737570799245,0.07740717432347388,0.056639395846444306,0.033983637507866586,0.05223410950283197,0.09628697293895531,0.05475141598489616
nh0206,1.0,0.6105904404873477,0.4287722586691659,0.5313964386129335,0.2572633552014995,0.37582005623242737,0.3434864104967198,0.2830365510777882,0.253514526710403,0.23289597000937207,0.21368322399250234,0.22867853795688847,0.31958762886597936,0.2155576382380506,0.1958762886597938,0.2155576382380506,0.25960637300843487,0.19775070290534208,0.22071227741330834,0.1944704779756326,0.2338331771321462,0.2881911902530459,0.232427366447985,0.16776007497656983,0.22211808809746955,0.21508903467666354,0.2689784442361762,0.24835988753514526,0.1049671977507029,0.18978444236176195,0.2282099343955014,0.2408622305529522,0.169165885660731,0.13355201499531397,0.20243673851921273,0.1569821930646673,0.1429240862230553,0.13964386129334583,0.1429240862230553,0.16073102155576383,0.16869728209934395,0.1780693533270853,0.10918462980318651,0.10168697282099344,0.14479850046860357,0.19400187441424555,0.12136832239925023,0.13120899718837864,0.08575445173383317,0.10028116213683223,0.14761012183692596,0.06232427366447985,0.10402999062792877,0.1471415182755389,0.08997188378631678,0.11152764761012184,0.14667291471415184,0.09418931583880037,0.10168697282099344,0.1190253045923149,0.09559512652296158,0.07778819119025304,0.09700093720712277,0.14386129334582942,0.08716026241799438,0.13074039362699155,0.1218369259606373,0.0866916588566073,0.1190253045923149,0.11105904404873478,0.12839737582005623,0.16635426429240863,0.09465791940018745,0.12136832239925023,0.1246485473289597,0.11996251171508904,0.08856607310215557,0.1232427366447985,0.12089971883786317,0.07029053420805999,0.10637300843486411,0.07872539831302718,0.09700093720712277,0.0979381443298969,0.11996251171508904,0.10028116213683223,0.11668228678537956,0.1260543580131209,0.06888472352389878,0.06935332708528585,0.08481724461105905,0.07122774133083412,0.1232427366447985,0.1021555763823805,0.06701030927835051,0.08388003748828492,0.11949390815370196,0.08106841611996252,0.08856607310215557,0.08434864104967198,0.07357075913776945,0.08622305529522024,0.06982193064667291,0.08528584817244611,0.05388940955951265,0.1176194939081537,0.1049671977507029,0.06794751640112465,0.07825679475164012,0.08153701968134958,0.09090909090909091,0.08528584817244611,0.1049671977507029,0.11012183692596064,0.06794751640112465,0.045454545454545456,0.09418931583880037,0.02717900656044986,0.06701030927835051,0.0979381443298969,0.08762886597938144,0.10543580131208997,0.06091846298031865,0.1049671977507029,0.08622305529522024,0.09653233364573571,0.08575445173383317,0.08716026241799438,0.08528584817244611,0.07731958762886598,0.08388003748828492,0.06466729147141519,0.07075913776944705,0.07919400187441425,0.07778819119025304,0.08200562324273665,0.07075913776944705,0.05857544517338332,0.059044048734770385,0.06794751640112465,0.059044048734770385,0.08903467666354264,0.060449859418931585,0.06279287722586692,0.06654170571696345,0.07591377694470477,0.06747891283973759,0.09606373008434864,0.0979381443298969,0.07403936269915651,0.05810684161199625,0.07029053420805999,0.06232427366447985,0.060449859418931585,0.06841611996251172,0.06982193064667291,0.05716963448922212,0.06747891283973759,0.06560449859418932,0.05388940955951265,0.05998125585754452,0.10543580131208997,0.06091846298031865,0.06326148078725398,0.05951265229615745,0.08575445173383317,0.08153701968134958,0.06560449859418932,0.08716026241799438,0.061855670103092786,0.06373008434864105,0.07169634489222118,0.07357075913776945,0.05248359887535145,0.07638238050609185,0.061855670103092786,0.04498594189315839,0.08856607310215557,0.07638238050609185,0.06326148078725398,0.038425492033739454,0.06513589503280225,0.04451733833177132,0.061855670103092786,0.04592314901593252,0.052014995313964384,0.04451733833177132,0.03889409559512652,0.06888472352389878,0.07029053420805999,0.06701030927835051,0.07544517338331772,0.07497656982193064,0.09746954076850985,0.059044048734770385,0.05154639175257732,0.04779756326148079,0.07169634489222118,0.05716963448922212,0.06138706654170572,0.05107778819119025,0.04451733833177132,0.05107778819119025,0.04732895970009372,0.059044048734770385,0.053420805998125584,0.08388003748828492,0.03748828491096532,0.056232427366447985,0.05810684161199625,0.13214620431115276,0.03795688847235239,0.05248359887535145,0.06982193064667291,0.04873477038425492,0.045454545454545456,0.06513589503280225,0.05154639175257732,0.09887535145267104,0.04732895970009372,0.09465791940018745,0.04217432052483599,0.038425492033739454,0.05107778819119025,0.07825679475164012,0.03233364573570759,0.07169634489222118,0.04592314901593252,0.05295220243673852,0.045454545454545456,0.06279287722586692,0.06091846298031865,0.06419868791002811,0.037019681349578254,0.023898781630740395,0.05388940955951265,0.026710402999062792,0.04217432052483599,0.06747891283973759,0.05107778819119025,0.041237113402061855,0.06419868791002811,0.08762886597938144,0.02483598875351453,0.059044048734770385,0.05060918462980318,0.05014058106841612,0.04451733833177132,0.04498594189315839,0.041237113402061855,0.0009372071227741331,0.03795688847235239,0.03936269915651359,0.04311152764761012,0.05014058106841612,0.05388940955951265,0.04779756326148079,0.05857544517338332,0.04779756326148079,0.03561387066541706,0.053420805998125584,0.04170571696344892,0.03936269915651359,0.056232427366447985,0.07357075913776945,0.054826616682286784,0.05716963448922212,0.03936269915651359,0.03655107778819119,0.03608247422680412,0.03327085285848173,0.037019681349578254,0.03655107778819119,0.02999062792877226,0.05107778819119025,0.03748828491096532,0.06138706654170572,0.04920337394564199,0.059044048734770385,0.030927835051546393,0.03608247422680412,0.02999062792877226,0.05295220243673852,0.04170571696344892,0.03608247422680412,0.04592314901593252,0.05951265229615745,0.045454545454545456,0.029522024367385193,0.06935332708528585,0.053420805998125584,0.030459231490159326,0.03139643861293346,0.06419868791002811,0.04779756326148079,0.07075913776944705,0.04498594189315839,0.05107778819119025,0.05014058106841612,0.05951265229615745
nh0207,1.0,0.43457562568008706,0.5038084874863983,0.3394994559303591,0.24904787812840043,0.2731229597388466,0.21721980413492928,0.31719260065288357,0.26251360174102284,0.24537540805223068,0.19015233949945592,0.23000544069640913,0.20184983677910773,0.20797062023939064,0.19423286180631122,0.18131120783460283,0.19164853101196952,0.18321545157780195,0.2158596300326442,0.14662676822633297,0.17668661588683351,0.13438520130576714,0.21803590859630032,0.1957290533188248,0.1395538628944505,0.18280739934711643,0.12608813928182808,0.19899347116430904,0.09426006528835691,0.14744287268770404,0.15424374319912948,0.13356909684439608,0.1498911860718172,0.13207290533188248,0.12431991294885746,0.13533732317736671,0.13574537540805223,0.13873775843307942,0.14309031556039173,0.11493471164309031,0.14091403699673558,0.14064200217627856,0.10051686615886833,0.10799782372143635,0.12581610446137106,0.11493471164309031,0.08188248095756256,0.10201305767138194,0.061207834602829164,0.09426006528835691,0.0984766050054407,0.07875408052230685,0.07780195865070728,0.12690424374319914,0.06284004352557128,0.09126768226332971,0.09194776931447225,0.14649075081610446,0.08718715995647443,0.08786724700761697,0.06134385201305767,0.09902067464635474,0.09208378672470076,0.07426550598476606,0.09670837867247008,0.07684983677910773,0.09494015233949946,0.056311207834602826,0.07426550598476606,0.1894722524483134,0.09385201305767138,0.08487486398258977,0.06651251360174103,0.0852829162132753,0.0911316648531012,0.08868335146898804,0.1590043525571273,0.07548966267682264,0.07576169749727965,0.044749727965179543,0.06556039173014146,0.051958650707290534,0.07331338411316649,0.09398803046789989,0.09521218715995647,0.07154515778019586,0.08773122959738847,0.0882752992383025,0.04461371055495103,0.07290533188248095,0.07168117519042437,0.04733405875952122,0.08745919477693145,0.06719260065288357,0.08038628944504897,0.0705930359085963,0.07140914036996736,0.07848204570184984,0.05767138193688792,0.07630576713819369,0.05467899891186072,0.06215995647442873,0.08487486398258977,0.06828073993471165,0.04502176278563656,0.04175734494015234,0.041893362350380846,0.07970620239390643,0.04434167573449402,0.06488030467899891,0.07589771490750816,0.04787812840043525,0.04896626768226333,0.0602557127312296,0.04230141458106638,0.10024483133841132,0.0750816104461371,0.03250816104461371,0.08052230685527748,0.059167573449401524,0.06311207834602829,0.06692056583242655,0.07290533188248095,0.09888465723612623,0.04951033732317737,0.09834058759521219,0.06868879216539717,0.06161588683351469,0.07412948857453754,0.07100108813928183,0.09970076169749728,0.07004896626768227,0.07127312295973885,0.06161588683351469,0.04053318824809576,0.0719532100108814,0.08460282916213276,0.1118063112078346,0.053998911860718174,0.05984766050054407,0.046789989118607184,0.039036996735582155,0.04434167573449402,0.05155059847660501,0.05699129488574538,0.07399347116430903,0.04665397170837867,0.06297606093579979,0.08065832426550598,0.049918389553862894,0.0690968443960827,0.07725788900979326,0.03835690968443961,0.06542437431991295,0.07004896626768227,0.13560935799782373,0.04978237214363439,0.04665397170837867,0.053454842219804136,0.04610990206746463,0.0617519042437432,0.06134385201305767,0.0323721436343852,0.049374319912948855,0.06052774755168661,0.058623503808487486,0.040805223068552776,0.04787812840043525,0.0720892274211099,0.04202937976060936,0.05182263329706202,0.040805223068552776,0.041349292709466814,0.041621327529923834,0.03577257889009793,0.046517954298150165,0.03291621327529924,0.060663764961915126,0.035228509249183894,0.05005440696409141,0.053182807399347116,0.05427094668117519,0.034684439608269856,0.03509249183895539,0.06147986942328618,0.03835690968443961,0.04148531011969532,0.03767682263329706,0.041349292709466814,0.03427638737758433,0.07616974972796518,0.029515778019586505,0.05032644178454842,0.05100652883569097,0.04053318824809576,0.07752992383025027,0.04719804134929271,0.0323721436343852,0.0690968443960827,0.04366158868335147,0.053726877040261155,0.03658868335146899,0.04869423286180631,0.038764961915125136,0.03794885745375408,0.033188248095756254,0.03740478781284004,0.04352557127312296,0.05100652883569097,0.03618063112078346,0.04311751904243743,0.02924374319912949,0.04175734494015234,0.05413492927094668,0.03441240478781284,0.04175734494015234,0.05522306855277476,0.02883569096844396,0.04352557127312296,0.051414581066376495,0.041893362350380846,0.03754080522306855,0.06039173014145811,0.03767682263329706,0.03835690968443961,0.039036996735582155,0.044069640914037,0.026523394994559305,0.05127856365614799,0.07916213275299239,0.03482045701849837,0.03264417845484222,0.048286180631120786,0.035636561479869426,0.033868335146898805,0.029515778019586505,0.0397170837867247,0.031284004352557127,0.030603917301414582,0.05794341675734494,0.04978237214363439,0.07086507072905332,0.0455658324265506,0.02897170837867247,0.026251360174102286,0.05522306855277476,0.035228509249183894,0.041349292709466814,0.02543525571273123,0.01632208922742111,0.0017682263329706202,0.029787812840043525,0.04325353645266594,0.029651795429815015,0.027883569096844397,0.08895538628944505,0.030331882480957563,0.037268770402611534,0.040397170837867244,0.033188248095756254,0.056311207834602826,0.028019586507072904,0.037268770402611534,0.036724700761697496,0.05413492927094668,0.030195865070729053,0.030603917301414582,0.05780739934711643,0.03223612622415669,0.044205658324265505,0.031011969532100107,0.030467899891186073,0.044477693144722524,0.03740478781284004,0.01958650707290533,0.031011969532100107,0.04869423286180631,0.030331882480957563,0.021218715995647442,0.04148531011969532,0.048558215451577805,0.03862894450489663,0.04923830250272035,0.05467899891186072,0.02761153427638738,0.044477693144722524,0.03196409140369967,0.041621327529923834,0.020674646354733407,0.022986942328618063,0.044205658324265505,0.06678454842219804,0.035636561479869426,0.04175734494015234,0.025571273122959738,0.035636561479869426,0.030059847660500544,0.041621327529923834,0.05182263329706202,0.06855277475516866
nh0208,1.0,0.5632668711656442,0.5187883435582822,0.3232361963190184,0.35199386503067487,0.3565950920245399,0.3508435582822086,0.3098159509202454,0.3205521472392638,0.2871932515337423,0.2446319018404908,0.26226993865030673,0.2523006134969325,0.2223926380368098,0.24616564417177914,0.2089723926380368,0.2151073619631902,0.15375766871165644,0.16717791411042945,0.21088957055214724,0.23006134969325154,0.1851993865030675,0.14992331288343558,0.22469325153374234,0.21434049079754602,0.2013036809815951,0.18174846625766872,0.15874233128834356,0.16717791411042945,0.1575920245398773,0.18289877300613497,0.16257668711656442,0.17638036809815952,0.1664110429447853,0.12653374233128833,0.16794478527607362,0.14263803680981596,0.13151840490797545,0.1388036809815951,0.15299079754601227,0.16104294478527606,0.11311349693251534,0.1273006134969325,0.11886503067484662,0.14455521472392638,0.125,0.14570552147239263,0.14072085889570551,0.11733128834355828,0.09624233128834356,0.12384969325153375,0.12883435582822086,0.08895705521472393,0.09662576687116564,0.1357361963190184,0.12691717791411042,0.12116564417177914,0.1142638036809816,0.10506134969325154,0.11273006134969325,0.10007668711656442,0.10966257668711657,0.08934049079754601,0.11771472392638037,0.1303680981595092,0.12154907975460123,0.07476993865030675,0.0924079754601227,0.10199386503067484,0.0705521472392638,0.11196319018404909,0.09125766871165644,0.08819018404907976,0.09394171779141104,0.11081288343558282,0.08588957055214724,0.11081288343558282,0.13420245398773006,0.07975460122699386,0.10007668711656442,0.1031441717791411,0.09010736196319018,0.0897239263803681,0.09279141104294479,0.10276073619631902,0.07131901840490798,0.10429447852760736,0.09432515337423313,0.10506134969325154,0.10199386503067484,0.09969325153374232,0.08665644171779141,0.0897239263803681,0.10161042944785276,0.07707055214723926,0.09854294478527607,0.08665644171779141,0.08358895705521473,0.11311349693251534,0.09087423312883436,0.06365030674846625,0.1004601226993865,0.07745398773006135,0.08780674846625768,0.08358895705521473,0.08358895705521473,0.09125766871165644,0.0678680981595092,0.08052147239263803,0.1031441717791411,0.062116564417177916,0.09930981595092024,0.08550613496932516,0.0816717791411043,0.07975460122699386,0.08742331288343558,0.06096625766871166,0.10966257668711657,0.06940184049079755,0.054447852760736194,0.07668711656441718,0.07668711656441718,0.06671779141104295,0.07131901840490798,0.07707055214723926,0.05674846625766871,0.07400306748466258,0.07170245398773006,0.08282208588957055,0.05789877300613497,0.06134969325153374,0.07208588957055215,0.06556748466257668,0.07975460122699386,0.09739263803680982,0.07668711656441718,0.06134969325153374,0.06901840490797546,0.07208588957055215,0.0763036809815951,0.060199386503067484,0.07170245398773006,0.08090490797546013,0.08358895705521473,0.08857361963190184,0.05061349693251534,0.07208588957055215,0.08243865030674846,0.06710122699386503,0.07592024539877301,0.04946319018404908,0.07208588957055215,0.07668711656441718,0.059049079754601226,0.08780674846625768,0.07246932515337423,0.06748466257668712,0.06863496932515338,0.04294478527607362,0.054831288343558285,0.06326687116564417,0.08052147239263803,0.05521472392638037,0.06288343558282208,0.0736196319018405,0.05406441717791411,0.0598159509202454,0.08358895705521473,0.08857361963190184,0.07553680981595091,0.06748466257668712,0.05291411042944785,0.08627300613496933,0.04869631901840491,0.056365030674846626,0.054831288343558285,0.053297546012269936,0.046395705521472395,0.05828220858895705,0.05291411042944785,0.07937116564417178,0.06441717791411043,0.04677914110429448,0.0598159509202454,0.051763803680981595,0.07515337423312883,0.0598159509202454,0.05559815950920245,0.05023006134969325,0.040260736196319015,0.04371165644171779,0.0598159509202454,0.05253067484662577,0.04754601226993865,0.04716257668711656,0.030291411042944784,0.0789877300613497,0.06403374233128835,0.05253067484662577,0.05214723926380368,0.061733128834355826,0.03949386503067485,0.06441717791411043,0.03450920245398773,0.04716257668711656,0.061733128834355826,0.05023006134969325,0.0598159509202454,0.05521472392638037,0.04677914110429448,0.026457055214723926,0.06978527607361963,0.027223926380368097,0.051763803680981595,0.04141104294478527,0.07822085889570553,0.03450920245398773,0.04792944785276074,0.03642638036809816,0.05521472392638037,0.05061349693251534,0.054831288343558285,0.06058282208588957,0.05099693251533742,0.05559815950920245,0.05943251533742331,0.04486196319018405,0.07745398773006135,0.051763803680981595,0.02492331288343558,0.04562883435582822,0.0625,0.05138036809815951,0.03680981595092025,0.041794478527607364,0.05253067484662577,0.05291411042944785,0.054447852760736194,0.05598159509202454,0.07131901840490798,0.04294478527607362,0.040644171779141106,0.053297546012269936,0.05023006134969325,0.062116564417177916,0.03412576687116564,0.03834355828220859,0.04486196319018405,0.0598159509202454,0.03872699386503067,0.08473926380368098,0.05406441717791411,0.056365030674846626,0.05253067484662577,0.04141104294478527,0.061733128834355826,0.026840490797546013,0.03719325153374233,0.04217791411042945,0.040260736196319015,0.04217791411042945,0.04792944785276074,0.05406441717791411,0.04792944785276074,0.04447852760736196,0.039110429447852764,0.04946319018404908,0.03144171779141104,0.03719325153374233,0.040644171779141106,0.06748466257668712,0.06978527607361963,0.051763803680981595,0.04562883435582822,0.04792944785276074,0.037960122699386506,0.03067484662576687,0.032975460122699383,0.046395705521472395,0.05099693251533742,0.046012269938650305,0.031058282208588958,0.024539877300613498,0.03412576687116564,0.034892638036809816,0.0299079754601227,0.043328220858895705,0.041794478527607364,0.029524539877300613,0.0352760736196319,0.032975460122699383,0.019938650306748466,0.043328220858895705,0.03450920245398773,0.032208588957055216,0.04409509202453988,0.04486196319018405,0.032975460122699383,0.0325920245398773,0.026840490797546013
nh0209,1.0,0.6549773755656109,0.5475113122171946,0.3733031674208145,0.24377828054298642,0.3591628959276018,0.2748868778280543,0.3026018099547511,0.3167420814479638,0.25339366515837103,0.20927601809954752,0.29411764705882354,0.26131221719457015,0.2324660633484163,0.21436651583710406,0.2335972850678733,0.26018099547511314,0.1414027149321267,0.18552036199095023,0.21832579185520362,0.22680995475113122,0.24547511312217193,0.18212669683257918,0.25961538461538464,0.21776018099547512,0.18834841628959276,0.1521493212669683,0.1996606334841629,0.12782805429864252,0.22794117647058823,0.2324660633484163,0.13687782805429866,0.22115384615384615,0.18947963800904977,0.13631221719457012,0.20644796380090497,0.16572398190045248,0.17760180995475114,0.18891402714932126,0.1589366515837104,0.21776018099547512,0.10067873303167421,0.12839366515837103,0.13857466063348417,0.11538461538461539,0.19513574660633484,0.18099547511312217,0.126131221719457,0.12386877828054299,0.08653846153846154,0.1085972850678733,0.10916289592760181,0.11085972850678733,0.10407239819004525,0.1085972850678733,0.12386877828054299,0.10067873303167421,0.1493212669683258,0.12895927601809956,0.11934389140271494,0.0831447963800905,0.13631221719457012,0.10294117647058823,0.09389140271493213,0.13687782805429866,0.13857466063348417,0.07692307692307693,0.11199095022624435,0.08936651583710407,0.08088235294117647,0.09502262443438914,0.10350678733031674,0.11990950226244344,0.12047511312217195,0.11085972850678733,0.10633484162895927,0.06900452488687783,0.1165158371040724,0.09898190045248868,0.08710407239819004,0.09445701357466063,0.07070135746606335,0.09558823529411764,0.0661764705882353,0.09785067873303167,0.08088235294117647,0.09671945701357466,0.10294117647058823,0.06843891402714933,0.09389140271493213,0.11877828054298642,0.09389140271493213,0.12782805429864252,0.0752262443438914,0.08540723981900453,0.1323529411764706,0.07126696832579185,0.09671945701357466,0.05486425339366516,0.09728506787330317,0.08597285067873303,0.10520361990950226,0.09615384615384616,0.08540723981900453,0.08257918552036199,0.10576923076923077,0.05486425339366516,0.08823529411764706,0.09219457013574661,0.09445701357466063,0.08088235294117647,0.07975113122171945,0.07409502262443439,0.09954751131221719,0.06900452488687783,0.06787330316742081,0.10124434389140272,0.1414027149321267,0.12726244343891402,0.057692307692307696,0.09671945701357466,0.09219457013574661,0.10294117647058823,0.0831447963800905,0.05995475113122172,0.04411764705882353,0.07013574660633484,0.07183257918552036,0.0831447963800905,0.05995475113122172,0.06504524886877829,0.08936651583710407,0.08484162895927602,0.08201357466063348,0.09502262443438914,0.06221719457013575,0.10180995475113122,0.050339366515837106,0.08201357466063348,0.07070135746606335,0.05373303167420815,0.06843891402714933,0.05373303167420815,0.07918552036199095,0.0916289592760181,0.07692307692307693,0.05373303167420815,0.07183257918552036,0.0746606334841629,0.06787330316742081,0.08031674208144797,0.083710407239819,0.08823529411764706,0.05542986425339366,0.08823529411764706,0.08031674208144797,0.07975113122171945,0.057126696832579184,0.055995475113122174,0.05542986425339366,0.06334841628959276,0.06221719457013575,0.06165158371040724,0.07013574660633484,0.08484162895927602,0.058823529411764705,0.06334841628959276,0.08823529411764706,0.10294117647058823,0.07013574660633484,0.05938914027149321,0.051470588235294115,0.05373303167420815,0.04638009049773756,0.041289592760180995,0.07126696832579185,0.060520361990950226,0.050339366515837106,0.03789592760180995,0.04411764705882353,0.07126696832579185,0.05938914027149321,0.048642533936651584,0.06843891402714933,0.058823529411764705,0.06391402714932126,0.05656108597285068,0.025452488687782805,0.06504524886877829,0.04751131221719457,0.04638009049773756,0.04807692307692308,0.06957013574660634,0.06108597285067873,0.05429864253393665,0.06843891402714933,0.057126696832579184,0.07013574660633484,0.04355203619909502,0.05995475113122172,0.0752262443438914,0.038461538461538464,0.04807692307692308,0.031108597285067874,0.04751131221719457,0.07635746606334842,0.05938914027149321,0.053167420814479636,0.08766968325791855,0.05486425339366516,0.04468325791855204,0.0831447963800905,0.041289592760180995,0.058823529411764705,0.048642533936651584,0.06221719457013575,0.050339366515837106,0.04694570135746606,0.05260180995475113,0.05373303167420815,0.0582579185520362,0.05373303167420815,0.05373303167420815,0.041289592760180995,0.057692307692307696,0.058823529411764705,0.07918552036199095,0.07013574660633484,0.05656108597285068,0.04638009049773756,0.049773755656108594,0.05260180995475113,0.0661764705882353,0.051470588235294115,0.049773755656108594,0.04242081447963801,0.07070135746606335,0.0418552036199095,0.041289592760180995,0.058823529411764705,0.05203619909502263,0.04242081447963801,0.06504524886877829,0.03223981900452489,0.049773755656108594,0.053167420814479636,0.040158371040723985,0.05429864253393665,0.05203619909502263,0.025452488687782805,0.11142533936651584,0.057126696832579184,0.050339366515837106,0.060520361990950226,0.04242081447963801,0.033936651583710405,0.03959276018099547,0.05486425339366516,0.04807692307692308,0.04807692307692308,0.057692307692307696,0.04638009049773756,0.05429864253393665,0.055995475113122174,0.04524886877828054,0.042986425339366516,0.04355203619909502,0.040158371040723985,0.03676470588235294,0.04638009049773756,0.06957013574660634,0.03223981900452489,0.06108597285067873,0.049773755656108594,0.042986425339366516,0.03223981900452489,0.04751131221719457,0.029411764705882353,0.057692307692307696,0.05938914027149321,0.04807692307692308,0.034502262443438916,0.026018099547511313,0.04072398190045249,0.04242081447963801,0.034502262443438916,0.03902714932126697,0.04242081447963801,0.02828054298642534,0.03789592760180995,0.031108597285067874,0.016402714932126698,0.057692307692307696,0.034502262443438916,0.03676470588235294,0.029411764705882353,0.035633484162895926,0.02997737556561086,0.048642533936651584,0.020361990950226245
nh0210,1.0,0.5501706484641639,0.5501706484641639,0.3651877133105802,0.3102389078498293,0.3361774744027304,0.30580204778156994,0.3433447098976109,0.283617747440273,0.278839590443686,0.1945392491467577,0.27610921501706487,0.22627986348122867,0.18771331058020477,0.26348122866894197,0.20614334470989762,0.2068259385665529,0.26040955631399315,0.20273037542662117,0.21569965870307167,0.2566552901023891,0.19180887372013652,0.1863481228668942,0.20238907849829352,0.16552901023890784,0.2075085324232082,0.16757679180887372,0.18737201365187714,0.16245733788395905,0.15187713310580206,0.1491467576791809,0.14027303754266213,0.17542662116040955,0.1515358361774744,0.1416382252559727,0.1614334470989761,0.14709897610921502,0.13276450511945392,0.14812286689419796,0.14027303754266213,0.1273037542662116,0.11399317406143344,0.14709897610921502,0.12286689419795221,0.1447098976109215,0.11501706484641638,0.07610921501706484,0.14368600682593857,0.12696245733788397,0.08156996587030717,0.1037542662116041,0.12252559726962457,0.10716723549488055,0.1098976109215017,0.18122866894197953,0.1645051194539249,0.09419795221843004,0.10204778156996587,0.12662116040955632,0.1167235494880546,0.09965870307167235,0.1440273037542662,0.09146757679180888,0.09897610921501707,0.10887372013651878,0.12935153583617748,0.11877133105802047,0.13071672354948805,0.10580204778156997,0.10511945392491467,0.11979522184300341,0.06860068259385665,0.08293515358361775,0.10580204778156997,0.07679180887372014,0.10102389078498293,0.13822525597269625,0.08771331058020478,0.10341296928327645,0.06825938566552901,0.12525597269624572,0.08156996587030717,0.09215017064846416,0.10034129692832765,0.1098976109215017,0.08805460750853242,0.07849829351535836,0.0962457337883959,0.0901023890784983,0.08873720136518772,0.0720136518771331,0.09283276450511946,0.09795221843003413,0.08600682593856655,0.08020477815699659,0.0863481228668942,0.09180887372013652,0.08771331058020478,0.08156996587030717,0.07098976109215017,0.09044368600682594,0.0583617747440273,0.10819112627986348,0.06996587030716724,0.06382252559726963,0.08293515358361775,0.07406143344709898,0.09385665529010238,0.07679180887372014,0.07337883959044368,0.0689419795221843,0.11638225255972696,0.0621160409556314,0.0720136518771331,0.061092150170648465,0.07815699658703072,0.059044368600682594,0.05665529010238908,0.06518771331058021,0.08430034129692833,0.08430034129692833,0.05631399317406143,0.06382252559726963,0.07167235494880546,0.0621160409556314,0.0696245733788396,0.06587030716723549,0.06723549488054607,0.07508532423208192,0.08020477815699659,0.07372013651877134,0.09863481228668942,0.0696245733788396,0.07337883959044368,0.09146757679180888,0.07030716723549488,0.05699658703071672,0.0901023890784983,0.0757679180887372,0.06791808873720137,0.062457337883959047,0.06143344709897611,0.07986348122866894,0.0901023890784983,0.08191126279863481,0.06996587030716724,0.06689419795221843,0.06587030716723549,0.04505119453924915,0.042320819112627986,0.08122866894197953,0.06313993174061433,0.07235494880546076,0.08020477815699659,0.05870307167235495,0.04334470989761092,0.04812286689419795,0.051194539249146756,0.07133105802047782,0.04607508532423208,0.06996587030716724,0.06382252559726963,0.05699658703071672,0.08361774744027303,0.059726962457337884,0.10341296928327645,0.089419795221843,0.050853242320819114,0.08907849829351536,0.05665529010238908,0.06757679180887372,0.04880546075085324,0.052218430034129695,0.05460750853242321,0.0901023890784983,0.0621160409556314,0.04402730375426621,0.09146757679180888,0.06996587030716724,0.05802047781569966,0.041979522184300344,0.07030716723549488,0.060068259385665526,0.06279863481228669,0.05392491467576792,0.061774744027303756,0.07815699658703072,0.05494880546075085,0.07474402730375426,0.052218430034129695,0.06655290102389079,0.04744027303754266,0.08395904436860069,0.043003412969283276,0.042662116040955635,0.0447098976109215,0.04675767918088737,0.05187713310580205,0.041638225255972695,0.05563139931740614,0.043003412969283276,0.041638225255972695,0.05460750853242321,0.042662116040955635,0.04675767918088737,0.06552901023890785,0.04812286689419795,0.05187713310580205,0.049146757679180884,0.06382252559726963,0.08464163822525597,0.06416382252559727,0.041296928327645054,0.040955631399317405,0.0720136518771331,0.040955631399317405,0.034129692832764506,0.050170648464163824,0.07610921501706484,0.05255972696245734,0.07986348122866894,0.0552901023890785,0.041979522184300344,0.061092150170648465,0.09385665529010238,0.052901023890784986,0.03583617747440273,0.040273037542662114,0.0583617747440273,0.03890784982935153,0.042320819112627986,0.041296928327645054,0.032081911262798635,0.053583617747440276,0.03822525597269624,0.052901023890784986,0.05392491467576792,0.050511945392491465,0.04573378839590444,0.04436860068259386,0.042662116040955635,0.03378839590443686,0.04675767918088737,0.03651877133105802,0.027986348122866895,0.04641638225255973,0.0348122866894198,0.07064846416382252,0.049829351535836175,0.06313993174061433,0.025597269624573378,0.04334470989761092,0.04061433447098976,0.042662116040955635,0.052218430034129695,0.08668941979522184,0.03174061433447099,0.03686006825938567,0.0621160409556314,0.03856655290102389,0.06075085324232082,0.04334470989761092,0.04436860068259386,0.04539249146757679,0.04061433447098976,0.03583617747440273,0.050853242320819114,0.04880546075085324,0.053583617747440276,0.04436860068259386,0.04607508532423208,0.048464163822525594,0.042662116040955635,0.040955631399317405,0.04061433447098976,0.042662116040955635,0.049829351535836175,0.032764505119453925,0.04368600682593857,0.04880546075085324,0.0310580204778157,0.04641638225255973,0.018430034129692834,0.041638225255972695,0.04812286689419795,0.024232081911262797,0.030034129692832763,0.04505119453924915,0.03515358361774744,0.03924914675767918,0.025597269624573378,0.032764505119453925,0.030034129692832763,0.032764505119453925,0.061092150170648465,0.03549488054607509,0.03686006825938567,0.040955631399317405,0.023208191126279865,0.04061433447098976
nh0211,1.0,0.7150610583446404,0.5793758480325645,0.44029850746268656,0.4497964721845319,0.4416553595658073,0.26322930800542743,0.26526458616010856,0.33921302578018997,0.2829036635006784,0.35345997286295794,0.27951153324287653,0.2930800542740841,0.28968792401628224,0.17503392130257803,0.25780189959294436,0.29850746268656714,0.17774762550881953,0.22727272727272727,0.27204884667571233,0.26119402985074625,0.30325644504748983,0.22184531886024422,0.23134328358208955,0.23066485753052918,0.18588873812754408,0.21234735413839892,0.20488466757123475,0.1926729986431479,0.2496607869742198,0.1621438263229308,0.14789687924016282,0.22116689280868385,0.1628222523744912,0.1824966078697422,0.30597014925373134,0.25508819538670285,0.22116689280868385,0.23609226594301222,0.16824966078697423,0.27544097693351427,0.14789687924016282,0.14111261872455902,0.14246947082767977,0.09565807327001356,0.13161465400271372,0.18995929443690637,0.1255088195386703,0.12347354138398914,0.11261872455902307,0.10990502035278155,0.17096336499321574,0.09158751696065129,0.12008141112618724,0.08548168249660787,0.16350067842605157,0.09769335142469471,0.1282225237449118,0.15264586160108548,0.11804613297150611,0.12415196743554953,0.11804613297150611,0.1255088195386703,0.12754409769335143,0.10719131614654002,0.1960651289009498,0.10312075983717775,0.1390773405698779,0.09905020352781546,0.11329715061058344,0.11668928086838534,0.17503392130257803,0.1852103120759837,0.13297150610583447,0.1723202170963365,0.13704206241519673,0.1112618724559023,0.10719131614654002,0.09633649932157395,0.1451831750339213,0.14925373134328357,0.1010854816824966,0.16689280868385345,0.09905020352781546,0.10515603799185888,0.06987788331071913,0.08344640434192672,0.11804613297150611,0.07259158751696065,0.15807327001356852,0.08751696065128901,0.10719131614654002,0.09701492537313433,0.11194029850746269,0.09362279511533243,0.10990502035278155,0.0807327001356852,0.1309362279511533,0.06105834464043419,0.10990502035278155,0.07937584803256445,0.09701492537313433,0.09362279511533243,0.09158751696065129,0.08955223880597014,0.14382632293080055,0.0807327001356852,0.09294436906377204,0.09362279511533243,0.11194029850746269,0.13772048846675713,0.08616010854816825,0.06105834464043419,0.1350067842605156,0.08276797829036635,0.06580732700135686,0.09362279511533243,0.12075983717774763,0.10854816824966079,0.06309362279511534,0.09430122116689281,0.11940298507462686,0.09769335142469471,0.0773405698778833,0.1010854816824966,0.07259158751696065,0.1309362279511533,0.0814111261872456,0.0807327001356852,0.03731343283582089,0.10040705563093623,0.08480325644504749,0.07327001356852103,0.09497964721845319,0.07123473541383989,0.09565807327001356,0.0807327001356852,0.07530529172320218,0.09837177747625508,0.11872455902306649,0.06648575305291723,0.09023066485753053,0.05698778833107191,0.06852103120759837,0.07598371777476255,0.07259158751696065,0.07530529172320218,0.09226594301221167,0.06241519674355495,0.07191316146540028,0.07937584803256445,0.05223880597014925,0.06852103120759837,0.06377204884667571,0.09023066485753053,0.10379918588873813,0.07937584803256445,0.08548168249660787,0.08005427408412483,0.07327001356852103,0.0407055630936228,0.12075983717774763,0.06377204884667571,0.06852103120759837,0.08955223880597014,0.046811397557666216,0.07394843962008141,0.06919945725915876,0.04613297150610583,0.05834464043419267,0.06648575305291723,0.08276797829036635,0.07394843962008141,0.057666214382632294,0.06716417910447761,0.059023066485753055,0.08480325644504749,0.03731343283582089,0.059023066485753055,0.048846675712347354,0.059023066485753055,0.05563093622795115,0.08751696065128901,0.07869742198100407,0.05563093622795115,0.04341926729986431,0.037991858887381276,0.03324287652645862,0.09294436906377204,0.059023066485753055,0.05223880597014925,0.05088195386702849,0.06784260515603799,0.05359565807327001,0.04002713704206241,0.03934871099050204,0.05834464043419267,0.07123473541383989,0.045454545454545456,0.0407055630936228,0.0780189959294437,0.050203527815468114,0.07530529172320218,0.06241519674355495,0.05223880597014925,0.06648575305291723,0.052917232021709636,0.07259158751696065,0.09497964721845319,0.056309362279511534,0.023744911804613297,0.059023066485753055,0.0407055630936228,0.05495251017639077,0.06445047489823609,0.07666214382632293,0.05563093622795115,0.036635006784260515,0.05970149253731343,0.050203527815468114,0.05698778833107191,0.048846675712347354,0.09226594301221167,0.046811397557666216,0.048846675712347354,0.045454545454545456,0.08819538670284939,0.07937584803256445,0.06445047489823609,0.04748982360922659,0.05698778833107191,0.0780189959294437,0.04613297150610583,0.044097693351424695,0.06377204884667571,0.07869742198100407,0.06580732700135686,0.048846675712347354,0.04477611940298507,0.06241519674355495,0.09972862957937585,0.07869742198100407,0.09565807327001356,0.05223880597014925,0.05698778833107191,0.057666214382632294,0.04002713704206241,0.05088195386702849,0.026458616010854818,0.009497964721845319,0.08548168249660787,0.04748982360922659,0.05834464043419267,0.0780189959294437,0.05223880597014925,0.07055630936227951,0.06512890094979647,0.07530529172320218,0.09565807327001356,0.027137042062415198,0.05563093622795115,0.03731343283582089,0.057666214382632294,0.054274084124830396,0.06173677069199457,0.10244233378561737,0.06784260515603799,0.033921302578018994,0.04002713704206241,0.08344640434192672,0.057666214382632294,0.037991858887381276,0.03324287652645862,0.04613297150610583,0.036635006784260515,0.03934871099050204,0.03595658073270014,0.024423337856173677,0.059023066485753055,0.06105834464043419,0.08208955223880597,0.04613297150610583,0.024423337856173677,0.03867028493894165,0.04748982360922659,0.031207598371777476,0.06105834464043419,0.041383989145183174,0.045454545454545456,0.033921302578018994,0.045454545454545456,0.021709633649932156,0.044097693351424695,0.05698778833107191,0.05088195386702849,0.04477611940298507,0.06105834464043419,0.041383989145183174,0.026458616010854818,0.03867028493894165
nh0212,1.0,0.6158574062692072,0.5132145052243393,0.2833435771358328,0.2507682851874616,0.35586969883220654,0.2876459741856177,0.3275968039336202,0.33128457283343576,0.2421634910878918,0.18131530424093423,0.23417332513829134,0.22433927473878304,0.22372464658881377,0.21573448063921327,0.20467117393976644,0.2366318377381684,0.12599877074370006,0.19483712354025814,0.19606637984019668,0.20405654578979718,0.22065150583896742,0.1727105101413645,0.20897357098955133,0.2538414259373079,0.18070067609096496,0.1972956361401352,0.16103257529194837,0.1352181929932391,0.2095881991395206,0.17762753534111864,0.19114935464044253,0.2114320835894284,0.14812538414259374,0.13583282114320835,0.2052858020897357,0.16779348494161034,0.16902274124154887,0.16779348494161034,0.16533497234173325,0.2034419176398279,0.09035033804548248,0.12415488629379226,0.11370620774431468,0.11985248924400738,0.15734480639213275,0.11677934849416104,0.11370620774431468,0.07805777504609711,0.11985248924400738,0.14443761524277812,0.06637984019668101,0.07805777504609711,0.08543331284572833,0.08666256914566688,0.11309157959434542,0.14382298709280886,0.1727105101413645,0.12169637369391519,0.11923786109403811,0.07744314689612784,0.0940381069452981,0.08113091579594345,0.08481868469575907,0.12231100184388445,0.1432083589428396,0.08666256914566688,0.05654578979717271,0.0860479409956976,0.08727719729563614,0.07129686539643516,0.09895513214505225,0.09465273509526737,0.09711124769514444,0.11677934849416104,0.12292562999385372,0.08481868469575907,0.1432083589428396,0.09834050399508297,0.05654578979717271,0.07990165949600492,0.0842040565457898,0.09157959434542103,0.14197910264290103,0.09834050399508297,0.07928703134603565,0.09096496619545175,0.13214505224339274,0.04978488014751076,0.07990165949600492,0.15611555009219422,0.06330669944683466,0.11555009219422249,0.08481868469575907,0.055931161647203444,0.09956976029502151,0.0860479409956976,0.0977258758451137,0.07129686539643516,0.0528580208973571,0.057775046097111246,0.11063306699446834,0.09649661954517517,0.05900430239704978,0.06084818684695759,0.08850645359557467,0.06392132759680394,0.06146281499692686,0.08666256914566688,0.0958819913952059,0.08113091579594345,0.06883835279655809,0.0626920712968654,0.0977258758451137,0.06822372464658881,0.07006760909649662,0.059618930547019056,0.08666256914566688,0.09342347879532882,0.07314074984634296,0.08051628764597418,0.0842040565457898,0.07559926244622003,0.055931161647203444,0.08543331284572833,0.03564843269821758,0.06023355869698832,0.0725261216963737,0.09096496619545175,0.05531653349723417,0.06822372464658881,0.05838967424708052,0.07191149354640443,0.07682851874615858,0.09834050399508297,0.05900430239704978,0.07498463429625077,0.04671173939766441,0.0860479409956976,0.08543331284572833,0.051014136447449294,0.07498463429625077,0.05531653349723417,0.07375537799631224,0.0743700061462815,0.07314074984634296,0.04978488014751076,0.09465273509526737,0.05900430239704978,0.06822372464658881,0.0528580208973571,0.054087277197295634,0.07990165949600492,0.049170251997541485,0.09280885064535956,0.054087277197295634,0.08973570989551322,0.04548248309772587,0.04978488014751076,0.03687768899815612,0.05654578979717271,0.0743700061462815,0.04978488014751076,0.05716041794714198,0.09711124769514444,0.03872157344806392,0.05900430239704978,0.06392132759680394,0.057775046097111246,0.07068223724646588,0.03196066379840197,0.07928703134603565,0.032575291948371235,0.040565457897971724,0.037492317148125384,0.06699446834665028,0.05347264904732637,0.041180086047940996,0.04486785494775661,0.040565457897971724,0.06330669944683466,0.05654578979717271,0.037492317148125384,0.06146281499692686,0.055931161647203444,0.05716041794714198,0.04671173939766441,0.03073140749846343,0.054087277197295634,0.05716041794714198,0.046097111247695145,0.049170251997541485,0.09526736324523663,0.05716041794714198,0.04486785494775661,0.07006760909649662,0.059618930547019056,0.05039950829748002,0.05531653349723417,0.049170251997541485,0.05162876459741856,0.03318992009834051,0.06392132759680394,0.04732636754763368,0.05347264904732637,0.06330669944683466,0.05654578979717271,0.046097111247695145,0.1684081130915796,0.04179471419791026,0.02581438229870928,0.055931161647203444,0.08236017209588199,0.054701905347264906,0.06084818684695759,0.04363859864781807,0.041180086047940996,0.03933620159803319,0.07129686539643516,0.027658266748617086,0.04240934234787953,0.0528580208973571,0.05347264904732637,0.04179471419791026,0.03872157344806392,0.049170251997541485,0.06207744314689613,0.08543331284572833,0.05838967424708052,0.046097111247695145,0.06023355869698832,0.07682851874615858,0.04978488014751076,0.037492317148125384,0.05039950829748002,0.0626920712968654,0.0528580208973571,0.06945298094652735,0.03687768899815612,0.05900430239704978,0.0645359557467732,0.04671173939766441,0.07928703134603565,0.024585125998770743,0.04179471419791026,0.05654578979717271,0.04240934234787953,0.04179471419791026,0.049170251997541485,0.04794099569760295,0.06330669944683466,0.04978488014751076,0.044253226797787336,0.05162876459741856,0.032575291948371235,0.03011677934849416,0.04486785494775661,0.055931161647203444,0.07744314689612784,0.03687768899815612,0.046097111247695145,0.023355869698832205,0.03687768899815612,0.04179471419791026,0.04548248309772587,0.04732636754763368,0.0528580208973571,0.02519975414874001,0.03011677934849416,0.04794099569760295,0.06760909649661954,0.03687768899815612,0.04794099569760295,0.03687768899815612,0.04179471419791026,0.028887523048555623,0.04548248309772587,0.0313460356484327,0.04240934234787953,0.037492317148125384,0.040565457897971724,0.041180086047940996,0.04548248309772587,0.03503380454824831,0.02519975414874001,0.03011677934849416,0.03995082974800246,0.0528580208973571,0.02950215119852489,0.046097111247695145,0.03073140749846343,0.015980331899200985,0.05531653349723417,0.03196066379840197,0.027043638598647817,0.03933620159803319,0.03687768899815612,0.04794099569760295,0.04486785494775661,0.01843884449907806
nh0213,1.0,0.6943069306930693,0.6163366336633663,0.4158415841584158,0.5148514851485149,0.4863861386138614,0.46905940594059403,0.3935643564356436,0.3316831683168317,0.34529702970297027,0.2599009900990099,0.33910891089108913,0.3193069306930693,0.349009900990099,0.2722772277227723,0.3180693069306931,0.26113861386138615,0.297029702970297,0.29826732673267325,0.23886138613861385,0.32054455445544555,0.28094059405940597,0.27970297029702973,0.24504950495049505,0.25123762376237624,0.21163366336633663,0.23638613861386137,0.18316831683168316,0.25123762376237624,0.2623762376237624,0.1905940594059406,0.23514851485148514,0.21534653465346534,0.25495049504950495,0.19925742574257427,0.26113861386138615,0.1967821782178218,0.18564356435643564,0.18811881188118812,0.1311881188118812,0.18316831683168316,0.19801980198019803,0.1905940594059406,0.18564356435643564,0.18811881188118812,0.15717821782178218,0.10643564356435643,0.10024752475247525,0.16212871287128713,0.2079207920792079,0.0952970297029703,0.12871287128712872,0.14232673267326731,0.16212871287128713,0.20544554455445543,0.12995049504950495,0.22772277227722773,0.15099009900990099,0.23886138613861385,0.14108910891089108,0.1547029702970297,0.1967821782178218,0.14108910891089108,0.15222772277227722,0.12747524752475248,0.12871287128712872,0.11757425742574257,0.10891089108910891,0.12376237623762376,0.19554455445544555,0.08787128712871287,0.09777227722772278,0.14356435643564355,0.13861386138613863,0.1349009900990099,0.12128712871287128,0.09158415841584158,0.06930693069306931,0.15594059405940594,0.1485148514851485,0.08663366336633663,0.17698019801980197,0.12252475247524752,0.0853960396039604,0.1188118811881188,0.09158415841584158,0.13366336633663367,0.12252475247524752,0.16831683168316833,0.11757425742574257,0.10643564356435643,0.09282178217821782,0.13613861386138615,0.125,0.10767326732673267,0.12376237623762376,0.11386138613861387,0.12995049504950495,0.09777227722772278,0.125,0.10891089108910891,0.08787128712871287,0.11262376237623763,0.1150990099009901,0.0891089108910891,0.08787128712871287,0.10024752475247525,0.15099009900990099,0.09653465346534654,0.12995049504950495,0.1373762376237624,0.11633663366336634,0.09653465346534654,0.11757425742574257,0.11386138613861387,0.09900990099009901,0.10024752475247525,0.04702970297029703,0.12623762376237624,0.09900990099009901,0.07797029702970297,0.1150990099009901,0.11014851485148515,0.11633663366336634,0.12623762376237624,0.09777227722772278,0.10148514851485149,0.10891089108910891,0.0891089108910891,0.0594059405940594,0.08292079207920793,0.15099009900990099,0.11633663366336634,0.10891089108910891,0.10767326732673267,0.09653465346534654,0.07301980198019802,0.06806930693069307,0.07797029702970297,0.10024752475247525,0.11014851485148515,0.10396039603960396,0.07425742574257425,0.06683168316831684,0.08168316831683169,0.09653465346534654,0.07920792079207921,0.09900990099009901,0.07178217821782178,0.10272277227722772,0.06806930693069307,0.07054455445544554,0.09034653465346534,0.06930693069306931,0.08663366336633663,0.09900990099009901,0.12995049504950495,0.09034653465346534,0.08292079207920793,0.0891089108910891,0.09282178217821782,0.08292079207920793,0.09900990099009901,0.09405940594059406,0.07549504950495049,0.055693069306930694,0.08663366336633663,0.08044554455445545,0.013613861386138614,0.04084158415841584,0.10148514851485149,0.07797029702970297,0.04826732673267327,0.09282178217821782,0.09900990099009901,0.08044554455445545,0.07797029702970297,0.038366336633663366,0.07054455445544554,0.06806930693069307,0.11014851485148515,0.06064356435643564,0.07549504950495049,0.07054455445544554,0.054455445544554455,0.05693069306930693,0.09777227722772278,0.06064356435643564,0.06188118811881188,0.06311881188118812,0.09034653465346534,0.11014851485148515,0.06311881188118812,0.10643564356435643,0.05198019801980198,0.08663366336633663,0.04826732673267327,0.0655940594059406,0.10024752475247525,0.0594059405940594,0.10643564356435643,0.043316831683168314,0.06683168316831684,0.07425742574257425,0.06064356435643564,0.07178217821782178,0.050742574257425746,0.05693069306930693,0.05693069306930693,0.08044554455445545,0.02599009900990099,0.055693069306930694,0.11757425742574257,0.06683168316831684,0.09034653465346534,0.04950495049504951,0.0655940594059406,0.03589108910891089,0.08168316831683169,0.07920792079207921,0.06435643564356436,0.038366336633663366,0.055693069306930694,0.07673267326732673,0.038366336633663366,0.03341584158415842,0.05816831683168317,0.05693069306930693,0.08168316831683169,0.07054455445544554,0.07425742574257425,0.07673267326732673,0.06064356435643564,0.0952970297029703,0.07797029702970297,0.06930693069306931,0.0594059405940594,0.06188118811881188,0.04455445544554455,0.053217821782178217,0.06064356435643564,0.053217821782178217,0.08292079207920793,0.053217821782178217,0.07178217821782178,0.05816831683168317,0.06683168316831684,0.054455445544554455,0.027227722772277228,0.07425742574257425,0.011138613861386138,0.04455445544554455,0.06064356435643564,0.053217821782178217,0.05198019801980198,0.05816831683168317,0.09653465346534654,0.08044554455445545,0.04455445544554455,0.04826732673267327,0.06435643564356436,0.05816831683168317,0.053217821782178217,0.07054455445544554,0.07920792079207921,0.07178217821782178,0.0594059405940594,0.09777227722772278,0.0594059405940594,0.05198019801980198,0.054455445544554455,0.053217821782178217,0.05693069306930693,0.03094059405940594,0.04579207920792079,0.04084158415841584,0.05198019801980198,0.054455445544554455,0.07797029702970297,0.06311881188118812,0.07054455445544554,0.04455445544554455,0.07920792079207921,0.06930693069306931,0.10643564356435643,0.04579207920792079,0.04950495049504951,0.08168316831683169,0.04455445544554455,0.07178217821782178,0.06683168316831684,0.038366336633663366,0.03094059405940594,0.06064356435643564,0.050742574257425746,0.05198019801980198,0.04084158415841584,0.07549504950495049,0.11386138613861387,0.06064356435643564
nh0214,1.0,0.47146401985111663,0.41025641025641024,0.2704714640198511,0.40612076095947064,0.2737799834574028,0.4507857733664185,0.2564102564102564,0.2597187758478081,0.2853598014888337,0.3002481389578164,0.22167080231596362,0.2597187758478081,0.18362282878411912,0.21670802315963605,0.19106699751861042,0.20430107526881722,0.19933829611248965,0.1695616211745244,0.20347394540942929,0.1662531017369727,0.17783291976840365,0.17700578990901572,0.18775847808105872,0.1621174524400331,0.1621174524400331,0.16459884201819686,0.141439205955335,0.15301902398676592,0.12406947890818859,0.1654259718775848,0.15715467328370555,0.14557485525227462,0.14557485525227462,0.1381306865177833,0.12489660876757651,0.12572373862696443,0.10421836228287841,0.11827956989247312,0.15384615384615385,0.11993382961124896,0.09429280397022333,0.11000827129859388,0.11579818031430934,0.1000827129859388,0.13399503722084366,0.06782464846980976,0.09015715467328371,0.09181141439205956,0.15467328370554176,0.13316790736145576,0.06699751861042183,0.08850289495450786,0.1315136476426799,0.1902398676592225,0.11331679073614558,0.13978494623655913,0.07444168734491315,0.09760132340777503,0.1000827129859388,0.09429280397022333,0.08023159636062861,0.09098428453267163,0.09263854425144748,0.10173697270471464,0.10587262200165426,0.07196029776674938,0.0413564929693962,0.10090984284532671,0.065343258891646,0.06368899917287014,0.05707196029776675,0.08767576509511993,0.08850289495450786,0.08105872622001654,0.09925558312655088,0.05789909015715467,0.10752688172043011,0.076095947063689,0.08519437551695616,0.11579818031430934,0.08684863523573201,0.07278742762613731,0.06286186931348221,0.07857733664185278,0.10918114143920596,0.07775020678246485,0.06617038875103391,0.1282051282051282,0.06947890818858561,0.07857733664185278,0.08188585607940446,0.08519437551695616,0.09594706368899918,0.06368899917287014,0.08850289495450786,0.11248966087675766,0.08519437551695616,0.11331679073614558,0.09760132340777503,0.058726220016542596,0.060380479735318446,0.08933002481389578,0.08188585607940446,0.07196029776674938,0.07444168734491315,0.08105872622001654,0.04797353184449959,0.04631927212572374,0.05707196029776675,0.04466501240694789,0.10504549214226634,0.06947890818858561,0.08933002481389578,0.07361455748552523,0.06782464846980976,0.04962779156327544,0.03391232423490488,0.08933002481389578,0.07196029776674938,0.06368899917287014,0.07857733664185278,0.04962779156327544,0.04714640198511166,0.0794044665012407,0.05128205128205128,0.065343258891646,0.06120760959470637,0.062034739454094295,0.08354011579818031,0.055417700578990904,0.052109181141439205,0.07030603804797353,0.04466501240694789,0.10090984284532671,0.04631927212572374,0.06286186931348221,0.04218362282878412,0.06699751861042183,0.06617038875103391,0.04962779156327544,0.06617038875103391,0.036393713813068655,0.05459057071960298,0.055417700578990904,0.055417700578990904,0.0827129859387924,0.06782464846980976,0.08933002481389578,0.04631927212572374,0.08850289495450786,0.05128205128205128,0.06947890818858561,0.062034739454094295,0.08519437551695616,0.0380479735318445,0.08684863523573201,0.05955334987593052,0.04962779156327544,0.06286186931348221,0.04466501240694789,0.045492142266335814,0.053763440860215055,0.053763440860215055,0.058726220016542596,0.07857733664185278,0.03225806451612903,0.04714640198511166,0.043837882547559964,0.01240694789081886,0.05459057071960298,0.05955334987593052,0.05955334987593052,0.09015715467328371,0.050454921422663356,0.065343258891646,0.021505376344086023,0.08767576509511993,0.06451612903225806,0.04962779156327544,0.062034739454094295,0.04797353184449959,0.0413564929693962,0.060380479735318446,0.05128205128205128,0.01488833746898263,0.11910669975186104,0.08023159636062861,0.01902398676592225,0.05624483043837883,0.04466501240694789,0.08354011579818031,0.0413564929693962,0.058726220016542596,0.07361455748552523,0.04631927212572374,0.043010752688172046,0.045492142266335814,0.04466501240694789,0.06120760959470637,0.0827129859387924,0.04631927212572374,0.03391232423490488,0.04714640198511166,0.065343258891646,0.0380479735318445,0.0380479735318445,0.030603804797353185,0.04218362282878412,0.045492142266335814,0.06865177832919768,0.0380479735318445,0.04880066170388751,0.03556658395368073,0.05955334987593052,0.03391232423490488,0.07692307692307693,0.062034739454094295,0.05624483043837883,0.02977667493796526,0.053763440860215055,0.06286186931348221,0.03887510339123242,0.06451612903225806,0.06451612903225806,0.033085194375516956,0.05293631100082713,0.0413564929693962,0.03887510339123242,0.03225806451612903,0.034739454094292806,0.05624483043837883,0.04218362282878412,0.043010752688172046,0.053763440860215055,0.02481389578163772,0.03391232423490488,0.03391232423490488,0.036393713813068655,0.03556658395368073,0.03887510339123242,0.034739454094292806,0.03556658395368073,0.050454921422663356,0.0380479735318445,0.03225806451612903,0.033085194375516956,0.03143093465674111,0.0016542597187758478,0.03556658395368073,0.004962779156327543,0.05707196029776675,0.045492142266335814,0.05955334987593052,0.050454921422663356,0.023986765922249794,0.03722084367245657,0.05293631100082713,0.02564102564102564,0.036393713813068655,0.02977667493796526,0.0413564929693962,0.04052936311000827,0.02564102564102564,0.04052936311000827,0.04880066170388751,0.05707196029776675,0.03556658395368073,0.04797353184449959,0.026468155500413565,0.033085194375516956,0.043837882547559964,0.033085194375516956,0.02729528535980149,0.058726220016542596,0.05789909015715467,0.02315963606286187,0.055417700578990904,0.026468155500413565,0.058726220016542596,0.028949545078577336,0.04631927212572374,0.03556658395368073,0.030603804797353185,0.03225806451612903,0.028949545078577336,0.045492142266335814,0.03225806451612903,0.033085194375516956,0.05624483043837883,0.03887510339123242,0.03225806451612903,0.02977667493796526,0.03391232423490488,0.0380479735318445,0.03225806451612903,0.028949545078577336,0.03556658395368073,0.03722084367245657,0.021505376344086023
nh0215,1.0,0.46543169037380083,0.40191862388355937,0.29374793251736686,0.5560701290109163,0.2940787297386702,0.25471386040357263,0.24975190208402248,0.22461131326496858,0.30334105193516375,0.2874627853126034,0.2636453853787628,0.18557724115117433,0.2722461131326497,0.18557724115117433,0.21898776050281177,0.20972543830631823,0.29043996030433344,0.2418127687727423,0.2312272576910354,0.2543830631822693,0.1660602050942772,0.14455838570956003,0.21931855772411513,0.15679788289778365,0.14654316903738007,0.15018193847171685,0.16374462454515382,0.20277869665894807,0.14852795236520014,0.17598412173337744,0.11776381078398941,0.15977505788951374,0.17532252729077075,0.12735693020178632,0.15117433013562687,0.14058881905391996,0.14786635792259345,0.11875620244789943,0.10221634138273239,0.13992722461131327,0.17532252729077075,0.1257029440952696,0.12471055243135958,0.10188554416142905,0.11677141912007939,0.08501488587495865,0.11776381078398941,0.21865696328150844,0.12239497188223619,0.10585511081706914,0.21700297717499173,0.09163083030102546,0.12437975521005623,0.13827323850479656,0.10221634138273239,0.0701290109163083,0.11809460800529276,0.16738339397949056,0.09692358584187893,0.1885544161429044,0.19748594111809462,0.13033410519351638,0.1918623883559378,0.08832285808799206,0.11644062189877605,0.08369169698974528,0.10353953026794575,0.1184254052265961,0.0886536553092954,0.07376778035064506,0.10353953026794575,0.09163083030102546,0.0886536553092954,0.09890836916969897,0.1346344690704598,0.09626199139927225,0.08766126364538537,0.057227919285478004,0.1627522328812438,0.12140258021832617,0.14158121071782998,0.11313264968574265,0.06086668871981475,0.08567648031756533,0.08534568309626199,0.09659278862057559,0.09229242474363215,0.09725438306318226,0.10817069136619252,0.08336089976844195,0.1620906384386371,0.08832285808799206,0.07277538868673503,0.0903076414158121,0.06715183592457824,0.06020509427720807,0.10320873304664241,0.0757525636784651,0.08931524975190208,0.0942772080714522,0.06946741647370162,0.12272576910353954,0.10420112471055243,0.12107178299702283,0.05855110817069137,0.09063843863711545,0.08600727753886868,0.062189877605028115,0.08369169698974528,0.08799206086668872,0.06649024148197155,0.10254713860403572,0.06516705259675819,0.07839894144889183,0.057227919285478004,0.04730400264637777,0.04664240820377109,0.052596758187231224,0.07939133311280185,0.07707575256367846,0.07112140258021833,0.06979821369500497,0.08170691366192524,0.09526959973536223,0.13430367184915648,0.06549784981806153,0.07376778035064506,0.06086668871981475,0.04068805822031095,0.08402249421104863,0.09890836916969897,0.09130003307972213,0.04862719153159113,0.08336089976844195,0.09659278862057559,0.058220310949388024,0.058881905391994706,0.05094277208071452,0.08170691366192524,0.08005292755540853,0.08005292755540853,0.05061197485941118,0.05094277208071452,0.05755871650678134,0.09659278862057559,0.07773734700628515,0.053919947072444595,0.07079060535891499,0.053258352629837906,0.057227919285478004,0.033079722130334104,0.07409857757194839,0.05425074429374793,0.08567648031756533,0.07542176645716175,0.04730400264637777,0.10783989414488919,0.071782997022825,0.07376778035064506,0.06979821369500497,0.0724445914654317,0.09063843863711545,0.08600727753886868,0.05028117763810784,0.04068805822031095,0.07872973867019517,0.04333443599073768,0.04333443599073768,0.03341051935163745,0.08468408865365532,0.06814422758848826,0.06715183592457824,0.05193516374462454,0.071782997022825,0.05028117763810784,0.06748263314588157,0.05524313595765796,0.05954349983460139,0.06020509427720807,0.037049288785974195,0.04531921931855772,0.09196162752232881,0.05590473040026464,0.05193516374462454,0.025802183261660602,0.058220310949388024,0.04068805822031095,0.049950380416804496,0.03738008600727754,0.04961958319550116,0.04366523321204102,0.05921270261329805,0.04565001653986107,0.06020509427720807,0.04465762487595104,0.05755871650678134,0.07707575256367846,0.04730400264637777,0.03671849156467086,0.049288785974197814,0.05921270261329805,0.05094277208071452,0.06880582203109493,0.030433344359907376,0.03804168044988422,0.0387032748924909,0.055573933178961296,0.07476017201455508,0.029440952695997353,0.020509427720807147,0.04201124710552431,0.03241812768772742,0.04201124710552431,0.057889513728084686,0.07112140258021833,0.06483625537545484,0.060535891498511414,0.04730400264637777,0.05689712206417466,0.032087330466424084,0.04465762487595104,0.05458154151505128,0.035395302679457494,0.03440291101554747,0.04895798875289448,0.033741316572940785,0.06185908038372478,0.04763479986768111,0.05755871650678134,0.04234204432682766,0.04565001653986107,0.05921270261329805,0.03671849156467086,0.057889513728084686,0.05954349983460139,0.05656632484287132,0.058881905391994706,0.057889513728084686,0.05590473040026464,0.049950380416804496,0.0684750248097916,0.04565001653986107,0.06417466093284817,0.041680449884220976,0.033741316572940785,0.04531921931855772,0.0314257360238174,0.016539861065167052,0.03671849156467086,0.017201455507773734,0.05127356930201786,0.054912338736354614,0.05921270261329805,0.04961958319550116,0.06649024148197155,0.05127356930201786,0.049950380416804496,0.08567648031756533,0.029110155474694012,0.048296394310287795,0.04895798875289448,0.03837247767118756,0.06549784981806153,0.13761164406218987,0.04796559708898445,0.04002646377770427,0.05292755540853457,0.042672841548130995,0.03341051935163745,0.05028117763810784,0.03440291101554747,0.04862719153159113,0.04068805822031095,0.035395302679457494,0.05590473040026464,0.06748263314588157,0.052265960965927886,0.044988422097254385,0.041680449884220976,0.08733046642408204,0.04399603043334436,0.04035726099900761,0.04664240820377109,0.05061197485941118,0.04035726099900761,0.03638769434336751,0.030102547138604035,0.03506450545815415,0.033079722130334104,0.032748924909030766,0.058881905391994706,0.05193516374462454,0.04465762487595104,0.052265960965927886,0.035395302679457494,0.027456169368177307,0.026463777704267284,0.02480979159775058,0.1161098246774727
nh0216,1.0,0.5608337372758119,0.5058167716917111,0.28041686863790594,0.1851672321861367,0.28550654386815316,0.3477944740668929,0.29205041202132814,0.19219583131362095,0.2052835676199709,0.1577799321376636,0.22903538536112458,0.24454677653902085,0.22200678623364034,0.2101308773630635,0.21376635967038293,0.17959282598158022,0.1718371303926321,0.18783325254483763,0.2535142995637421,0.1635967038293747,0.2069801260300533,0.1776539020843432,0.1662627241880756,0.14978187106156082,0.1587493940862821,0.1662627241880756,0.19461948618516722,0.09815802229762483,0.13475521085797382,0.16093068347067377,0.25933107125545324,0.16553562772661173,0.09428017450315075,0.19049927290353855,0.12554532234609792,0.1262724188075618,0.11972855065438681,0.13523994183228308,0.12094037809015996,0.10155113911778962,0.1303926320891905,0.08725157537566651,0.15971885603490063,0.14008725157537566,0.11439650993698497,0.08458555501696559,0.12094037809015996,0.057925351429956376,0.1328162869607368,0.1146388754241396,0.07658749394086282,0.09597673291323315,0.0896752302472128,0.0756180319922443,0.10445952496364518,0.19461948618516722,0.12554532234609792,0.06858943286476006,0.11706253029568589,0.04992729035385361,0.1047018904507998,0.09428017450315075,0.05913717886572952,0.11900145419292293,0.07416383906931653,0.12796897721764422,0.07876878332525449,0.09185651963160446,0.10033931168201649,0.09621909840038778,0.05865244789142026,0.0664081434803684,0.11657779932137663,0.08240426563257393,0.08725157537566651,0.06034900630150267,0.09524963645176927,0.10615608337372757,0.047988366456616575,0.06422685409597673,0.057682985942801746,0.04992729035385361,0.13475521085797382,0.12166747455162386,0.11827435773145904,0.07658749394086282,0.09015996122152206,0.06834706737760543,0.04992729035385361,0.0739214735821619,0.04944255937954435,0.10227823557925352,0.11536597188560349,0.059864275327193406,0.045807077072224915,0.08240426563257393,0.04192922927775085,0.05937954435288415,0.06495395055744062,0.06616577799321377,0.06786233640329617,0.058167716917111006,0.09015996122152206,0.046049442559379546,0.09331071255453223,0.0489578284052351,0.09040232670867668,0.0489578284052351,0.08022297624818225,0.06786233640329617,0.09331071255453223,0.0780416868637906,0.06834706737760543,0.05356277266117305,0.08919049927290354,0.06374212312166748,0.028356761997091615,0.11027629665535628,0.08700920988851188,0.08943286476005817,0.0821619001454193,0.05210857973824527,0.057682985942801746,0.04507998061076103,0.06689287445467765,0.06955889481337857,0.06519631604459525,0.08749394086282114,0.08119243819680078,0.047988366456616575,0.06616577799321377,0.10179350460494425,0.06689287445467765,0.048473097430925836,0.060106640814348036,0.06034900630150267,0.045807077072224915,0.057925351429956376,0.0681047018904508,0.055016965584100824,0.04750363548230732,0.08894813378574891,0.0605913717886573,0.043625787687833255,0.06665050896752303,0.04871546291808047,0.0681047018904508,0.08822103732428502,0.08725157537566651,0.05574406204556471,0.05307804168686379,0.07149781871061561,0.05113911778962676,0.07513330101793504,0.03732428502181289,0.09331071255453223,0.05138148327678139,0.06349975763451285,0.05671352399418323,0.05307804168686379,0.05162384876393602,0.045322346097915654,0.04920019389238972,0.07174018419777024,0.06883179835191469,0.03708191953465827,0.04386815317498788,0.07343674260785264,0.07586039747939893,0.057682985942801746,0.022782355792535142,0.0390208434318953,0.06083373727581193,0.04289869122636936,0.05889481337857489,0.03974793989335919,0.08749394086282114,0.046049442559379546,0.06616577799321377,0.05598642753271934,0.07998061076102762,0.0232670867668444,0.05307804168686379,0.05453223460979156,0.07028599127484246,0.033688802714493454,0.05356277266117305,0.05138148327678139,0.04289869122636936,0.055501696558410085,0.055501696558410085,0.055016965584100824,0.05865244789142026,0.05162384876393602,0.07052835676199709,0.03732428502181289,0.04144449830344159,0.07489093553078041,0.056955889481337854,0.05113911778962676,0.052593310712554533,0.04192922927775085,0.03853611245758604,0.0605913717886573,0.04265632573921473,0.059621909840038775,0.05016965584100824,0.031022782355792537,0.05356277266117305,0.04168686379059622,0.043625787687833255,0.0664081434803684,0.06519631604459525,0.04677653902084343,0.029083858458555503,0.07998061076102762,0.048230731943771206,0.06374212312166748,0.05089675230247213,0.04677653902084343,0.045564711585070285,0.04192922927775085,0.05937954435288415,0.06180319922443044,0.05356277266117305,0.030538051381483276,0.022297624818225885,0.03296170625302957,0.07755695588948133,0.043141056713523994,0.04192922927775085,0.05016965584100824,0.060106640814348036,0.04435288414929714,0.052835676199709164,0.028114396509936985,0.04241396025206011,0.018904507998061076,0.03780901599612215,0.03223460979156568,0.045564711585070285,0.03514299563742123,0.03271934076587494,0.05404750363548231,0.06204556471158507,0.04459524963645177,0.03974793989335919,0.06034900630150267,0.06156083373727581,0.011391177896267571,0.043141056713523994,0.033931168201648085,0.023024721279689773,0.045564711585070285,0.013330101793504604,0.05841008240426563,0.036354823073194376,0.030780416868637906,0.04265632573921473,0.04968492486669898,0.034658264663111976,0.05210857973824527,0.04047503635482307,0.03538536112457586,0.03780901599612215,0.04701890450799806,0.05841008240426563,0.036597188560349006,0.029810954920019388,0.04023267086766844,0.04168686379059622,0.059621909840038775,0.05574406204556471,0.03708191953465827,0.03587009209888512,0.06446921958313136,0.06592341250605914,0.034658264663111976,0.01793504604944256,0.036839554047503636,0.034658264663111976,0.047988366456616575,0.04386815317498788,0.03829374697043141,0.050412021328162866,0.0332040717401842,0.0523509452253999,0.019631604459524964,0.03974793989335919,0.041202132816286964,0.05404750363548231,0.04459524963645177,0.03029568589432865,0.030053320407174018,0.03029568589432865,0.04144449830344159,0.05332040717401842,0.06349975763451285,0.02447891420261755
nh0217,1.0,0.576582529403991,0.5086560063433329,0.3458437954275142,0.4349147614642527,0.3930223338178935,0.3932866393550945,0.3720100436104136,0.3287960882780494,0.36196643319677546,0.31875247786441124,0.2857142857142857,0.27540636976344657,0.2706488700938285,0.2804281749702656,0.2302101229020748,0.23483546980309236,0.22981366459627328,0.22465970662085372,0.23298533104268535,0.24065019162151446,0.20959429100039645,0.1584511695520021,0.26853442579622044,0.2251883176952557,0.21646623496762257,0.17893484868507994,0.15316505880798204,0.1995506805867583,0.18289943174309503,0.1760274877758689,0.1634729747588212,0.18527818157790404,0.17946345975948197,0.17695255715607242,0.17933130699088146,0.17840623761067795,0.15580811417999207,0.1568653363287961,0.1587154750892031,0.1571296418659971,0.12422360248447205,0.14682172591515794,0.13519228227831373,0.1283203383110876,0.10691158979780627,0.12898110215409012,0.1702127659574468,0.1519756838905775,0.10532575657460023,0.10373992335139422,0.10770450640940928,0.09514999339236158,0.12210915818686402,0.12039117219505749,0.09448922954935905,0.1211840888066605,0.14431082331174838,0.11417999207083389,0.13175631029470067,0.13453151843531122,0.13188846306330118,0.14721818422095942,0.12065547773225849,0.14457512884894938,0.11920179727765297,0.11325492269063037,0.10083256244218317,0.13162415752610018,0.0967358266155676,0.10149332628518568,0.10413638165719571,0.1034756178141932,0.10757235364080878,0.10651513149200476,0.1328135324435047,0.10149332628518568,0.0667371481432536,0.09263909078895202,0.10995110347561782,0.12290207479846703,0.1151050614510374,0.12224131095546452,0.08748513281353244,0.10717589533500727,0.13426721289811022,0.13426721289811022,0.10836527025241179,0.11748381128584644,0.10479714550019822,0.12382714417867054,0.10241839566538918,0.10677943702920577,0.0971322849213691,0.08748513281353244,0.10070040967358267,0.10598652041760274,0.1086295757896128,0.12818818554248712,0.11378353376503238,0.07717721686269327,0.11074402008722083,0.11391568653363288,0.10704374256640677,0.12898110215409012,0.07585568917668825,0.08589929959032641,0.08722082727633144,0.11180124223602485,0.08669221620192943,0.07426985595348222,0.09435707678075855,0.07202325888727369,0.09211047971455003,0.10307915950839171,0.09541429892956257,0.07162680058147218,0.09343200740055504,0.09316770186335403,0.07070173120126867,0.08048103607770583,0.11788026959164795,0.07783798070569578,0.07995242500330382,0.10162547905378617,0.060129509713228495,0.06462270384564557,0.08140610545790934,0.08246332760671336,0.1033434650455927,0.08153825822650984,0.08061318884630633,0.06475485661424607,0.08180256376371085,0.07995242500330382,0.07096603673846967,0.07017312012686666,0.06964450905246465,0.07611999471388925,0.08457777190432139,0.06316902339104004,0.0849742302101229,0.0849742302101229,0.08867450773093696,0.09448922954935905,0.08021673054050482,0.08656006343332893,0.09329985463195455,0.09581075723536409,0.061979648473635525,0.060129509713228495,0.07638430025109026,0.08880666049953746,0.08114179992070834,0.0791595083917008,0.07929166116030131,0.0726840227302762,0.09607506277256508,0.06581207876305009,0.08999603541694198,0.07109818950707017,0.07493061979648474,0.08325624421831637,0.07426985595348222,0.08180256376371085,0.04770714946478129,0.0667371481432536,0.06805867582925862,0.07519492533368574,0.06832298136645963,0.057750759878419454,0.08034888330910532,0.08748513281353244,0.06396194000264306,0.0548433989692084,0.08404916082991938,0.06792652306065812,0.04004228888595216,0.0791595083917008,0.07519492533368574,0.0606581207876305,0.07717721686269327,0.07611999471388925,0.07625214748248976,0.05973305140742698,0.05735430157261795,0.06171534293643452,0.055900621118012424,0.05576846834941192,0.05920444033302498,0.05299326020880137,0.05616492665521343,0.07717721686269327,0.05735430157261795,0.04664992731597727,0.05233249636579886,0.07004096735826616,0.07030527289546716,0.059600898638826484,0.08114179992070834,0.06184749570503502,0.07374124487908022,0.06766221752345712,0.058411523721421964,0.060922426324831504,0.0664728426060526,0.04400687194396723,0.08933527157393947,0.08907096603673847,0.05510770450640941,0.02193735958768336,0.05695784326681644,0.06382978723404255,0.04361041363816572,0.04889652438218581,0.0730804810360777,0.0485000660763843,0.056429232192414434,0.05127527421699485,0.06303687062243954,0.04559270516717325,0.05946874587022598,0.08352054975551738,0.06924805074666314,0.061979648473635525,0.0666049953746531,0.05074666314259284,0.06277256508523854,0.0791595083917008,0.04797145500198229,0.05603277388661292,0.05391832958900489,0.04810360777058279,0.05391832958900489,0.04427117748116823,0.05497555173780891,0.0606581207876305,0.05814721818422096,0.06779437029205762,0.04453548301836924,0.05206819082859786,0.04176027487775869,0.03964583058015066,0.058940134795823974,0.037795691819743626,0.0544469406634069,0.05946874587022598,0.04070305272895467,0.04612131624157526,0.0425531914893617,0.04546055239857275,0.05418263512620589,0.06039381525042949,0.04559270516717325,0.0482357605391833,0.0425531914893617,0.05193603805999736,0.05140742698559535,0.08233117483811286,0.0425531914893617,0.035945553059336596,0.05735430157261795,0.04916082991938681,0.056561384961014934,0.03568124752213559,0.05259680190299987,0.0544469406634069,0.04625346901017576,0.032906039381525046,0.061318884630633015,0.060129509713228495,0.05167173252279635,0.04810360777058279,0.05735430157261795,0.05497555173780891,0.04466763578696974,0.03951367781155015,0.03198097000132153,0.05312541297740188,0.05735430157261795,0.05669353772961543,0.04731069115897978,0.053389718514602884,0.04704638562177878,0.05167173252279635,0.04691423285317827,0.0664728426060526,0.039117219505748646,0.05761860710981895,0.04493194132417074,0.04017444165455266,0.038059997356944625,0.04744284392758028,0.05788291264701995,0.03581340029073609,0.04902867715078631,0.04731069115897978,0.03700277520814061,0.04955728822518832,0.02656270648870094
nh0218,1.0,0.7108325872873769,0.5613249776186213,0.37600716204118173,0.3222918531781558,0.39122649955237243,0.37332139659803043,0.35452103849597133,0.35094001790510293,0.24709042076991944,0.20680393912264997,0.3231871083258729,0.2918531781557744,0.3052820053715309,0.2775290957923008,0.34735899731423453,0.21575649059982094,0.21754700089525514,0.26768128916741274,0.2757385854968666,0.22918531781557744,0.3205013428827216,0.22291853178155774,0.2694717994628469,0.21486123545210384,0.1727842435094002,0.23724261414503134,0.23097582811101164,0.1656222023276634,0.18889883616830797,0.18800358102059087,0.20501342882721577,0.22560429722470904,0.20859444941808417,0.23187108325872874,0.26499552372426144,0.20501342882721577,0.1593554162936437,0.19785138764547897,0.1557743957027753,0.24529991047448524,0.12175470008952552,0.1647269471799463,0.19874664279319607,0.1548791405550582,0.1665174574753805,0.1629364368845121,0.1521933751119069,0.1450313339301701,0.21128021486123547,0.08594449418084155,0.11548791405550582,0.10384959713518353,0.1700984780662489,0.17994628469113697,0.12891674127126232,0.13160250671441362,0.1629364368845121,0.10564010743061773,0.1692032229185318,0.11548791405550582,0.10743061772605192,0.12175470008952552,0.12444046553267682,0.17994628469113697,0.153088630259624,0.1557743957027753,0.1521933751119069,0.10384959713518353,0.1396598030438675,0.12623097582811102,0.12533572068039392,0.1638316920322292,0.1378692927484333,0.12623097582811102,0.12802148612354522,0.1539838854073411,0.05819158460161146,0.10832587287376902,0.10205908683974933,0.07878245299910475,0.10564010743061773,0.19874664279319607,0.25514771709937334,0.11011638316920322,0.11101163831692032,0.12623097582811102,0.10922112802148612,0.10564010743061773,0.1369740376007162,0.11548791405550582,0.10026857654431513,0.1387645478961504,0.11906893464637422,0.07878245299910475,0.10026857654431513,0.10474485228290063,0.1477170993733214,0.10295434198746643,0.05908683974932856,0.09131602506714413,0.11638316920322292,0.07967770814682185,0.07699194270367055,0.07878245299910475,0.144136078782453,0.08594449418084155,0.13070725156669652,0.10564010743061773,0.11727842435094002,0.17457475380483437,0.11727842435094002,0.07251566696508505,0.10564010743061773,0.06624888093106536,0.10116383169203223,0.12175470008952552,0.11638316920322292,0.10564010743061773,0.10474485228290063,0.1360787824529991,0.09758281110116383,0.09579230080572963,0.07699194270367055,0.09400179051029543,0.06803939122649955,0.06893464637421665,0.11548791405550582,0.10743061772605192,0.08057296329453895,0.12802148612354522,0.09668755595344673,0.08594449418084155,0.06356311548791406,0.08952551477170993,0.09221128021486123,0.06624888093106536,0.05819158460161146,0.07520143240823635,0.08057296329453895,0.09221128021486123,0.05640107430617726,0.06982990152193375,0.12533572068039392,0.09579230080572963,0.12085944494180842,0.07251566696508505,0.08594449418084155,0.10384959713518353,0.07609668755595345,0.11906893464637422,0.13249776186213072,0.07788719785138765,0.08415398388540735,0.09042076991942703,0.06982990152193375,0.07609668755595345,0.09758281110116383,0.12712623097582812,0.043867502238137866,0.06356311548791406,0.06266786034019696,0.06177260519247986,0.08504923903312445,0.09758281110116383,0.07430617726051925,0.10116383169203223,0.048343777976723366,0.09131602506714413,0.08863025962399283,0.06982990152193375,0.043867502238137866,0.03401969561324977,0.06087735004476276,0.09758281110116383,0.06087735004476276,0.050134288272157566,0.06177260519247986,0.06982990152193375,0.06087735004476276,0.08415398388540735,0.05729632945389436,0.03939122649955237,0.06982990152193375,0.06177260519247986,0.08863025962399283,0.11011638316920322,0.08952551477170993,0.12623097582811102,0.09042076991942703,0.07520143240823635,0.07162041181736795,0.07251566696508505,0.07341092211280215,0.07072515666965085,0.10205908683974933,0.06445837063563116,0.03760071620411817,0.09579230080572963,0.07609668755595345,0.07162041181736795,0.044762757385854966,0.07341092211280215,0.05908683974932856,0.06624888093106536,0.07430617726051925,0.09131602506714413,0.051029543419874666,0.03760071620411817,0.05908683974932856,0.06535362578334826,0.05461056401074306,0.11638316920322292,0.050134288272157566,0.044762757385854966,0.04118173679498657,0.06177260519247986,0.06982990152193375,0.06266786034019696,0.06445837063563116,0.05908683974932856,0.05819158460161146,0.04028648164726947,0.05371530886302596,0.05461056401074306,0.06982990152193375,0.047448522829006266,0.05908683974932856,0.06714413607878246,0.05908683974932856,0.05461056401074306,0.08952551477170993,0.08236347358997315,0.08594449418084155,0.06624888093106536,0.048343777976723366,0.07251566696508505,0.049239033124440466,0.05819158460161146,0.10205908683974933,0.09042076991942703,0.07520143240823635,0.06982990152193375,0.04207699194270367,0.047448522829006266,0.052820053715308866,0.08952551477170993,0.047448522829006266,0.06982990152193375,0.021486123545210387,0.06893464637421665,0.043867502238137866,0.05908683974932856,0.051924798567591766,0.06803939122649955,0.025962399283795883,0.07520143240823635,0.07609668755595345,0.043867502238137866,0.02954341987466428,0.05819158460161146,0.05461056401074306,0.03939122649955237,0.03670546105640107,0.05908683974932856,0.047448522829006266,0.05461056401074306,0.08683974932855863,0.050134288272157566,0.06087735004476276,0.049239033124440466,0.05819158460161146,0.08683974932855863,0.07609668755595345,0.05461056401074306,0.05550581915846016,0.08325872873769025,0.07430617726051925,0.05819158460161146,0.05550581915846016,0.03312444046553268,0.049239033124440466,0.06803939122649955,0.10384959713518353,0.051924798567591766,0.021486123545210387,0.04297224709042077,0.05998209489704566,0.04297224709042077,0.03760071620411817,0.08504923903312445,0.022381378692927483,0.07162041181736795,0.05371530886302596,0.11638316920322292,0.03939122649955237,0.03760071620411817,0.048343777976723366,0.052820053715308866,0.024171888988361683
nh0219,1.0,0.6163655685441021,0.4973432518597237,0.5207226354941552,0.3390010626992561,0.43783209351753455,0.2720510095642933,0.2858660998937301,0.2199787460148778,0.2773645058448459,0.2412327311370882,0.2252922422954304,0.2869287991498406,0.28374070138150903,0.2635494155154091,0.3145589798087141,0.20297555791710944,0.2561105207226355,0.17321997874601489,0.17109458023379384,0.19128586609989373,0.19128586609989373,0.29011689691817216,0.16259298618490967,0.21679064824654623,0.15090329436769395,0.24867162592986186,0.19766206163655686,0.153028692879915,0.206163655685441,0.1849096705632306,0.16153028692879914,0.20085015940488843,0.13496280552603612,0.17321997874601489,0.17321997874601489,0.16790648246546228,0.20722635494155153,0.15090329436769395,0.17640807651434645,0.14027630180658873,0.17747077577045697,0.09032943676939426,0.09139213602550478,0.19341126461211477,0.11158342189160468,0.2263549415515409,0.12539851222104145,0.08501594048884166,0.15196599362380447,0.07120085015940489,0.12964930924548354,0.0563230605738576,0.1392136025504782,0.12858660998937302,0.11689691817215728,0.10201912858660998,0.1997874601487779,0.1126461211477152,0.1392136025504782,0.11902231668437832,0.10201912858660998,0.09139213602550478,0.15196599362380447,0.1179596174282678,0.09883103081827843,0.1392136025504782,0.12327311370882041,0.1073326248671626,0.11689691817215728,0.11689691817215728,0.1179596174282678,0.0871413390010627,0.12114771519659936,0.07970244420828905,0.06057385759829968,0.12539851222104145,0.04357066950053135,0.11902231668437832,0.07226354941551541,0.09458023379383634,0.09351753453772582,0.09564293304994687,0.14133900106269925,0.08501594048884166,0.12008501594048884,0.11158342189160468,0.1392136025504782,0.08289054197662062,0.07013815090329437,0.12221041445270989,0.05844845908607864,0.05419766206163656,0.08607863974495218,0.0871413390010627,0.10626992561105207,0.10520722635494155,0.10945802337938364,0.061636556854410204,0.08395324123273114,0.052072263549415514,0.07438894792773645,0.04782146652497343,0.09351753453772582,0.053134962805526036,0.09670563230605739,0.08076514346439957,0.06482465462274177,0.09032943676939426,0.08076514346439957,0.07332624867162593,0.06376195536663125,0.06482465462274177,0.10414452709883103,0.08076514346439957,0.12539851222104145,0.09351753453772582,0.08820403825717323,0.09458023379383634,0.08820403825717323,0.1126461211477152,0.07013815090329437,0.11477151965993623,0.0871413390010627,0.044633368756641874,0.06801275239107332,0.0871413390010627,0.06588735387885228,0.06801275239107332,0.11052072263549416,0.07438894792773645,0.05100956429330499,0.10414452709883103,0.07332624867162593,0.0765143464399575,0.12327311370882041,0.07332624867162593,0.057385759829968117,0.044633368756641874,0.05100956429330499,0.09139213602550478,0.06482465462274177,0.07545164718384698,0.08076514346439957,0.03719447396386823,0.07863974495217853,0.07120085015940489,0.06907545164718384,0.08607863974495218,0.10414452709883103,0.10201912858660998,0.12646121147715197,0.039319872476089264,0.0563230605738576,0.05844845908607864,0.061636556854410204,0.05844845908607864,0.053134962805526036,0.06269925611052073,0.06482465462274177,0.12433581296493093,0.08395324123273114,0.044633368756641874,0.06801275239107332,0.04994686503719448,0.08501594048884166,0.044633368756641874,0.05844845908607864,0.044633368756641874,0.1275239107332625,0.05844845908607864,0.12327311370882041,0.10201912858660998,0.0563230605738576,0.07226354941551541,0.05844845908607864,0.07970244420828905,0.0765143464399575,0.036131774707757705,0.07970244420828905,0.04569606801275239,0.07863974495217853,0.07332624867162593,0.061636556854410204,0.09564293304994687,0.13071200850159406,0.053134962805526036,0.03719447396386823,0.0669500531349628,0.048884165781083955,0.0765143464399575,0.030818278427205102,0.06376195536663125,0.05844845908607864,0.06907545164718384,0.07226354941551541,0.08289054197662062,0.07863974495217853,0.0669500531349628,0.03506907545164718,0.03825717321997875,0.03400637619553666,0.052072263549415514,0.06269925611052073,0.03400637619553666,0.039319872476089264,0.0669500531349628,0.052072263549415514,0.04250797024442083,0.05419766206163656,0.10095642933049948,0.044633368756641874,0.06269925611052073,0.06588735387885228,0.04144527098831031,0.04357066950053135,0.06269925611052073,0.057385759829968117,0.057385759829968117,0.05526036131774708,0.07438894792773645,0.05100956429330499,0.052072263549415514,0.0669500531349628,0.03825717321997875,0.057385759829968117,0.05951115834218916,0.040382571732199786,0.04782146652497343,0.09458023379383634,0.03294367693942614,0.05844845908607864,0.052072263549415514,0.021253985122210415,0.04569606801275239,0.048884165781083955,0.03719447396386823,0.07438894792773645,0.03719447396386823,0.026567481402763018,0.06801275239107332,0.044633368756641874,0.07438894792773645,0.08076514346439957,0.08501594048884166,0.04994686503719448,0.06376195536663125,0.04782146652497343,0.11902231668437832,0.05951115834218916,0.04782146652497343,0.05526036131774708,0.02763018065887354,0.05526036131774708,0.03506907545164718,0.04250797024442083,0.03400637619553666,0.052072263549415514,0.05419766206163656,0.026567481402763018,0.057385759829968117,0.05844845908607864,0.039319872476089264,0.05526036131774708,0.048884165781083955,0.04675876726886291,0.05419766206163656,0.03506907545164718,0.04994686503719448,0.036131774707757705,0.04357066950053135,0.04675876726886291,0.09458023379383634,0.039319872476089264,0.04675876726886291,0.05419766206163656,0.052072263549415514,0.05100956429330499,0.057385759829968117,0.06588735387885228,0.04675876726886291,0.04994686503719448,0.07332624867162593,0.048884165781083955,0.05100956429330499,0.044633368756641874,0.026567481402763018,0.05844845908607864,0.03825717321997875,0.036131774707757705,0.0818278427205101,0.07332624867162593,0.077577045696068,0.08820403825717323,0.06269925611052073,0.0669500531349628,0.03825717321997875,0.0563230605738576,0.053134962805526036,0.02975557917109458
nh0220,1.0,0.6377277599142551,0.4587352625937835,0.2947481243301179,0.5594855305466238,0.4180064308681672,0.4737406216505895,0.3461950696677385,0.21757770632368703,0.32636655948553056,0.4903536977491961,0.2615219721329046,0.22722400857449088,0.33065380493033225,0.25616291532690244,0.24437299035369775,0.18435155412647375,0.21114683815648447,0.19292604501607716,0.30010718113612006,0.22615219721329047,0.22990353697749197,0.21543408360128619,0.2057877813504823,0.2647374062165059,0.18435155412647375,0.20310825294748125,0.1570203644158628,0.21972132904608788,0.21864951768488747,0.2545551982851018,0.13719185423365488,0.1452304394426581,0.1420150053590568,0.14790996784565916,0.1832797427652733,0.1639871382636656,0.15969989281886388,0.14790996784565916,0.08467309753483387,0.1195069667738478,0.20632368703108253,0.16291532690246516,0.18863879957127547,0.14415862808145766,0.15594855305466238,0.11468381564844587,0.1232583065380493,0.16720257234726688,0.18917470525187566,0.2202572347266881,0.11414790996784566,0.07395498392282958,0.15112540192926044,0.12111468381564845,0.10128617363344052,0.0932475884244373,0.2658092175777063,0.09860664523043944,0.11093247588424437,0.18863879957127547,0.14040728831725616,0.15755627009646303,0.0819935691318328,0.12379421221864952,0.11629153269024652,0.08896034297963558,0.09003215434083602,0.07770632368703108,0.09539121114683816,0.07931404072883172,0.1007502679528403,0.14308681672025725,0.10128617363344052,0.14362272240085744,0.10610932475884244,0.0819935691318328,0.15809217577706325,0.1195069667738478,0.13183279742765272,0.12004287245444802,0.13183279742765272,0.11789924973204716,0.09967845659163987,0.1045016077170418,0.13612004287245444,0.11629153269024652,0.15380493033226153,0.1532690246516613,0.10021436227224008,0.1195069667738478,0.14630225080385853,0.09914255091103966,0.08681672025723473,0.06162915326902465,0.09271168274383708,0.0969989281886388,0.06002143622722401,0.06859592711682744,0.10878885316184352,0.04715969989281887,0.09539121114683816,0.0782422293676313,0.1152197213290461,0.17095391211146838,0.10664523043944266,0.17470525187566988,0.13933547695605572,0.16130760986066453,0.1195069667738478,0.07288317256162916,0.07717041800643087,0.1045016077170418,0.09003215434083602,0.15380493033226153,0.1789924973204716,0.08896034297963558,0.04072883172561629,0.0932475884244373,0.0932475884244373,0.08252947481243302,0.10557341907824223,0.11629153269024652,0.09860664523043944,0.10986066452304394,0.12165058949624866,0.04876741693461951,0.04340836012861737,0.0594855305466238,0.07341907824222937,0.07181136120042872,0.08467309753483387,0.14469453376205788,0.03912111468381565,0.05305466237942122,0.09914255091103966,0.06162915326902465,0.04823151125401929,0.06645230439442658,0.07717041800643087,0.1602357984994641,0.09003215434083602,0.05359056806002144,0.05734190782422294,0.07502679528403002,0.07502679528403002,0.06913183279742766,0.08360128617363344,0.1645230439442658,0.08735262593783494,0.1082529474812433,0.0594855305466238,0.07556270096463022,0.06966773847802786,0.0594855305466238,0.1082529474812433,0.09539121114683816,0.12218649517684887,0.055734190782422297,0.12593783494105038,0.0594855305466238,0.07181136120042872,0.05412647374062165,0.10557341907824223,0.07717041800643087,0.03536977491961415,0.03697749196141479,0.06377277599142551,0.06591639871382636,0.02465166130760986,0.09003215434083602,0.1195069667738478,0.13933547695605572,0.08842443729903537,0.06270096463022508,0.0894962486602358,0.1120042872454448,0.03429796355841372,0.10289389067524116,0.09914255091103966,0.1157556270096463,0.04608788853161844,0.05787781350482315,0.04340836012861737,0.07341907824222937,0.01607717041800643,0.07717041800643087,0.03751339764201501,0.051982851018220796,0.05359056806002144,0.07395498392282958,0.07556270096463022,0.05037513397642015,0.08628081457663452,0.03215434083601286,0.1414790996784566,0.04072883172561629,0.07717041800643087,0.06484458735262594,0.06966773847802786,0.051982851018220796,0.08360128617363344,0.06538049303322616,0.0707395498392283,0.04715969989281887,0.06484458735262594,0.04340836012861737,0.1232583065380493,0.060557341907824226,0.07181136120042872,0.024115755627009645,0.04930332261521972,0.06538049303322616,0.09431939978563773,0.05680600214362272,0.1007502679528403,0.11146838156484459,0.05841371918542337,0.1157556270096463,0.08252947481243302,0.04823151125401929,0.03858520900321544,0.06216505894962487,0.04233654876741694,0.04501607717041801,0.02947481243301179,0.07877813504823152,0.07984994640943194,0.03536977491961415,0.1307609860664523,0.05627009646302251,0.04876741693461951,0.12057877813504823,0.04769560557341908,0.04930332261521972,0.06591639871382636,0.03804930332261522,0.06645230439442658,0.06752411575562701,0.04662379421221865,0.07770632368703108,0.06752411575562701,0.06538049303322616,0.11361200428724544,0.05519828510182208,0.06216505894962487,0.06806002143622722,0.05037513397642015,0.008038585209003215,0.10664523043944266,0.0021436227224008574,0.03644158628081458,0.02947481243301179,0.03697749196141479,0.07717041800643087,0.05412647374062165,0.1120042872454448,0.06109324758842444,0.0857449088960343,0.03590568060021436,0.07020364415862808,0.03376205787781351,0.04823151125401929,0.06002143622722401,0.04501607717041801,0.05037513397642015,0.05734190782422294,0.06806002143622722,0.018756698821007504,0.03644158628081458,0.04715969989281887,0.1195069667738478,0.06162915326902465,0.01929260450160772,0.03536977491961415,0.02572347266881029,0.05734190782422294,0.08038585209003216,0.06109324758842444,0.05305466237942122,0.09431939978563773,0.05091103965702037,0.2057877813504823,0.06966773847802786,0.04394426580921758,0.05412647374062165,0.08092175777063237,0.03429796355841372,0.07341907824222937,0.10182207931404073,0.11307609860664523,0.0932475884244373,0.11468381564844587,0.031082529474812434,0.06216505894962487,0.05734190782422294,0.03644158628081458,0.03912111468381565,0.06270096463022508,0.04394426580921758
nh0221,1.0,0.603440260344026,0.4839609483960948,0.2859135285913529,0.32821943282194327,0.4202696420269642,0.4607159460715946,0.3695955369595537,0.33426313342631336,0.2789400278940028,0.29381682938168296,0.2812645281264528,0.2394235239423524,0.24267782426778242,0.26545792654579264,0.2501162250116225,0.21478382147838215,0.23756392375639238,0.2408182240818224,0.2598791259879126,0.2398884239888424,0.2110646211064621,0.22733612273361228,0.2412831241283124,0.20641562064156208,0.18781961878196188,0.18270571827057183,0.16225011622501162,0.17805671780567178,0.15760111576011157,0.2598791259879126,0.21431892143189216,0.1817759181775918,0.15202231520223153,0.16596931659693165,0.1589958158995816,0.1194793119479312,0.13110181311018132,0.12738261273826126,0.13342631334263133,0.11622501162250116,0.18735471873547188,0.13854021385402138,0.14737331473733148,0.14086471408647142,0.2301255230125523,0.12412831241283125,0.12645281264528127,0.09762900976290098,0.13342631334263133,0.2780102278010228,0.10227801022780102,0.1515574151557415,0.1194793119479312,0.06741050674105067,0.09530450953045096,0.16225011622501162,0.1278475127847513,0.1297071129707113,0.12877731287773128,0.10692701069270107,0.1696885169688517,0.12552301255230125,0.09112040911204092,0.12552301255230125,0.09390980939098094,0.07438400743840075,0.07112970711297072,0.12366341236634124,0.099953509995351,0.10181311018131102,0.07345420734542074,0.09205020920502092,0.10739191073919108,0.1199442119944212,0.1087866108786611,0.08228730822873083,0.2547652254765225,0.13249651324965134,0.08414690841469084,0.09298000929800093,0.12319851231985124,0.10413761041376104,0.10367271036727103,0.11668991166899116,0.12412831241283125,0.09669920966992096,0.12877731287773128,0.099953509995351,0.1204091120409112,0.14411901441190145,0.08786610878661087,0.09809390980939098,0.13435611343561135,0.09483960948396095,0.07391910739191074,0.12226871222687122,0.07345420734542074,0.12133891213389121,0.10506741050674105,0.10832171083217108,0.099953509995351,0.09390980939098094,0.10227801022780102,0.08693630869363086,0.10088331008833101,0.12645281264528127,0.09855880985588099,0.10692701069270107,0.09390980939098094,0.10320781032078104,0.09251510925151092,0.12691771269177127,0.08693630869363086,0.09112040911204092,0.12598791259879125,0.05904230590423059,0.07810320781032078,0.07159460715946071,0.08833100883310088,0.05904230590423059,0.08926080892608089,0.06834030683403068,0.07438400743840075,0.11064621106462111,0.07484890748489074,0.08507670850767085,0.07345420734542074,0.06508600650860065,0.09065550906555091,0.07670850767085077,0.07391910739191074,0.09251510925151092,0.07391910739191074,0.05485820548582055,0.08321710832171084,0.08089260808926081,0.07531380753138076,0.08368200836820083,0.055323105532310554,0.09344490934449093,0.07298930729893073,0.09716410971641097,0.05439330543933055,0.06741050674105067,0.07205950720595072,0.05764760576476058,0.09251510925151092,0.06555090655509066,0.1199442119944212,0.06090190609019061,0.06415620641562064,0.08879590887959089,0.08461180846118084,0.07205950720595072,0.14783821478382148,0.07670850767085077,0.08461180846118084,0.07345420734542074,0.08368200836820083,0.08135750813575081,0.05950720595072059,0.044630404463040445,0.0697350069735007,0.04741980474198047,0.04788470478847048,0.07903300790330078,0.05160390516039052,0.1306369130636913,0.11343561134356113,0.07252440725244072,0.07345420734542074,0.08879590887959089,0.08089260808926081,0.06648070664807067,0.07298930729893073,0.06787540678754068,0.05299860529986053,0.06694560669456066,0.10088331008833101,0.06555090655509066,0.07252440725244072,0.08182240818224082,0.06787540678754068,0.05625290562529056,0.10320781032078104,0.038586703858670385,0.06834030683403068,0.044630404463040445,0.04741980474198047,0.06787540678754068,0.07438400743840075,0.05904230590423059,0.06741050674105067,0.06601580660158066,0.07763830776383078,0.05206880520688052,0.07345420734542074,0.07345420734542074,0.06229660622966062,0.05578800557880056,0.05578800557880056,0.06880520688052069,0.05718270571827057,0.05718270571827057,0.06415620641562064,0.02882380288238029,0.07205950720595072,0.06601580660158066,0.05299860529986053,0.03486750348675035,0.055323105532310554,0.055323105532310554,0.04602510460251046,0.03672710367271037,0.05392840539284054,0.05904230590423059,0.04881450488145049,0.05485820548582055,0.08600650860065086,0.05299860529986053,0.05578800557880056,0.0502092050209205,0.04834960483496048,0.05485820548582055,0.0502092050209205,0.052533705253370526,0.06927010692701069,0.05299860529986053,0.06787540678754068,0.04416550441655044,0.05160390516039052,0.06229660622966062,0.04230590423059042,0.06415620641562064,0.03579730357973036,0.05764760576476058,0.04602510460251046,0.04741980474198047,0.03951650395165039,0.0502092050209205,0.04091120409112041,0.050674105067410505,0.05485820548582055,0.08647140864714087,0.04509530450953045,0.052533705253370526,0.04881450488145049,0.09065550906555091,0.04091120409112041,0.04788470478847048,0.037192003719200374,0.03765690376569038,0.03533240353324035,0.04137610413761041,0.02882380288238029,0.05578800557880056,0.04834960483496048,0.05811250581125058,0.06229660622966062,0.044630404463040445,0.04881450488145049,0.03161320316132032,0.05625290562529056,0.040446304044630406,0.04184100418410042,0.043235704323570434,0.04277080427708043,0.026499302649930265,0.03905160390516039,0.04416550441655044,0.05485820548582055,0.0697350069735007,0.04230590423059042,0.05950720595072059,0.03300790330079033,0.05206880520688052,0.06927010692701069,0.06276150627615062,0.05811250581125058,0.06834030683403068,0.04788470478847048,0.05439330543933055,0.040446304044630406,0.03393770339377034,0.0799628079962808,0.05718270571827057,0.05160390516039052,0.04370060437006044,0.029288702928870293,0.056717805671780565,0.03161320316132032,0.03347280334728033,0.0502092050209205,0.058577405857740586,0.05578800557880056,0.03579730357973036,0.05299860529986053,0.06694560669456066,0.034402603440260346
nh0222,1.0,0.75,0.506993006993007,0.34178321678321677,0.5480769230769231,0.42832167832167833,0.3741258741258741,0.33653846153846156,0.2937062937062937,0.29632867132867136,0.486013986013986,0.25786713286713286,0.23513986013986013,0.3155594405594406,0.28321678321678323,0.2867132867132867,0.2744755244755245,0.21153846153846154,0.24125874125874125,0.3784965034965035,0.34965034965034963,0.24562937062937062,0.33916083916083917,0.1993006993006993,0.23339160839160839,0.23426573426573427,0.24475524475524477,0.23513986013986013,0.23251748251748253,0.23426573426573427,0.2202797202797203,0.11101398601398602,0.19318181818181818,0.1958041958041958,0.19667832167832167,0.23251748251748253,0.243006993006993,0.20192307692307693,0.1756993006993007,0.15034965034965034,0.15821678321678323,0.263986013986014,0.16695804195804195,0.18444055944055945,0.15996503496503497,0.15384615384615385,0.17307692307692307,0.14335664335664336,0.22115384615384615,0.2517482517482518,0.11276223776223776,0.1590909090909091,0.1520979020979021,0.15996503496503497,0.14423076923076922,0.14160839160839161,0.06468531468531469,0.14160839160839161,0.14335664335664336,0.11276223776223776,0.17744755244755245,0.2875874125874126,0.17744755244755245,0.14423076923076922,0.12062937062937062,0.17045454545454544,0.09615384615384616,0.0777972027972028,0.10402097902097902,0.11888111888111888,0.08304195804195805,0.1451048951048951,0.14335664335664336,0.125,0.15122377622377622,0.20017482517482518,0.11013986013986014,0.0944055944055944,0.07954545454545454,0.14423076923076922,0.21241258741258742,0.1354895104895105,0.19405594405594406,0.1354895104895105,0.1145104895104895,0.14685314685314685,0.10052447552447552,0.15122377622377622,0.10751748251748251,0.13898601398601398,0.11101398601398602,0.17832167832167833,0.11363636363636363,0.08129370629370629,0.0743006993006993,0.10576923076923077,0.07954545454545454,0.09527972027972027,0.056818181818181816,0.15646853146853146,0.10839160839160839,0.08304195804195805,0.10576923076923077,0.10314685314685315,0.16958041958041958,0.10402097902097902,0.10052447552447552,0.12325174825174826,0.1354895104895105,0.14335664335664336,0.08653846153846154,0.07080419580419581,0.0743006993006993,0.08828671328671328,0.15122377622377622,0.09265734265734266,0.13636363636363635,0.0979020979020979,0.0944055944055944,0.10227272727272728,0.08391608391608392,0.1284965034965035,0.08916083916083917,0.11975524475524475,0.09353146853146853,0.1215034965034965,0.0743006993006993,0.07080419580419581,0.06468531468531469,0.044580419580419584,0.0944055944055944,0.08828671328671328,0.15384615384615385,0.07867132867132867,0.08828671328671328,0.15384615384615385,0.06293706293706294,0.05419580419580419,0.08041958041958042,0.17307692307692307,0.12237762237762238,0.10926573426573427,0.06818181818181818,0.08828671328671328,0.11713286713286714,0.08479020979020979,0.1258741258741259,0.06818181818181818,0.10227272727272728,0.13636363636363635,0.06293706293706294,0.07342657342657342,0.10402097902097902,0.08391608391608392,0.14073426573426573,0.09702797202797203,0.06031468531468531,0.11363636363636363,0.07692307692307693,0.10402097902097902,0.04807692307692308,0.08304195804195805,0.07342657342657342,0.0979020979020979,0.06555944055944056,0.0472027972027972,0.05419580419580419,0.06031468531468531,0.043706293706293704,0.027972027972027972,0.1354895104895105,0.09178321678321678,0.07604895104895106,0.07167832167832168,0.08653846153846154,0.10227272727272728,0.08653846153846154,0.06468531468531469,0.12062937062937062,0.09877622377622378,0.07867132867132867,0.07342657342657342,0.07342657342657342,0.050699300699300696,0.0944055944055944,0.013986013986013986,0.0777972027972028,0.028846153846153848,0.05419580419580419,0.06293706293706294,0.0944055944055944,0.04895104895104895,0.06555944055944056,0.07867132867132867,0.05856643356643357,0.06118881118881119,0.056818181818181816,0.0944055944055944,0.09003496503496504,0.06118881118881119,0.10751748251748251,0.0777972027972028,0.0472027972027972,0.057692307692307696,0.09615384615384616,0.09003496503496504,0.039335664335664336,0.10402097902097902,0.09265734265734266,0.07255244755244755,0.04020979020979021,0.08479020979020979,0.056818181818181816,0.07342657342657342,0.051573426573426576,0.06993006993006994,0.09702797202797203,0.06905594405594405,0.0472027972027972,0.0944055944055944,0.06031468531468531,0.07342657342657342,0.1145104895104895,0.07080419580419581,0.05244755244755245,0.04020979020979021,0.0472027972027972,0.08041958041958042,0.09615384615384616,0.062062937062937064,0.0777972027972028,0.05332167832167832,0.06468531468531469,0.04632867132867133,0.07867132867132867,0.04807692307692308,0.06293706293706294,0.049825174825174824,0.056818181818181816,0.06993006993006994,0.07517482517482517,0.05944055944055944,0.06905594405594405,0.06468531468531469,0.10926573426573427,0.09090909090909091,0.06905594405594405,0.06468531468531469,0.005244755244755245,0.039335664335664336,0.04895104895104895,0.07517482517482517,0.055944055944055944,0.062062937062937064,0.044580419580419584,0.09615384615384616,0.07255244755244755,0.049825174825174824,0.1145104895104895,0.06293706293706294,0.07867132867132867,0.0472027972027972,0.06031468531468531,0.062062937062937064,0.06293706293706294,0.09265734265734266,0.04807692307692308,0.05506993006993007,0.028846153846153848,0.049825174825174824,0.08129370629370629,0.03496503496503497,0.06468531468531469,0.037587412587412584,0.03409090909090909,0.0472027972027972,0.09003496503496504,0.08916083916083917,0.056818181818181816,0.05506993006993007,0.10227272727272728,0.04108391608391608,0.08479020979020979,0.062062937062937064,0.07692307692307693,0.06031468531468531,0.062062937062937064,0.04632867132867133,0.05944055944055944,0.04895104895104895,0.05506993006993007,0.043706293706293704,0.0673076923076923,0.07255244755244755,0.0743006993006993,0.0472027972027972,0.039335664335664336,0.03409090909090909,0.09003496503496504,0.06905594405594405
nh0223,0.9888143176733781,1.0,0.6862416107382551,0.3864653243847875,0.4563758389261745,0.5335570469798657,0.5436241610738255,0.37583892617449666,0.3987695749440716,0.4463087248322148,0.3036912751677852,0.35626398210290827,0.3540268456375839,0.36129753914988816,0.2684563758389262,0.342841163310962,0.3417225950782998,0.2992170022371365,0.28131991051454136,0.3931767337807606,0.2841163310961969,0.4110738255033557,0.22483221476510068,0.24272930648769575,0.27125279642058164,0.191834451901566,0.25894854586129756,0.2550335570469799,0.24440715883668904,0.28131991051454136,0.21532438478747204,0.22986577181208054,0.27628635346756153,0.2181208053691275,0.24272930648769575,0.27628635346756153,0.2941834451901566,0.24328859060402686,0.25615212527964204,0.20078299776286354,0.2371364653243848,0.16666666666666666,0.20246085011185683,0.2332214765100671,0.15268456375838926,0.17337807606263983,0.18791946308724833,0.17002237136465326,0.1325503355704698,0.18008948545861297,0.1644295302013423,0.11017897091722595,0.15044742729306487,0.1319910514541387,0.1761744966442953,0.1761744966442953,0.18120805369127516,0.16722595078299776,0.22930648769574943,0.2086129753914989,0.1599552572706935,0.14541387024608501,0.16331096196868009,0.15659955257270694,0.17002237136465326,0.21029082774049218,0.15492170022371365,0.09843400447427293,0.16610738255033558,0.15715883668903805,0.12360178970917227,0.116331096196868,0.19463087248322147,0.1493288590604027,0.18008948545861297,0.20190156599552572,0.1180089485458613,0.11968680089485459,0.15156599552572708,0.14373601789709173,0.17058165548098433,0.18959731543624161,0.16722595078299776,0.10067114093959731,0.16890380313199105,0.17785234899328858,0.16890380313199105,0.14429530201342283,0.19742729306487697,0.1470917225950783,0.1621923937360179,0.16275167785234898,0.15044742729306487,0.11577181208053691,0.09731543624161074,0.13087248322147652,0.11912751677852348,0.11912751677852348,0.11521252796420582,0.11241610738255034,0.13366890380313198,0.12304250559284116,0.14373601789709173,0.15324384787472037,0.11912751677852348,0.14093959731543623,0.12919463087248323,0.1739373601789709,0.1470917225950783,0.11185682326621924,0.15827740492170023,0.1297539149888143,0.15492170022371365,0.1297539149888143,0.13646532438478748,0.09675615212527965,0.1029082774049217,0.09451901565995526,0.12695749440715884,0.14429530201342283,0.09563758389261745,0.1342281879194631,0.09340044742729306,0.12080536912751678,0.14093959731543623,0.07270693512304251,0.1174496644295302,0.1297539149888143,0.11129753914988814,0.07158836689038031,0.09563758389261745,0.10123042505592841,0.08109619686800895,0.08277404921700224,0.10794183445190157,0.08612975391498881,0.10067114093959731,0.10458612975391499,0.1029082774049217,0.12136465324384788,0.10570469798657718,0.13702460850111856,0.10626398210290827,0.10626398210290827,0.1297539149888143,0.08277404921700224,0.09228187919463088,0.09563758389261745,0.0732662192393736,0.10626398210290827,0.03803131991051454,0.07997762863534676,0.1342281879194631,0.08668903803131991,0.16331096196868009,0.08557046979865772,0.09899328859060402,0.12360178970917227,0.10011185682326622,0.08333333333333333,0.10514541387024609,0.09284116331096197,0.10067114093959731,0.116331096196868,0.09004474272930649,0.08557046979865772,0.09395973154362416,0.09004474272930649,0.056487695749440715,0.07158836689038031,0.08612975391498881,0.11297539149888143,0.087248322147651,0.10906040268456375,0.07774049217002237,0.06655480984340045,0.10458612975391499,0.07270693512304251,0.12080536912751678,0.10067114093959731,0.09172259507829977,0.06375838926174497,0.08612975391498881,0.09955257270693513,0.08612975391498881,0.05145413870246085,0.08165548098434004,0.06935123042505593,0.06319910514541387,0.049776286353467564,0.0878076062639821,0.10626398210290827,0.058165548098434,0.06208053691275168,0.07606263982102908,0.06935123042505593,0.08501118568232663,0.0732662192393736,0.0732662192393736,0.04865771812080537,0.09060402684563758,0.06487695749440715,0.09060402684563758,0.11968680089485459,0.0592841163310962,0.10458612975391499,0.12807606263982102,0.07102908277404922,0.06879194630872483,0.1180089485458613,0.03467561521252797,0.1017897091722595,0.07662192393736018,0.07606263982102908,0.06823266219239374,0.06152125279642058,0.08277404921700224,0.07046979865771812,0.07214765100671142,0.06879194630872483,0.05201342281879195,0.07102908277404922,0.06599552572706935,0.08333333333333333,0.08221476510067115,0.07102908277404922,0.09004474272930649,0.09955257270693513,0.0883668903803132,0.059843400447427295,0.06096196868008948,0.10514541387024609,0.06991051454138703,0.0732662192393736,0.09172259507829977,0.06431767337807606,0.0743847874720358,0.09172259507829977,0.05592841163310962,0.07718120805369127,0.05536912751677853,0.04753914988814318,0.0738255033557047,0.05089485458612975,0.09116331096196868,0.06208053691275168,0.07829977628635347,0.09507829977628636,0.042505592841163314,0.049217002237136466,0.05480984340044743,0.09060402684563758,0.10514541387024609,0.06711409395973154,0.052572706935123045,0.056487695749440715,0.08612975391498881,0.0743847874720358,0.06263982102908278,0.056487695749440715,0.05201342281879195,0.06711409395973154,0.08053691275167785,0.06879194630872483,0.0743847874720358,0.08501118568232663,0.06040268456375839,0.09451901565995526,0.07941834451901567,0.07829977628635347,0.06543624161073826,0.04697986577181208,0.05760626398210291,0.04865771812080537,0.049776286353467564,0.08053691275167785,0.053131991051454136,0.05480984340044743,0.06431767337807606,0.07941834451901567,0.0592841163310962,0.059843400447427295,0.052572706935123045,0.0587248322147651,0.08109619686800895,0.03970917225950783,0.06543624161073826,0.039149888143176735,0.0587248322147651,0.0587248322147651,0.0587248322147651,0.01901565995525727,0.06319910514541387,0.08053691275167785,0.06543624161073826,0.04865771812080537,0.0447427293064877,0.03859060402684564,0.046420581655480984,0.02181208053691275
nh0224,1.0,0.4591204473326281,0.36678252984736287,0.2770137524557957,0.3022517757291824,0.319026749282152,0.3380686111530905,0.3218981411515793,0.2647725555387638,0.2437660571255856,0.17802629590448843,0.2457306936678253,0.2025086897385522,0.1562641680519873,0.26341242254798247,0.1753060299229258,0.16729635786610247,0.18422245730693668,0.19208100347589543,0.15203264319177875,0.18543146440985342,0.17923530300740517,0.16578509898745655,0.19601027656037479,0.137524557956778,0.1837690796433429,0.1804443101103219,0.14538310412573674,0.1718301345020402,0.134199788423757,0.1527882726311017,0.19631252833610396,0.11258878645912045,0.12513223515188152,0.12316759860964183,0.10080096720568234,0.10805500982318271,0.13011938945141302,0.07480731449297265,0.11107752758047454,0.09430255402750491,0.12074958440380837,0.12407435393682938,0.10639262505667221,0.12770137524557956,0.1338975366480278,0.08160797944687925,0.12301647272177724,0.08055009823182711,0.06725102009974308,0.17938642889526976,0.08206135711047302,0.10941514281396403,0.10684600272026598,0.11576243010427686,0.09082665860661931,0.17092337917485265,0.07269155206286837,0.0929424210367236,0.08614175608281699,0.06785552365120145,0.08085235000755629,0.07813208402599366,0.0944536799153695,0.10578812150521384,0.07782983225026446,0.07420281094151428,0.0651352576696388,0.1032189814115158,0.05712558561281548,0.10155659664500528,0.042315248602085534,0.04775578056521082,0.08478162309203567,0.05788121505213843,0.06105485869729484,0.05803234094000302,0.1651805954359982,0.09430255402750491,0.06498413178177422,0.0652863835575034,0.059694725706513525,0.05047604654677346,0.08871089617651504,0.08659513374641076,0.0670998942118785,0.09490705757896328,0.0704246637448995,0.09082665860661931,0.05168505364969019,0.07465618860510806,0.04669789935015868,0.0757140698201602,0.07934109112891038,0.06558863533323259,0.08039897234396252,0.09218679159740063,0.0755629439322956,0.0841771195405773,0.05757896327640925,0.07329605561432674,0.09400030225177573,0.05228955720114856,0.08327036421338975,0.05274293486474233,0.08342149010125434,0.1509747619767266,0.07284267795073296,0.06256611757594076,0.05606770439776334,0.06498413178177422,0.08840864440078586,0.12619011636693367,0.06800664953906604,0.06966903430557654,0.05606770439776334,0.048209158228804595,0.04533776635937736,0.042315248602085534,0.04397763336859604,0.06468188000604504,0.053347438416200696,0.046244521686564906,0.08160797944687925,0.042919752153543905,0.08463049720417107,0.07934109112891038,0.05909022215505516,0.05833459271573221,0.06468188000604504,0.05259180897687774,0.05183617953755478,0.04594226991083573,0.044733262807919,0.0722381743992746,0.07526069215656642,0.07964334290463956,0.06105485869729484,0.04503551458364818,0.0445821369200544,0.07752758047453528,0.04775578056521082,0.10367235907510956,0.07284267795073296,0.048511410004533774,0.03143418467583497,0.055614326734169564,0.0651352576696388,0.035967961311772705,0.05773008916427384,0.03868822729333535,0.04488438869578359,0.05803234094000302,0.054707571406982014,0.05924134804291975,0.04972041710745051,0.06407737645458667,0.049267039443856735,0.05108055009823183,0.0343055765452622,0.06830890131479522,0.04427988514432522,0.04533776635937736,0.042164122714220945,0.05395194196765906,0.06815777542693063,0.03763034607828321,0.06558863533323259,0.01133444158984434,0.024180142058334592,0.03763034607828321,0.0344567024331268,0.05999697748224271,0.05803234094000302,0.035514583648178936,0.05062717243463805,0.04065286383557504,0.046093395798700317,0.05788121505213843,0.0601481033701073,0.09188453982167145,0.05395194196765906,0.0344567024331268,0.05228955720114856,0.03853710140547076,0.02025086897385522,0.05259180897687774,0.05712558561281548,0.02795828925494937,0.035665709536043526,0.040048360284116666,0.0584857186035968,0.034607828320991386,0.05999697748224271,0.04140849327489799,0.03339882121807466,0.04866253589239837,0.040048360284116666,0.05017379477104428,0.053649690191929875,0.03506120598458516,0.027202659815626418,0.0343055765452622,0.03339882121807466,0.034607828320991386,0.04397763336859604,0.04382650748073145,0.0412573673870334,0.03883935318119994,0.04972041710745051,0.03279431766661629,0.03143418467583497,0.037932597854012394,0.02538914916125132,0.0377814719661478,0.03883935318119994,0.026900408039897235,0.04594226991083573,0.03732809430255403,0.04972041710745051,0.04881366178026296,0.05077829832250264,0.017379477104427988,0.053498564304065285,0.02901617047000151,0.0566722079492217,0.04397763336859604,0.03203868822729333,0.04503551458364818,0.026749282152032643,0.030980807012241197,0.042919752153543905,0.03929273084479371,0.05213843131328397,0.03309656944234547,0.034607828320991386,0.050324920658908874,0.0361190871996373,0.059845851594378115,0.03294544355448088,0.034910080096720565,0.03294544355448088,0.03717696841468943,0.024180142058334592,0.05228955720114856,0.02871391869427233,0.048360284116669185,0.04171074505062717,0.015414840562188304,0.031736436451564154,0.024784645609792957,0.034607828320991386,0.03657246486323107,0.03218981411515793,0.035514583648178936,0.053649690191929875,0.0275049115913556,0.03400332476953302,0.0326431917787517,0.04654677346229409,0.02130875018890736,0.053498564304065285,0.030678555236512015,0.02282000906755327,0.035816835423908115,0.0326431917787517,0.03883935318119994,0.035514583648178936,0.058787970379325975,0.021006498413178178,0.030376303460782832,0.03929273084479371,0.02614477860057428,0.0377814719661478,0.041861870938491766,0.03868822729333535,0.02387789028260541,0.04397763336859604,0.0377814719661478,0.027202659815626418,0.01768172888015717,0.03007405168505365,0.03052742934864742,0.0326431917787517,0.0498715429953151,0.03823484962974157,0.03113193290010579,0.042012996826356355,0.017077225328698806,0.03732809430255403,0.04261750037781472,0.04171074505062717,0.02372676439474082,0.02614477860057428,0.018588484207344717,0.03627021308750189,0.03536345776031434,0.042315248602085534,0.023273386731147046,0.05047604654677346
nh0225,1.0,0.49355328024270007,0.4372392870686386,0.3488813045127038,0.46094046264694727,0.34565794463405386,0.34319302237390975,0.25237011755783084,0.47402351156617367,0.24895714827455442,0.25578308684110734,0.25995449374288965,0.22828972317026924,0.22373909745923398,0.25199089874857794,0.18923018581721654,0.20079635949943117,0.26488433826317787,0.20022753128555176,0.1725445582100872,0.21350018960940462,0.21065604854000758,0.17102768297307547,0.22942737959802806,0.16439135381114903,0.15017064846416384,0.20838073568448995,0.17690557451649602,0.23644292756920743,0.1539628365566932,0.17633674630261661,0.20288206295032232,0.13120970800151688,0.17538869927948425,0.1342434584755404,0.13746681835419036,0.13651877133105803,0.14884338263177854,0.10276829730754646,0.130451270383011,0.14732650739476677,0.11414486158513462,0.16685627607129314,0.09745923397800531,0.17481987106560484,0.17956010618126658,0.10409556313993173,0.11357603337125521,0.10599165718619644,0.12457337883959044,0.18543799772468714,0.10845657944634055,0.15908229048160788,0.16571861964353432,0.18979901403109595,0.08740993553280242,0.1924535456958665,0.06010618126659082,0.16230565036025787,0.10883579825559347,0.11964353431930223,0.10637087599544938,0.0745164960182025,0.1061812665908229,0.16628744785741373,0.1018202502844141,0.06257110352673492,0.08608266970041714,0.09708001516875236,0.06674251042851725,0.09916571861964353,0.07034508911642018,0.08001516875237012,0.09859689040576412,0.06655290102389079,0.12040197193780812,0.14524080394387562,0.1719757299962078,0.10333712552142586,0.1645809632157755,0.06617368221463785,0.09935532802427001,0.09139173302995829,0.07243079256731134,0.07470610542282898,0.0608646188850967,0.09537353052711414,0.07982555934774364,0.14922260144103147,0.10068259385665529,0.10106181266590823,0.07489571482745544,0.1149032992036405,0.0788775123246113,0.08740993553280242,0.10163064087978764,0.09745923397800531,0.10068259385665529,0.07679180887372014,0.07337883959044368,0.11395525218050816,0.10200985968904058,0.06257110352673492,0.10068259385665529,0.06731133864239666,0.0826697004171407,0.12097080015168753,0.08816837315130831,0.06863860447478196,0.05858930602957907,0.12590064467197573,0.09556313993174062,0.10068259385665529,0.08115282518012894,0.09328782707622298,0.054986727341676145,0.08797876374668183,0.04133485020857035,0.04929844520288206,0.0813424345847554,0.08399696624952598,0.06693211983314372,0.06484641638225255,0.07318923018581722,0.09992415623814942,0.07034508911642018,0.1296928327645051,0.06958665149791429,0.08418657565415244,0.06446719757299962,0.05707243079256731,0.04702313234736443,0.06408797876374668,0.054986727341676145,0.12419416003033751,0.06332954114524081,0.059726962457337884,0.16230565036025787,0.056693211983314375,0.0608646188850967,0.048160788775123246,0.11471368979901403,0.07375805839969662,0.08039438756162305,0.05422828972317027,0.05536594615092909,0.06844899507015548,0.06351915054986727,0.045695866514979144,0.0627607129313614,0.029958285930982178,0.05214258627227911,0.06503602578687903,0.0608646188850967,0.052711414486158514,0.07717102768297307,0.08210087220326129,0.0627607129313614,0.059916571861964356,0.04436860068259386,0.06901782328403488,0.044747819491846794,0.05555555555555555,0.03886992794842624,0.06674251042851725,0.071482745544179,0.04361016306408798,0.0745164960182025,0.017064846416382253,0.027682973075464544,0.08210087220326129,0.0428517254455821,0.04342055365946151,0.06788016685627607,0.0813424345847554,0.060485400075843763,0.036973833902161544,0.052901023890784986,0.04209328782707622,0.05479711793704968,0.06105422828972317,0.06029579067121729,0.0360257868790292,0.06655290102389079,0.04512703830109974,0.02540766021994691,0.07394766780432309,0.04759196056124384,0.05233219567690557,0.06901782328403488,0.03924914675767918,0.06484641638225255,0.037163443306788016,0.04607508532423208,0.045695866514979144,0.029389457717102767,0.05252180508153204,0.07072430792567311,0.04664391353811149,0.047971179370496775,0.033940083428138035,0.0335608646188851,0.04740235115661737,0.05043610163064088,0.032423208191126277,0.041903678422449755,0.052711414486158514,0.02901023890784983,0.037921880925293895,0.04910883579825559,0.023511566173682216,0.04247250663632916,0.04759196056124384,0.03640500568828214,0.05631399317406143,0.04133485020857035,0.04759196056124384,0.05858930602957907,0.04948805460750853,0.0540386803185438,0.05612438376943497,0.05726204019719378,0.04057641259006447,0.05365946150929086,0.030716723549488054,0.06162305650360258,0.045695866514979144,0.051763367463026164,0.04702313234736443,0.02161547212741752,0.04607508532423208,0.04626469472885855,0.04436860068259386,0.05062571103526735,0.044937428896473265,0.04854000758437618,0.055176336746302616,0.03981797497155859,0.07925673113386424,0.0540386803185438,0.0583996966249526,0.041903678422449755,0.07717102768297307,0.034129692832764506,0.05043610163064088,0.033181645809632156,0.036973833902161544,0.06313993174061433,0.01725445582100872,0.02218430034129693,0.020098596890405763,0.04323094425483504,0.0360257868790292,0.05745164960182025,0.030716723549488054,0.08589306029579068,0.02957906712172924,0.055745164960182024,0.033181645809632156,0.06408797876374668,0.03735305271141449,0.028062191884717484,0.04247250663632916,0.03811149032992037,0.03450891164201744,0.060485400075843763,0.04342055365946151,0.04000758437618506,0.062002275312855515,0.04228289723170269,0.026166097838452786,0.05309063329541145,0.02825180128934395,0.048729616989002654,0.06598407281001138,0.03943875616230565,0.037921880925293895,0.023321956769055744,0.04607508532423208,0.03545695866514979,0.03450891164201744,0.02957906712172924,0.023511566173682216,0.033181645809632156,0.05441789912779674,0.03754266211604096,0.02142586272279105,0.05252180508153204,0.05043610163064088,0.026166097838452786,0.040955631399317405,0.030716723549488054,0.04133485020857035,0.03583617747440273,0.05214258627227911,0.02957906712172924,0.042662116040955635,0.04645430413348502,0.01782328403488813,0.03678422449753508
nh0226,1.0,0.47920588738661646,0.41862057162416566,0.3398938901249358,0.3884990587027212,0.357692965942153,0.3025842888926921,0.2433681328084888,0.347253123395516,0.24764675680301215,0.18346739688516173,0.22967653602601404,0.22967653602601404,0.2026356323806264,0.2120486051685778,0.1817559472873524,0.19168235495464658,0.21170631524901593,0.19750128358719835,0.1564264932397741,0.19407838439157968,0.20143761766215984,0.16207427691254492,0.19596097894916994,0.14427520109532774,0.14889611500941297,0.2031490672599692,0.1665240458668492,0.17970220776998116,0.15214786924525073,0.15625534827999316,0.21119288036967312,0.13400650350847168,0.1543727537224029,0.16156084203320212,0.12989902447372925,0.12801642991613896,0.13554680814650008,0.09994865651206572,0.1548861886017457,0.1391408523018997,0.10645216498374123,0.15385931884306006,0.09721033715557077,0.14735581037138457,0.15711107307889782,0.11963032688687318,0.11483826801300702,0.10696559986308403,0.09122026356323806,0.1728564093787438,0.11791887728906383,0.13537566318671915,0.11911689200753038,0.13982543214102344,0.08180729077528667,0.1778196132123909,0.10765017970220778,0.13058360431285299,0.09601232243710422,0.07889782645901078,0.0978949169946945,0.06606195447544069,0.08488790005134349,0.14940954988875577,0.08437446517200069,0.06366592503850761,0.09104911860345713,0.09635461235666609,0.05527982200924183,0.12870100975526272,0.06263905527982201,0.06948485367105939,0.0919048434023618,0.07222317302755434,0.0869416395687147,0.0864282046893719,0.1639568714701352,0.0869416395687147,0.11107307889782646,0.06554851959609789,0.0830053054937532,0.07342118774602088,0.08403217525243882,0.08967995892520965,0.07393462262536368,0.0864282046893719,0.07941126133835359,0.12288208112271094,0.07889782645901078,0.09532774259798049,0.05921615608420332,0.09276056820126648,0.08831079924696218,0.0919048434023618,0.08317645045353414,0.08950881396542872,0.11877460208796851,0.06777340407325004,0.08146500085572479,0.09447201779907581,0.07222317302755434,0.04928974841690912,0.10217354098921787,0.05100119801471847,0.07239431798733527,0.10508300530549375,0.08608591476981003,0.06229676536026014,0.06366592503850761,0.10405613554680815,0.08677049460893377,0.07684408694163956,0.0725654629471162,0.06144104056135547,0.06452164983741229,0.07855553653944891,0.06880027383193565,0.053910662330994355,0.08386103029265789,0.07804210166010611,0.04894745849734725,0.07119630326886874,0.07016943351018312,0.09156255348279993,0.06811569399281191,0.10337155570768441,0.08146500085572479,0.08334759541331507,0.0725654629471162,0.060927605682012664,0.053226082491870615,0.05545096696902276,0.07136744822864967,0.0869416395687147,0.06640424439500257,0.06965599863084032,0.07889782645901078,0.06640424439500257,0.04056135546808146,0.04381310970391922,0.09104911860345713,0.0610987506417936,0.07615950710251583,0.05955844600376519,0.06366592503850761,0.06281020023960295,0.07222317302755434,0.044839979462604825,0.05237035769296594,0.034742426835529694,0.07889782645901078,0.056820126647270236,0.045524559301728565,0.041930515146328944,0.04980318329625193,0.07821324661988704,0.0506589080951566,0.06126989560157453,0.03679616635290091,0.0968680472360089,0.04638028410063324,0.05818928632551772,0.03867876091049119,0.05596440184836556,0.06520622967653603,0.04501112442238576,0.05151463289406127,0.03730960123224371,0.04946089337669006,0.05733356152661304,0.054424097210337155,0.044326544583262024,0.06281020023960295,0.07136744822864967,0.06948485367105939,0.03730960123224371,0.056306691767927436,0.034742426835529694,0.040732500427862396,0.06520622967653603,0.06862912887215472,0.04347081978435735,0.05990073592332706,0.04056135546808146,0.05100119801471847,0.05476638712989902,0.046209139140852305,0.05990073592332706,0.05596440184836556,0.04535341434194763,0.05955844600376519,0.04210166010610988,0.06537737463631696,0.052541502652746874,0.03422899195618689,0.04894745849734725,0.05100119801471847,0.05339722745165155,0.05476638712989902,0.0451822693821667,0.031319527639911006,0.04039021050830053,0.04501112442238576,0.04004792058873866,0.04415539962348109,0.058018141365736776,0.03816532603114838,0.04278623994523361,0.03696731131268184,0.040903645387643336,0.042443950025671744,0.04210166010610988,0.04141708026698614,0.04278623994523361,0.028752353243196988,0.03765189115180558,0.05921615608420332,0.0412459353072052,0.04056135546808146,0.05219921273318501,0.04809173369844258,0.03679616635290091,0.047920588738661646,0.03645387643333904,0.05476638712989902,0.041759370186548,0.04843402361800445,0.0412459353072052,0.03285983227793941,0.050830053054937534,0.03440013691596783,0.030634947800787266,0.053739517371213415,0.03337326715728222,0.04347081978435735,0.07119630326886874,0.046722574020195105,0.06126989560157453,0.03884990587027212,0.05425295225055622,0.03645387643333904,0.0610987506417936,0.03730960123224371,0.034742426835529694,0.04894745849734725,0.03440013691596783,0.06229676536026014,0.04107479034742427,0.03371555707684409,0.05014547321581379,0.03440013691596783,0.029779223001882595,0.060243025842888924,0.03748074619202464,0.03268868731815848,0.03285983227793941,0.0412459353072052,0.025158309087797363,0.05356837241143248,0.03748074619202464,0.03440013691596783,0.04227280506589081,0.03268868731815848,0.037823036111586515,0.05031661817559473,0.05219921273318501,0.04347081978435735,0.05151463289406127,0.03987677562895773,0.03149067259969194,0.03114838268013007,0.04295738490501455,0.049118603457128186,0.0566489816874893,0.03936334074961492,0.03867876091049119,0.028410063323635118,0.04757829881909978,0.03149067259969194,0.024131439329111756,0.023104569570426153,0.02652746876604484,0.03320212219750129,0.03730960123224371,0.0412459353072052,0.03200410747903474,0.040903645387643336,0.029436933082320725,0.03149067259969194,0.04141708026698614,0.05100119801471847,0.025671743967140167,0.030463802841006332,0.04535341434194763,0.03371555707684409,0.041930515146328944,0.04278623994523361,0.03234639739859661,0.04278623994523361
nh0227,1.0,0.6971482126121301,0.5763823805060918,0.5920471281296024,0.4530727004953809,0.4414245548266167,0.3225331369661267,0.30619895568349176,0.26415852189048067,0.31115276476101217,0.29321194269647877,0.2515731690989423,0.31409827286115943,0.2912036417191056,0.2494309813897443,0.2654973892087294,0.305931182219842,0.2717900656044986,0.2561253179809881,0.24501271923952336,0.2575980720310617,0.25237648948989155,0.25130539563529253,0.16628732092649617,0.18449591645467933,0.2234569554157183,0.22144865443834516,0.19855402329629135,0.18114874815905743,0.16856339536751908,0.18088097469540768,0.15704913643057972,0.18730753782300175,0.14633819788458963,0.20712277413308341,0.1925291203641719,0.19293078055964655,0.18944972553219977,0.18784308475030123,0.17365109117686436,0.19132413977774804,0.18422814299102958,0.13053956352925425,0.12893292274735574,0.14834649886196277,0.11487481590574374,0.09171241130004017,0.14004552148882046,0.1392422010978712,0.11300040166019547,0.1471415182755389,0.14125050207524434,0.13241397777480252,0.13388673182487615,0.1515597804257598,0.13174454411567812,0.08649082875887,0.1478109519346633,0.10322667023697951,0.13040567679742937,0.13656446646137368,0.11273262819654573,0.12210469942428705,0.17083946980854198,0.1258535279153836,0.11447315571026911,0.1690989422948186,0.16548400053554693,0.09720176730486009,0.16387735975364842,0.14499933056634087,0.19801847636899184,0.11835587093319053,0.11166153434194671,0.12812960235640647,0.12812960235640647,0.13629669299772393,0.12826348908823135,0.13723390012049805,0.11862364439684027,0.08220645334047395,0.12826348908823135,0.10710938545990092,0.13268175123845227,0.1251840942562592,0.09104297764091579,0.1044316508234034,0.11728477707859152,0.09171241130004017,0.10898379970544919,0.09532735305931182,0.09184629803186505,0.07497656982193064,0.10001338867318249,0.1302717900656045,0.10349444370062927,0.09278350515463918,0.11581202302851787,0.09157852456821529,0.11500870263756861,0.09840674789128398,0.09131075110456553,0.0775204177266033,0.10175391618690588,0.06480117820324006,0.10563663140982729,0.09613067345026108,0.07229883518543312,0.06547061186236444,0.11139376087829696,0.10175391618690588,0.08488418797697148,0.09626456018208596,0.11219708126924621,0.07055830767170973,0.0898379970544919,0.10751104565537556,0.04471816842950863,0.09023965724996653,0.09345293881376356,0.09345293881376356,0.07564600348105503,0.08167090641317445,0.1174186638104164,0.08608916856339537,0.12143526576516267,0.08943633685901727,0.09184629803186505,0.07162940152630874,0.0842147543178471,0.09479180613201232,0.07618155040835453,0.08756192261346901,0.08073369929040032,0.07136162806265899,0.09117686437274067,0.11259874146472085,0.09077520417726603,0.08943633685901727,0.08260811353594859,0.08528584817244611,0.09733565403668497,0.08729414914981926,0.06520283839871469,0.0747087963582809,0.09465791940018745,0.07818985138572768,0.08488418797697148,0.06265899049404204,0.08100147275405008,0.09184629803186505,0.08863301646806801,0.07109385459900924,0.06868389342616146,0.06145400990761816,0.08528584817244611,0.05181416521622707,0.060382916053019146,0.09238184495916454,0.061052349712143524,0.08689248895434462,0.05583076717097336,0.05542910697549873,0.08381309412237248,0.07778819119025304,0.07912705850850181,0.09211407149551479,0.06493506493506493,0.0611862364439684,0.18449591645467933,0.08849912973624313,0.08568750836792074,0.07885928504485205,0.06587227205783906,0.09840674789128398,0.06560449859418932,0.06694336591243807,0.05395635292542509,0.06667559244878833,0.08408086758602222,0.06640781898513858,0.06158789663944303,0.044182621502209134,0.05583076717097336,0.07015664747623511,0.18114874815905743,0.07966260543580131,0.0629267639576918,0.11125987414647208,0.07845762484937743,0.08167090641317445,0.05114473155710269,0.05261748560717633,0.07296826884455751,0.07885928504485205,0.05569688043914848,0.0718971749899585,0.05971348239389476,0.05368857946177534,0.06252510376221716,0.05917793546659526,0.04619092247958227,0.0780559646539028,0.06480117820324006,0.06948721381711072,0.05703574775739724,0.09104297764091579,0.05944570893024501,0.09519346632748694,0.062123443566742535,0.10617217833712679,0.06132012317579328,0.04485205516133351,0.060784576248493774,0.05355469272995046,0.05127861828892757,0.05917793546659526,0.05583076717097336,0.04739590306600616,0.05355469272995046,0.07792207792207792,0.05917793546659526,0.05957959566206989,0.061052349712143524,0.05864238853929576,0.054759673316374345,0.043780961306734506,0.05716963448922212,0.05824072834382113,0.05234971214352658,0.059311822198420135,0.05891016200294551,0.04592314901593252,0.06172178337126791,0.062123443566742535,0.0494042040433793,0.04752978979783103,0.04699424287053153,0.08153701968134958,0.054759673316374345,0.06132012317579328,0.05516133351184897,0.06560449859418932,0.08354532065872272,0.07055830767170973,0.04083545320658723,0.06560449859418932,0.04619092247958227,0.16950060249029322,0.08059981255857544,0.004953809077520418,0.036684964520016065,0.04967197750702906,0.09961172847770786,0.05127861828892757,0.07162940152630874,0.05489356004819922,0.056232427366447985,0.03788994510643995,0.03896103896103896,0.062391217030392285,0.06132012317579328,0.036684964520016065,0.04819922345695542,0.057303521221046996,0.04471816842950863,0.056098540634623106,0.04311152764761012,0.05636631409827286,0.04391484803855938,0.0550274467800241,0.05074307136162806,0.06855000669433658,0.06841611996251172,0.03695273798366582,0.051680278484402195,0.056500200830097734,0.05422412638907484,0.05743740795287187,0.06587227205783906,0.06600615878966394,0.09425625920471281,0.032534475833444904,0.044048734770384255,0.05060918462980318,0.0696211005489356,0.053420805998125584,0.05355469272995046,0.03708662471549069,0.05248359887535145,0.032132815637970276,0.053019145802650956,0.043780961306734506,0.039630472620163344,0.06332842415316642,0.040969339938412105,0.05422412638907484,0.05663408756192261,0.02784844021957424,0.06734502610791271
nh0228,1.0,0.5288461538461539,0.5637651821862348,0.4109311740890688,0.2818825910931174,0.3016194331983806,0.3076923076923077,0.2839068825910931,0.2722672064777328,0.2601214574898785,0.22115384615384615,0.24848178137651822,0.2798582995951417,0.21153846153846154,0.20091093117408906,0.19230769230769232,0.19483805668016194,0.19281376518218624,0.19534412955465588,0.2049595141700405,0.2125506072874494,0.1862348178137652,0.21558704453441296,0.17510121457489877,0.1847165991902834,0.1791497975708502,0.1548582995951417,0.16346153846153846,0.13663967611336034,0.15587044534412955,0.1700404858299595,0.14878542510121456,0.15232793522267207,0.11842105263157894,0.12297570850202429,0.1978744939271255,0.14068825910931174,0.12196356275303644,0.14220647773279352,0.1417004048582996,0.17661943319838055,0.09261133603238866,0.0931174089068826,0.1584008097165992,0.07135627530364372,0.12955465587044535,0.17560728744939272,0.09817813765182186,0.10323886639676114,0.10678137651821862,0.11842105263157894,0.10020242914979757,0.12044534412955465,0.1305668016194332,0.08552631578947369,0.10020242914979757,0.11690283400809717,0.1082995951417004,0.1194331983805668,0.11740890688259109,0.09463562753036438,0.1194331983805668,0.10020242914979757,0.08097165991902834,0.07945344129554656,0.08805668016194332,0.1118421052631579,0.11133603238866396,0.1118421052631579,0.1118421052631579,0.10020242914979757,0.07692307692307693,0.09058704453441295,0.09412955465587045,0.10121457489878542,0.09058704453441295,0.0840080971659919,0.08147773279352227,0.09362348178137651,0.0708502024291498,0.12348178137651822,0.08502024291497975,0.09058704453441295,0.09615384615384616,0.10172064777327935,0.11740890688259109,0.09817813765182186,0.08856275303643725,0.07540485829959515,0.08552631578947369,0.09463562753036438,0.08704453441295547,0.08046558704453441,0.08451417004048584,0.10172064777327935,0.08097165991902834,0.08046558704453441,0.08502024291497975,0.06831983805668017,0.09159919028340081,0.08198380566801619,0.04554655870445344,0.07793522267206478,0.06427125506072874,0.07540485829959515,0.06882591093117409,0.06477732793522267,0.08350202429149797,0.0840080971659919,0.07844129554655871,0.0708502024291498,0.09412955465587045,0.05819838056680162,0.09564777327935223,0.07236842105263158,0.07338056680161943,0.08350202429149797,0.14473684210526316,0.08552631578947369,0.053643724696356275,0.07995951417004049,0.05465587044534413,0.07945344129554656,0.06933198380566802,0.0652834008097166,0.05819838056680162,0.07135627530364372,0.07388663967611336,0.0673076923076923,0.11082995951417005,0.06376518218623482,0.0673076923076923,0.05263157894736842,0.06174089068825911,0.06680161943319839,0.057692307692307696,0.1194331983805668,0.06882591093117409,0.06477732793522267,0.06781376518218624,0.07034412955465587,0.056174089068825914,0.07591093117408906,0.05465587044534413,0.06983805668016195,0.05668016194331984,0.045040485829959516,0.06983805668016195,0.06325910931174089,0.050101214574898786,0.06022267206477733,0.0652834008097166,0.0597165991902834,0.08046558704453441,0.057692307692307696,0.08552631578947369,0.062246963562753034,0.05263157894736842,0.05516194331983806,0.06477732793522267,0.06427125506072874,0.06072874493927125,0.06072874493927125,0.06376518218623482,0.06882591093117409,0.05060728744939271,0.05921052631578947,0.0708502024291498,0.08198380566801619,0.05060728744939271,0.039979757085020245,0.03188259109311741,0.050101214574898786,0.04402834008097166,0.057692307692307696,0.06629554655870445,0.05921052631578947,0.05819838056680162,0.04807692307692308,0.044534412955465584,0.03441295546558704,0.0597165991902834,0.04908906882591093,0.0597165991902834,0.06022267206477733,0.05313765182186235,0.035931174089068825,0.053643724696356275,0.05819838056680162,0.058704453441295545,0.048582995951417005,0.06022267206477733,0.057692307692307696,0.046052631578947366,0.06072874493927125,0.03694331983805668,0.04908906882591093,0.04807692307692308,0.038461538461538464,0.05516194331983806,0.05060728744939271,0.04048582995951417,0.05313765182186235,0.0465587044534413,0.04807692307692308,0.0430161943319838,0.057186234817813764,0.0430161943319838,0.053643724696356275,0.07034412955465587,0.02783400809716599,0.051113360323886636,0.05313765182186235,0.035931174089068825,0.05516194331983806,0.0354251012145749,0.045040485829959516,0.039473684210526314,0.0430161943319838,0.03340080971659919,0.025809716599190284,0.06022267206477733,0.051113360323886636,0.04402834008097166,0.06427125506072874,0.05212550607287449,0.04554655870445344,0.05212550607287449,0.046052631578947366,0.0465587044534413,0.05060728744939271,0.04200404858299595,0.045040485829959516,0.05060728744939271,0.04554655870445344,0.05212550607287449,0.048582995951417005,0.04149797570850203,0.044534412955465584,0.034919028340080975,0.05465587044534413,0.03795546558704453,0.03188259109311741,0.039473684210526314,0.03340080971659919,0.040991902834008095,0.04908906882591093,0.03744939271255061,0.039979757085020245,0.06325910931174089,0.09615384615384616,0.04757085020242915,0.04959514170040486,0.03744939271255061,0.03896761133603239,0.03896761133603239,0.046052631578947366,0.04048582995951417,0.04200404858299595,0.057692307692307696,0.04402834008097166,0.0430161943319838,0.040991902834008095,0.044534412955465584,0.0354251012145749,0.06275303643724696,0.044534412955465584,0.045040485829959516,0.053643724696356275,0.04251012145748988,0.045040485829959516,0.025303643724696356,0.038461538461538464,0.0354251012145749,0.051113360323886636,0.039473684210526314,0.027327935222672066,0.043522267206477734,0.039473684210526314,0.046052631578947366,0.044534412955465584,0.03340080971659919,0.02783400809716599,0.046052631578947366,0.043522267206477734,0.03188259109311741,0.05212550607287449,0.03289473684210526,0.039979757085020245,0.04048582995951417,0.023785425101214574,0.03744939271255061,0.024291497975708502,0.028846153846153848,0.03289473684210526,0.034919028340080975,0.03137651821862348,0.034919028340080975,0.04402834008097166,0.025809716599190284
nh0229,0.9782833505687694,1.0,0.8004136504653567,0.5015511892450879,0.5677352637021716,0.6370217166494312,0.7983453981385729,0.4405377456049638,0.36608066184074456,0.3784901758014478,0.421923474663909,0.30403309203722856,0.4343329886246122,0.38676318510858326,0.2998965873836608,0.46949327817993797,0.34126163391933817,0.2202688728024819,0.27197518097207857,0.45087900723888313,0.29782833505687695,0.34126163391933817,0.4984488107549121,0.2202688728024819,0.375387797311272,0.22854188210961737,0.29265770423991727,0.2730093071354705,0.30093071354705275,0.358841778697001,0.28335056876938985,0.2595656670113754,0.2078593588417787,0.17063081695966908,0.32885211995863495,0.250258531540848,0.24301964839710444,0.24922440537745605,0.2781799379524302,0.16132368148914167,0.17580144777662876,0.20579110651499483,0.22854188210961737,0.1592554291623578,0.17476732161323683,0.2481902792140641,0.1189245087900724,0.140641158221303,0.19855222337125128,0.3309203722854188,0.23681489141675285,0.13857290589451912,0.21923474663908996,0.18821096173733196,0.12099276111685625,0.23061013443640124,0.1809720785935884,0.2109617373319545,0.0672182006204757,0.14788004136504654,0.22750775594622544,0.1768355739400207,0.2264736297828335,0.14788004136504654,0.140641158221303,0.13857290589451912,0.14581178903826267,0.0889348500517063,0.10651499482936919,0.22854188210961737,0.09100310237849017,0.15718717683557393,0.2078593588417787,0.1623578076525336,0.18614270941054809,0.20579110651499483,0.11271975180972078,0.19958634953464321,0.15408479834539815,0.15822130299896586,0.21820062047569805,0.20062047569803515,0.19131334022750776,0.13029989658738367,0.11582213029989659,0.10754912099276112,0.1654601861427094,0.2078593588417787,0.2202688728024819,0.1623578076525336,0.1344364012409514,0.16442605997931747,0.14477766287487073,0.09824198552223372,0.11789038262668046,0.13960703205791106,0.18407445708376421,0.07859358841778696,0.13340227507755947,0.1737331954498449,0.15201654601861428,0.09617373319544985,0.13236814891416754,0.14270941054808686,0.16856256463288521,0.1809720785935884,0.11271975180972078,0.1468459152016546,0.17580144777662876,0.14167528438469493,0.20889348500517063,0.10444674250258532,0.09513960703205791,0.13340227507755947,0.20268872802481902,0.1768355739400207,0.11685625646328852,0.033092037228541885,0.18510858324715615,0.15098241985522234,0.12202688728024819,0.16649431230610134,0.11065149948293691,0.15511892450879008,0.15822130299896586,0.10858324715615306,0.07445708376421924,0.14581178903826267,0.09203722854188211,0.10444674250258532,0.11271975180972078,0.0889348500517063,0.18717683557394002,0.08996897621509824,0.07238883143743537,0.09927611168562564,0.09617373319544985,0.08790072388831438,0.10134436401240951,0.10341261633919338,0.10444674250258532,0.1592554291623578,0.10961737331954498,0.08169596690796277,0.1375387797311272,0.11478800413650465,0.11685625646328852,0.07652533609100311,0.14270941054808686,0.10444674250258532,0.11271975180972078,0.12926577042399173,0.07652533609100311,0.14477766287487073,0.1375387797311272,0.12099276111685625,0.12306101344364012,0.10134436401240951,0.140641158221303,0.12306101344364012,0.11375387797311272,0.10858324715615306,0.05170630816959669,0.10858324715615306,0.1313340227507756,0.0672182006204757,0.09824198552223372,0.10444674250258532,0.06204756980351603,0.04136504653567735,0.09513960703205791,0.14788004136504654,0.09927611168562564,0.15305067218200621,0.09617373319544985,0.10237849017580145,0.11375387797311272,0.10237849017580145,0.11375387797311272,0.11271975180972078,0.08169596690796277,0.09410548086866598,0.08169596690796277,0.08790072388831438,0.10961737331954498,0.031023784901758014,0.055842812823164424,0.0796277145811789,0.0796277145811789,0.08066184074457083,0.06618407445708377,0.13029989658738367,0.047569803516028956,0.08583247156153051,0.10341261633919338,0.12616339193381593,0.06928645294725956,0.08066184074457083,0.10444674250258532,0.0889348500517063,0.09513960703205791,0.09617373319544985,0.07755946225439504,0.11995863495346432,0.09100310237849017,0.10651499482936919,0.09513960703205791,0.07238883143743537,0.0703205791106515,0.11582213029989659,0.02688728024819028,0.06308169596690796,0.05997931747673216,0.11375387797311272,0.0827300930713547,0.07859358841778696,0.14167528438469493,0.08169596690796277,0.0827300930713547,0.11065149948293691,0.08376421923474664,0.045501551189245086,0.08169596690796277,0.07755946225439504,0.06514994829369183,0.038262668045501554,0.07755946225439504,0.07238883143743537,0.09720785935884178,0.11582213029989659,0.0889348500517063,0.10134436401240951,0.08583247156153051,0.0796277145811789,0.08583247156153051,0.07652533609100311,0.0672182006204757,0.09203722854188211,0.04963805584281282,0.08376421923474664,0.06825232678386763,0.07238883143743537,0.07755946225439504,0.08376421923474664,0.08583247156153051,0.09927611168562564,0.09927611168562564,0.0703205791106515,0.016546018614270942,0.03722854188210962,0.0,0.07755946225439504,0.06514994829369183,0.05170630816959669,0.04860392967942089,0.05170630816959669,0.10548086866597725,0.0827300930713547,0.06308169596690796,0.08790072388831438,0.04963805584281282,0.052740434332988625,0.07445708376421924,0.0827300930713547,0.08066184074457083,0.08686659772492245,0.06928645294725956,0.0672182006204757,0.027921406411582212,0.03412616339193381,0.05687693898655636,0.06204756980351603,0.07549120992761117,0.03619441571871768,0.05687693898655636,0.08169596690796277,0.03412616339193381,0.06514994829369183,0.0827300930713547,0.09100310237849017,0.05687693898655636,0.07549120992761117,0.07238883143743537,0.05480868665977249,0.06618407445708377,0.06928645294725956,0.06928645294725956,0.06928645294725956,0.08583247156153051,0.057911065149948295,0.055842812823164424,0.012409513960703205,0.13029989658738367,0.0889348500517063,0.08583247156153051,0.06308169596690796,0.047569803516028956,0.050672182006204755,0.09617373319544985,0.03619441571871768
nh0230,1.0,0.5493378897906878,0.4929517300299017,0.40068346860316106,0.3430158052114481,0.4233233660828706,0.5788124733020077,0.3635198633062794,0.36651003844510893,0.2776591200341734,0.2883383169585647,0.21529260999572833,0.3062793677915421,0.18795386586928664,0.30328919265271254,0.20717642033319095,0.2558735583084152,0.19735155916275096,0.18966253737718924,0.20845792396411789,0.24946604015378043,0.167876975651431,0.2225544639043144,0.21443827424177703,0.26142674070909866,0.1811191798376762,0.18966253737718924,0.1828278513455788,0.196070055531824,0.15591627509611278,0.2558735583084152,0.23280649295173003,0.16659547202050407,0.15506193934216148,0.14053823152498932,0.1345578812473302,0.12217001281503631,0.10807347287483982,0.13925672789406238,0.1345578812473302,0.10593763348996156,0.16830414352840667,0.1704399829132849,0.1661683041435284,0.12558735583084152,0.20076890217855617,0.13498504912430584,0.1379752242631354,0.139683895771038,0.16061512174284495,0.16317812900469886,0.0764630499786416,0.12985903460059803,0.12900469884664673,0.10337462622810764,0.10422896198205894,0.1836821870995301,0.14395557454079452,0.10551046561298591,0.12174284493806066,0.10038445108927808,0.1379752242631354,0.139683895771038,0.10209312259718069,0.1046561298590346,0.08415207176420333,0.06535668517727466,0.05595899188381034,0.11533532678342588,0.09269542930371637,0.11576249466040153,0.07774455360956856,0.08415207176420333,0.12558735583084152,0.08756941478000854,0.09098675779581375,0.05937633489961555,0.12985903460059803,0.1345578812473302,0.08543357539513029,0.0905595899188381,0.07176420333190944,0.10294745835113199,0.11661683041435283,0.08543357539513029,0.1371208885091841,0.1443827424177702,0.10166595472020504,0.11362665527552328,0.09013242204186245,0.11917983767620675,0.10764630499786416,0.131140538231525,0.11191798376762067,0.10123878684322939,0.06621102093122597,0.1520717642033319,0.07048269970098249,0.12430585219991457,0.11917983767620675,0.10252029047415634,0.11405382315249893,0.0730457069628364,0.09013242204186245,0.11362665527552328,0.06834686031610424,0.11832550192225545,0.09653994019649723,0.09098675779581375,0.07133703545493379,0.07902605724049551,0.10978214438274242,0.09995728321230243,0.10038445108927808,0.09611277231952157,0.10380179410508329,0.06450234942332336,0.10252029047415634,0.10123878684322939,0.07689021785561725,0.09483126868859462,0.0922682614267407,0.07133703545493379,0.08201623237932508,0.08073472874839813,0.08244340025630073,0.05083297736010252,0.07176420333190944,0.08244340025630073,0.13413071337035454,0.06023067065356685,0.05937633489961555,0.07817172148654421,0.06877402819307989,0.06450234942332336,0.0922682614267407,0.04741563434429731,0.049124305852199915,0.08287056813327638,0.05168731311405382,0.10166595472020504,0.06322084579239641,0.09312259718069202,0.05168731311405382,0.11661683041435283,0.05595899188381034,0.0598035027765912,0.08073472874839813,0.061085006407518155,0.08671507902605724,0.03545493378897907,0.08158906450234943,0.07432721059376335,0.11448099102947458,0.07176420333190944,0.08372490388722768,0.10294745835113199,0.07859888936351986,0.08073472874839813,0.0773173857325929,0.11533532678342588,0.049124305852199915,0.05595899188381034,0.07005553182400684,0.06450234942332336,0.0730457069628364,0.043571123451516446,0.06023067065356685,0.08628791114908159,0.08714224690303289,0.04997864160615122,0.08756941478000854,0.10081161896625374,0.08927808628791115,0.05211448099102947,0.07774455360956856,0.05852199914566424,0.043571123451516446,0.0888509184109355,0.07945322511747116,0.04442545920546775,0.0721913712088851,0.06834686031610424,0.05211448099102947,0.06621102093122597,0.07945322511747116,0.055531824006834686,0.07090986757795814,0.027338744126441692,0.08244340025630073,0.04826997009824861,0.14822725331055106,0.04784280222127296,0.0756087142246903,0.049551473729175566,0.042716787697565144,0.06834686031610424,0.06023067065356685,0.06791969243912858,0.07817172148654421,0.054677488252883384,0.05766766339171294,0.055531824006834686,0.04527979495941905,0.05766766339171294,0.06962836394703119,0.06236651003844511,0.074754378470739,0.037590773173857325,0.07133703545493379,0.04058094831268689,0.061512174284493806,0.03460059803502777,0.06663818880820162,0.04613413071337035,0.04613413071337035,0.06322084579239641,0.043143955574540795,0.04228961982058949,0.05809483126868859,0.05339598462195643,0.04015378043571124,0.05168731311405382,0.04442545920546775,0.05724049551473729,0.06322084579239641,0.043571123451516446,0.055104656129859035,0.05296881674498078,0.06407518154634771,0.04143528406663819,0.048697137975224264,0.05040580948312687,0.05809483126868859,0.03246475865014951,0.04613413071337035,0.03331909440410081,0.05040580948312687,0.04058094831268689,0.04058094831268689,0.055531824006834686,0.05168731311405382,0.031610422896198205,0.04015378043571124,0.07518154634771465,0.03331909440410081,0.06920119607005554,0.05296881674498078,0.0721913712088851,0.06834686031610424,0.06407518154634771,0.04613413071337035,0.05382315249893208,0.030756087142246903,0.03289192652712516,0.027338744126441692,0.04442545920546775,0.048697137975224264,0.04527979495941905,0.05040580948312687,0.05083297736010252,0.05595899188381034,0.04613413071337035,0.05254164886800513,0.048697137975224264,0.029047415634344296,0.06279367791542076,0.061085006407518155,0.05126014523707817,0.03545493378897907,0.060657838530542504,0.05211448099102947,0.0457069628363947,0.03374626228107646,0.08287056813327638,0.0299017513882956,0.03417343015805212,0.06193934216146946,0.042716787697565144,0.04527979495941905,0.0457069628363947,0.04997864160615122,0.06450234942332336,0.05254164886800513,0.04784280222127296,0.07261853908586074,0.055104656129859035,0.05852199914566424,0.03545493378897907,0.0764630499786416,0.043143955574540795,0.08842375053395984,0.0299017513882956,0.05296881674498078,0.027765912003417343,0.055104656129859035,0.03588210166595472,0.05083297736010252,0.05296881674498078,0.04058094831268689
nh0231,1.0,0.7844155844155845,0.6137291280148423,0.3647495361781076,0.6222634508348794,0.5298701298701298,0.5332096474953618,0.47680890538033394,0.4122448979591837,0.43153988868274584,0.44192949907235624,0.3666048237476809,0.2897959183673469,0.35435992578849723,0.3773654916512059,0.3602968460111317,0.2894248608534323,0.26048237476808905,0.20445269016697587,0.31131725417439704,0.26827458256029685,0.2790352504638219,0.23153988868274583,0.300556586270872,0.2953617810760668,0.2675324675324675,0.24823747680890537,0.19517625231910946,0.3098330241187384,0.21224489795918366,0.23525046382189238,0.23710575139146567,0.21706864564007422,0.19109461966604824,0.19332096474953617,0.22263450834879406,0.23821892393320965,0.21743970315398886,0.14990723562152133,0.16326530612244897,0.21150278293135436,0.20222634508348794,0.21076066790352505,0.16289424860853433,0.21298701298701297,0.16326530612244897,0.08831168831168831,0.10278293135435992,0.16326530612244897,0.1717996289424861,0.20667903525046383,0.16178107606679035,0.15918367346938775,0.125417439703154,0.15139146567717995,0.15955473098330242,0.17922077922077922,0.11614100185528757,0.13951762523191094,0.15473098330241186,0.18961038961038962,0.13877551020408163,0.14879406307977736,0.16363636363636364,0.11651205936920223,0.15695732838589982,0.12207792207792208,0.08682745825602968,0.15844155844155844,0.12022263450834879,0.1365491651205937,0.14545454545454545,0.13024118738404453,0.12430426716141002,0.12022263450834879,0.20667903525046383,0.18775510204081633,0.19369202226345084,0.15473098330241186,0.21187384044526902,0.13840445269016696,0.16883116883116883,0.17699443413729127,0.10797773654916512,0.08645640074211502,0.13432282003710574,0.1012987012987013,0.12987012987012986,0.23747680890538034,0.18701298701298702,0.08571428571428572,0.12504638218923933,0.09907235621521336,0.10649350649350649,0.09684601113172542,0.18256029684601113,0.10946196660482375,0.09239332096474953,0.11465677179962894,0.12912801484230055,0.10166975881261596,0.16326530612244897,0.11057513914656772,0.13617810760667903,0.12170686456400742,0.1280148423005566,0.13209647495361782,0.12690166975881262,0.10723562152133581,0.11131725417439703,0.09981447124304267,0.10018552875695733,0.14322820037105752,0.10166975881261596,0.14805194805194805,0.1261595547309833,0.04452690166975881,0.03450834879406308,0.07087198515769945,0.10649350649350649,0.06382189239332096,0.11539888682745826,0.10871985157699443,0.09313543599257885,0.13098330241187384,0.08311688311688312,0.11614100185528757,0.08089053803339517,0.0764378478664193,0.06753246753246753,0.0686456400742115,0.08460111317254175,0.07829313543599258,0.08274582560296846,0.18998144712430426,0.10092764378478664,0.10538033395176252,0.11243042671614101,0.12356215213358071,0.11168831168831168,0.12764378478664193,0.13506493506493505,0.09536178107606678,0.05714285714285714,0.0686456400742115,0.062708719851577,0.11539888682745826,0.09128014842300557,0.055658627087198514,0.13283858998144712,0.04192949907235621,0.07235621521335807,0.09833024118738404,0.05454545454545454,0.08274582560296846,0.11873840445269017,0.09424860853432282,0.13358070500927643,0.07346938775510205,0.06827458256029685,0.10018552875695733,0.09573283858998145,0.05974025974025974,0.05269016697588126,0.07235621521335807,0.055658627087198514,0.06159554730983302,0.13506493506493505,0.03450834879406308,0.04564007421150278,0.11317254174397032,0.09758812615955473,0.12504638218923933,0.10166975881261596,0.08905380333951762,0.06679035250463822,0.06419294990723562,0.060111317254174394,0.09350649350649351,0.08942486085343228,0.07940630797773655,0.05269016697588126,0.07235621521335807,0.08794063079777366,0.06159554730983302,0.05009276437847866,0.061224489795918366,0.055658627087198514,0.053061224489795916,0.06159554730983302,0.05454545454545454,0.07829313543599258,0.06567717996289425,0.04452690166975881,0.059369202226345084,0.0575139146567718,0.09907235621521336,0.08460111317254175,0.06419294990723562,0.04638218923933209,0.08126159554730983,0.07495361781076067,0.10612244897959183,0.06679035250463822,0.048608534322820036,0.07235621521335807,0.05825602968460111,0.07755102040816327,0.09499072356215213,0.08051948051948052,0.034137291280148425,0.07012987012987013,0.05417439703153989,0.039332096474953615,0.08163265306122448,0.07977736549165121,0.052319109461966606,0.054916512059369205,0.04638218923933209,0.08682745825602968,0.060111317254174394,0.07421150278293136,0.052319109461966606,0.04564007421150278,0.0575139146567718,0.06382189239332096,0.08089053803339517,0.09461966604823747,0.05602968460111317,0.03599257884972171,0.09573283858998145,0.09313543599257885,0.05825602968460111,0.036734693877551024,0.07087198515769945,0.06975881261595547,0.05825602968460111,0.04601113172541744,0.08014842300556586,0.047495361781076065,0.05454545454545454,0.033024118738404454,0.07050092764378478,0.07977736549165121,0.1150278293135436,0.039332096474953615,0.04044526901669759,0.07161410018552876,0.0326530612244898,0.05417439703153989,0.0022263450834879408,0.10500927643784787,0.07346938775510205,0.07940630797773655,0.053061224489795916,0.08682745825602968,0.0575139146567718,0.055658627087198514,0.056771799628942486,0.06641929499072356,0.04007421150278293,0.03821892393320965,0.04712430426716141,0.05417439703153989,0.043042671614100185,0.024860853432282004,0.06753246753246753,0.05083487940630798,0.04786641929499073,0.06679035250463822,0.054916512059369205,0.11094619666048237,0.06419294990723562,0.04897959183673469,0.06159554730983302,0.04452690166975881,0.033024118738404454,0.06345083487940631,0.07977736549165121,0.09758812615955473,0.05714285714285714,0.0575139146567718,0.041187384044526903,0.04601113172541744,0.04526901669758813,0.06085343228200371,0.06493506493506493,0.06753246753246753,0.04786641929499073,0.06233766233766234,0.05602968460111317,0.023747680890538032,0.0679035250463822,0.06753246753246753,0.07012987012987013,0.0686456400742115,0.0679035250463822,0.05602968460111317,0.03450834879406308,0.033766233766233764
nh0232,1.0,0.5863027133050016,0.5934946060804185,0.39244851258581237,0.35599869238313175,0.4094475318731612,0.4107551487414188,0.3533834586466165,0.33458646616541354,0.2927427263811703,0.2863680941484145,0.24812030075187969,0.26985943118666234,0.2489375612945407,0.2680614579928081,0.27214776070611313,0.23193854200719188,0.19467146126185028,0.2080745341614907,0.2638117031709709,0.2680614579928081,0.22278522392938868,0.18715266426936908,0.19810395554102647,0.2311212814645309,0.20464203988231447,0.20562275253350767,0.14825106243870545,0.18486433474991829,0.18878718535469108,0.18633540372670807,0.17783589408303366,0.20725727361882967,0.17669172932330826,0.15233736515201046,0.18584504740111146,0.14253023864007847,0.15740438051650865,0.16181758744687808,0.15086629617522065,0.15184700882641386,0.12618502778685844,0.14923177508989866,0.18094148414514546,0.13141549525988885,0.14171297809741745,0.16851912389669826,0.14040536122915986,0.16557698594311868,0.12504086302713305,0.14825106243870545,0.12242562929061784,0.08891794704151683,0.11376266753841124,0.11735861392611965,0.11833932657731284,0.12536776724419746,0.12716574043805165,0.15053939195815627,0.12749264465511606,0.11703170970905524,0.14203988231448186,0.13403072899640406,0.10477280156914025,0.12536776724419746,0.12487741091860086,0.10804184373978425,0.11310885910428245,0.12373324615887545,0.10542661000326904,0.11229159856162145,0.10706113108859104,0.12585812356979406,0.11376266753841124,0.11310885910428245,0.10967636482510625,0.10362863680941484,0.12455050670153645,0.12700228832951946,0.11605099705786205,0.14040536122915986,0.13272311212814644,0.13582870219025825,0.11261850277868585,0.10722458319712325,0.10755148741418764,0.11752206603465185,0.12569467146126184,0.10902255639097744,0.11294540699575024,0.09839816933638444,0.14383785550833605,0.08156260215756783,0.12030075187969924,0.08581235697940504,0.09120627656096764,0.12324288983327884,0.08940830336711343,0.14024190912062764,0.08957175547564564,0.08172605426610004,0.09921542987904544,0.10477280156914025,0.08254331480876104,0.12814645308924486,0.08711997384766264,0.08499509643674404,0.08303367113435764,0.11114743380189604,0.10183066361556065,0.10297482837528604,0.10918600849950964,0.07551487414187644,0.10608041843739784,0.10493625367767244,0.08417783589408304,0.06325596600196143,0.13174239947695326,0.10509970578620464,0.07208237986270023,0.09169663288656424,0.09136972866949984,0.12471395881006865,0.07208237986270023,0.09267734553775744,0.061294540699575024,0.06783262504086303,0.07649558679306963,0.08662961752206604,0.07567832625040863,0.09038901601830664,0.07273618829682903,0.07567832625040863,0.08237986270022883,0.07404380516508663,0.06897678980058843,0.05083360575351422,0.05916966328865642,0.07191892775416803,0.08744687806472703,0.08744687806472703,0.07175547564563584,0.07306309251389342,0.07240928407976463,0.10902255639097744,0.07044785877737823,0.08205295848316443,0.07992808107224583,0.08891794704151683,0.07077476299444263,0.05132396207911082,0.07437070938215103,0.08172605426610004,0.08319712324288983,0.08466819221967964,0.05867930696305983,0.06423667865315462,0.07682249101013403,0.08630271330500164,0.07240928407976463,0.07420725727361883,0.08385093167701864,0.06276560967636483,0.09136972866949984,0.06015037593984962,0.05786204642039882,0.06554429552141222,0.060477280156914025,0.07829355998692383,0.08156260215756783,0.04380516508662962,0.07813010787839163,0.08254331480876104,0.06260215756783262,0.04985289310232102,0.09038901601830664,0.08891794704151683,0.05099705786204642,0.056554429552141225,0.05933311539718862,0.04821837201699902,0.06587119973847663,0.06652500817260543,0.05916966328865642,0.07240928407976463,0.07338999673095783,0.06734226871526643,0.10428244524354364,0.04821837201699902,0.05639097744360902,0.05835240274599542,0.09038901601830664,0.07502451781627983,0.05328538738149722,0.04642039882314482,0.058025498528931026,0.06341941811049362,0.05393919581562602,0.05328538738149722,0.060313828048381826,0.07126511932003923,0.06309251389342922,0.07028440666884603,0.08090879372343904,0.07126511932003923,0.08172605426610004,0.06096763648251063,0.05116050997057862,0.06064073226544622,0.05606407322654462,0.07682249101013403,0.07028440666884603,0.06570774762994443,0.04723765936580582,0.045930042497548215,0.058842759071592025,0.05475645635828702,0.05835240274599542,0.04413206930369402,0.03710362863680942,0.05475645635828702,0.04674730304020922,0.06750572082379863,0.059006211180124224,0.04772801569140242,0.05410264792415822,0.06636155606407322,0.06570774762994443,0.05622752533507682,0.03988231448185681,0.046583850931677016,0.05916966328865642,0.05622752533507682,0.042661000326904217,0.05361229159856162,0.06178489702517163,0.06799607714939522,0.06096763648251063,0.049689440993788817,0.05361229159856162,0.05671788166067342,0.07714939522719844,0.03939195815626022,0.060313828048381826,0.03939195815626022,0.04854527623406342,0.045112781954887216,0.03792088917947042,0.06358287021902582,0.02811376266753841,0.07404380516508663,0.05050670153644982,0.06815952925792743,0.04102647924158222,0.04315135665250082,0.059006211180124224,0.06848643347499182,0.05639097744360902,0.07584177835894083,0.039065053939195814,0.05377574370709382,0.055083360575351424,0.04625694671461262,0.05704478587773782,0.06227525335076822,0.034161490683229816,0.05541026479241582,0.03628636809414842,0.04249754821837202,0.04543968617195162,0.06521739130434782,0.03857469761359922,0.05459300424975482,0.043641712978097415,0.05377574370709382,0.04396861719516182,0.05181431840470742,0.04462242562929062,0.055900621118012424,0.06456358287021903,0.038247793396534814,0.04805491990846682,0.041353383458646614,0.04478587773782282,0.044295521412226216,0.06734226871526643,0.04772801569140242,0.03546910755148741,0.05099705786204642,0.035632559660019616,0.03677672441974501,0.01928734880679961,0.05230467473030402,0.05753514220333442,0.04151683556717882,0.04870872834259562,0.04184373978424322,0.035959463877084014,0.037267080745341616,0.03448839490029421
nh0233,1.0,0.6018440905280805,0.49371332774518023,0.30259849119865884,0.4350377200335289,0.3964794635373009,0.4425817267393127,0.40150880134115674,0.2330259849119866,0.2749371332774518,0.3562447611064543,0.24308466051969824,0.20955574182732606,0.26487845766974016,0.28583403185247275,0.22548197820620286,0.2564962279966471,0.15004191114836546,0.16932103939647947,0.25901089689857504,0.2179379715004191,0.18524727577535624,0.11232187761944677,0.18440905280804695,0.24056999161777032,0.22380553227158423,0.14082145850796313,0.15004191114836546,0.2162615255658005,0.17435037720033528,0.3000838222967309,0.12321877619446772,0.19027661357921208,0.16512992455993294,0.1550712489522213,0.11986588432523052,0.12070410729253982,0.12824811399832356,0.14082145850796313,0.12573344509639564,0.06789606035205364,0.10896898575020955,0.13160100586756077,0.14668901927912825,0.12908633696563285,0.2514668901927913,0.07041072925398156,0.10896898575020955,0.13914501257334452,0.1374685666387259,0.26571668063704945,0.09388097233864208,0.11064543168482817,0.12489522212908634,0.11148365465213747,0.08968985750209556,0.08633696563285834,0.16429170159262363,0.11148365465213747,0.14585079631181894,0.18105616093880972,0.1357921207041073,0.15088013411567477,0.13076278290025148,0.09555741827326068,0.09304274937133278,0.10561609388097234,0.12657166806370496,0.07963118189438391,0.08633696563285834,0.06119027661357921,0.11064543168482817,0.09639564124056998,0.09555741827326068,0.07292539815590947,0.07292539815590947,0.055322715842414084,0.2154233025984912,0.11483654652137469,0.12070410729253982,0.0989103101424979,0.1165129924559933,0.10226320201173512,0.09220452640402348,0.11232187761944677,0.12908633696563285,0.08549874266554904,0.10813076278290025,0.12405699916177704,0.09639564124056998,0.13076278290025148,0.08382229673093043,0.10729253981559095,0.10980720871751885,0.08298407376362113,0.07041072925398156,0.07627829002514669,0.07879295892707461,0.09304274937133278,0.09639564124056998,0.09304274937133278,0.08046940486169321,0.12321877619446772,0.13411567476948869,0.1173512154233026,0.07795473595976529,0.15423302598491198,0.07460184409052809,0.1785414920368818,0.12070410729253982,0.08885163453478626,0.09471919530595138,0.08801341156747695,0.08885163453478626,0.1181894383906119,0.12489522212908634,0.050293378038558254,0.04358759430008382,0.11064543168482817,0.10058675607711651,0.06957250628667226,0.10896898575020955,0.10142497904442582,0.08466051969823973,0.09220452640402348,0.04526404023470243,0.06538139145012574,0.05280804694048617,0.06621961441743504,0.07795473595976529,0.07292539815590947,0.06705783738474434,0.06957250628667226,0.07795473595976529,0.054484492875104776,0.07795473595976529,0.09555741827326068,0.039396479463537304,0.06789606035205364,0.07879295892707461,0.10142497904442582,0.051969823973176864,0.09304274937133278,0.056160938809723386,0.06789606035205364,0.06957250628667226,0.08130762782900251,0.06873428331936295,0.09220452640402348,0.06538139145012574,0.0989103101424979,0.07124895222129086,0.08717518860016764,0.07376362112321877,0.07879295892707461,0.07627829002514669,0.07292539815590947,0.07208717518860017,0.056160938809723386,0.0972338642078793,0.07292539815590947,0.057837384744341996,0.08633696563285834,0.06538139145012574,0.06370494551550712,0.04107292539815591,0.05951383067896061,0.05113160100586756,0.09304274937133278,0.06202849958088852,0.05280804694048617,0.10142497904442582,0.12321877619446772,0.07795473595976529,0.04777870913663034,0.06202849958088852,0.10729253981559095,0.02933780385582565,0.054484492875104776,0.06538139145012574,0.05699916177703269,0.056160938809723386,0.07041072925398156,0.05951383067896061,0.07041072925398156,0.04442581726739313,0.0586756077116513,0.07376362112321877,0.04107292539815591,0.06202849958088852,0.06538139145012574,0.06454316848281642,0.050293378038558254,0.054484492875104776,0.03436714165968147,0.10393964794635373,0.04945515507124895,0.06957250628667226,0.06621961441743504,0.050293378038558254,0.07795473595976529,0.050293378038558254,0.05699916177703269,0.057837384744341996,0.056160938809723386,0.057837384744341996,0.038558256496227995,0.06454316848281642,0.07041072925398156,0.06621961441743504,0.050293378038558254,0.04945515507124895,0.07627829002514669,0.04694048616932104,0.09639564124056998,0.05280804694048617,0.06873428331936295,0.06035205364626991,0.10058675607711651,0.06119027661357921,0.06370494551550712,0.04694048616932104,0.05280804694048617,0.05699916177703269,0.057837384744341996,0.04694048616932104,0.041911148365465216,0.04274937133277452,0.06538139145012574,0.07460184409052809,0.04107292539815591,0.039396479463537304,0.0997485331098072,0.04107292539815591,0.040234702430846606,0.057837384744341996,0.04274937133277452,0.04777870913663034,0.04861693210393965,0.036881810561609385,0.04694048616932104,0.06286672254819782,0.038558256496227995,0.06873428331936295,0.05699916177703269,0.050293378038558254,0.05280804694048617,0.05280804694048617,0.03269069572506287,0.056160938809723386,0.013411567476948869,0.051969823973176864,0.03520536462699078,0.03269069572506287,0.02933780385582565,0.02933780385582565,0.04945515507124895,0.037720033528918694,0.04777870913663034,0.03269069572506287,0.04358759430008382,0.0586756077116513,0.04694048616932104,0.055322715842414084,0.040234702430846606,0.03269069572506287,0.04777870913663034,0.040234702430846606,0.02347024308466052,0.03436714165968147,0.05113160100586756,0.036881810561609385,0.037720033528918694,0.050293378038558254,0.04442581726739313,0.020117351215423303,0.0586756077116513,0.06202849958088852,0.05699916177703269,0.04694048616932104,0.054484492875104776,0.04694048616932104,0.07292539815590947,0.04107292539815591,0.050293378038558254,0.024308466051969825,0.04945515507124895,0.06119027661357921,0.08046940486169321,0.06789606035205364,0.06286672254819782,0.04274937133277452,0.06035205364626991,0.04777870913663034,0.04274937133277452,0.03101424979044426,0.02347024308466052,0.055322715842414084,0.07627829002514669,0.025146689019279127
nh0234,1.0,0.524671052631579,0.5449561403508771,0.43256578947368424,0.3190789473684211,0.35635964912280704,0.29221491228070173,0.24369517543859648,0.2722039473684211,0.23519736842105263,0.22971491228070176,0.24588815789473684,0.28426535087719296,0.27439692982456143,0.1962719298245614,0.24259868421052633,0.21354166666666666,0.24671052631578946,0.24013157894736842,0.22642543859649122,0.21518640350877194,0.21217105263157895,0.26014254385964913,0.19572368421052633,0.16337719298245615,0.1806469298245614,0.1611842105263158,0.17763157894736842,0.15104166666666666,0.17214912280701755,0.12856359649122806,0.15981359649122806,0.17406798245614036,0.13020833333333334,0.15707236842105263,0.18338815789473684,0.16968201754385964,0.16529605263157895,0.14172149122807018,0.14720394736842105,0.16255482456140352,0.1288377192982456,0.1049890350877193,0.15926535087719298,0.09868421052631579,0.0981359649122807,0.1600877192982456,0.12472587719298246,0.10992324561403509,0.10773026315789473,0.1006030701754386,0.15487938596491227,0.08141447368421052,0.11458333333333333,0.08854166666666667,0.14035087719298245,0.10855263157894737,0.0956688596491228,0.06551535087719298,0.12828947368421054,0.13103070175438597,0.11595394736842106,0.10471491228070176,0.12006578947368421,0.12225877192982457,0.13432017543859648,0.11074561403508772,0.13432017543859648,0.09100877192982457,0.09950657894736842,0.10005482456140351,0.12719298245614036,0.14172149122807018,0.09237938596491228,0.13020833333333334,0.10389254385964912,0.10444078947368421,0.08442982456140351,0.09402412280701754,0.10005482456140351,0.1387061403508772,0.10882675438596491,0.12088815789473684,0.08881578947368421,0.08963815789473684,0.12664473684210525,0.10307017543859649,0.09703947368421052,0.08525219298245613,0.1118421052631579,0.10224780701754387,0.10197368421052631,0.08415570175438597,0.09210526315789473,0.10581140350877193,0.11896929824561403,0.09320175438596491,0.10307017543859649,0.06990131578947369,0.07483552631578948,0.055098684210526314,0.07785087719298246,0.09676535087719298,0.07922149122807018,0.078125,0.07976973684210527,0.060032894736842105,0.07483552631578948,0.08717105263157894,0.10416666666666667,0.07976973684210527,0.09429824561403509,0.05893640350877193,0.0849780701754386,0.0644188596491228,0.06414473684210527,0.09347587719298246,0.11869517543859649,0.0712719298245614,0.08168859649122807,0.08278508771929824,0.09046052631578948,0.08744517543859649,0.06661184210526316,0.109375,0.05921052631578947,0.07428728070175439,0.0668859649122807,0.07510964912280702,0.09210526315789473,0.08141447368421052,0.06716008771929824,0.044407894736842105,0.07319078947368421,0.04961622807017544,0.04797149122807018,0.04413377192982456,0.08771929824561403,0.0693530701754386,0.07182017543859649,0.05317982456140351,0.0956688596491228,0.04797149122807018,0.0825109649122807,0.05646929824561404,0.09100877192982457,0.06277412280701754,0.04851973684210526,0.06414473684210527,0.05866228070175439,0.06853070175438597,0.0800438596491228,0.055098684210526314,0.04331140350877193,0.05263157894736842,0.0762061403508772,0.05263157894736842,0.06030701754385965,0.07264254385964912,0.07428728070175439,0.05016447368421053,0.10389254385964912,0.0693530701754386,0.07291666666666667,0.05180921052631579,0.07291666666666667,0.060581140350877194,0.06030701754385965,0.033168859649122806,0.04331140350877193,0.044407894736842105,0.07510964912280702,0.047149122807017545,0.06880482456140351,0.07099780701754387,0.06524122807017543,0.0644188596491228,0.09484649122807018,0.04413377192982456,0.05592105263157895,0.06277412280701754,0.0556469298245614,0.07538377192982457,0.06195175438596491,0.05071271929824561,0.03262061403508772,0.0400219298245614,0.06551535087719298,0.07785087719298246,0.05180921052631579,0.04577850877192982,0.04276315789473684,0.05098684210526316,0.05646929824561404,0.09155701754385964,0.048793859649122806,0.0512609649122807,0.04577850877192982,0.0381030701754386,0.04851973684210526,0.044407894736842105,0.08634868421052631,0.07291666666666667,0.05866228070175439,0.0424890350877193,0.04577850877192982,0.0400219298245614,0.060032894736842105,0.060581140350877194,0.03536184210526316,0.03234649122807018,0.038651315789473686,0.05619517543859649,0.03508771929824561,0.047697368421052634,0.04303728070175439,0.0268640350877193,0.044956140350877194,0.060581140350877194,0.03700657894736842,0.06195175438596491,0.04961622807017544,0.07785087719298246,0.04111842105263158,0.05098684210526316,0.04961622807017544,0.06332236842105263,0.05290570175438596,0.05235745614035088,0.035910087719298246,0.07017543859649122,0.06633771929824561,0.051535087719298246,0.05016447368421053,0.0556469298245614,0.05180921052631579,0.047697368421052634,0.04797149122807018,0.0424890350877193,0.04468201754385965,0.06277412280701754,0.0537280701754386,0.0649671052631579,0.0644188596491228,0.023026315789473683,0.05016447368421053,0.0424890350877193,0.038651315789473686,0.024396929824561403,0.06880482456140351,0.078125,0.04139254385964912,0.05263157894736842,0.047697368421052634,0.044407894736842105,0.03974780701754386,0.03974780701754386,0.05071271929824561,0.061677631578947366,0.04029605263157895,0.041666666666666664,0.03700657894736842,0.0537280701754386,0.048793859649122806,0.05098684210526316,0.03453947368421053,0.046052631578947366,0.034265350877192985,0.05317982456140351,0.05537280701754386,0.030975877192982455,0.0400219298245614,0.03892543859649123,0.047149122807017545,0.04029605263157895,0.07922149122807018,0.03618421052631579,0.03344298245614035,0.05098684210526316,0.0649671052631579,0.04523026315789474,0.038651315789473686,0.03453947368421053,0.030153508771929825,0.03042763157894737,0.0424890350877193,0.04194078947368421,0.034265350877192985,0.046875,0.03289473684210526,0.0512609649122807,0.03755482456140351,0.10964912280701754,0.05043859649122807,0.047697368421052634,0.05263157894736842,0.04550438596491228,0.03673245614035088,0.02823464912280702,0.03700657894736842
nh0235,1.0,0.6044617563739377,0.5424929178470255,0.4093484419263456,0.34631728045325777,0.34242209631728043,0.3636685552407932,0.3519830028328612,0.2953257790368272,0.30205382436260625,0.33179886685552407,0.27939093484419264,0.2652266288951841,0.21211048158640228,0.29107648725212465,0.2726628895184136,0.2871813031161473,0.22096317280453256,0.24893767705382436,0.22946175637393768,0.21990084985835695,0.21635977337110482,0.17528328611898017,0.2694759206798867,0.2531869688385269,0.20892351274787535,0.15545325779036828,0.1706798866855524,0.16890934844192634,0.1788243626062323,0.2071529745042493,0.10375354107648725,0.17138810198300283,0.19121813031161472,0.1558073654390935,0.12358356940509915,0.141643059490085,0.13526912181303116,0.1419971671388102,0.11791784702549575,0.10977337110481586,0.13774787535410765,0.136685552407932,0.1674929178470255,0.14695467422096317,0.13031161473087818,0.1643059490084986,0.1791784702549575,0.17138810198300283,0.11118980169971672,0.1193342776203966,0.13208215297450424,0.09596317280453258,0.1706798866855524,0.10623229461756374,0.1136685552407932,0.05311614730878187,0.1363314447592068,0.1395184135977337,0.1281869688385269,0.12429178470254958,0.12924929178470254,0.15899433427762039,0.09419263456090651,0.14093484419263455,0.11720963172804533,0.07613314447592068,0.12889518413597734,0.10729461756373938,0.09702549575070822,0.1165014164305949,0.0821529745042493,0.09525495750708216,0.10410764872521247,0.11154390934844192,0.12110481586402266,0.10021246458923513,0.09560906515580736,0.11720963172804533,0.1051699716713881,0.10906515580736544,0.11048158640226628,0.11791784702549575,0.1193342776203966,0.11048158640226628,0.1334985835694051,0.1653682719546742,0.09490084985835694,0.07294617563739376,0.10446175637393768,0.15439093484419264,0.14589235127478753,0.1193342776203966,0.1165014164305949,0.12677053824362605,0.08888101983002833,0.07896600566572239,0.11331444759206799,0.1618271954674221,0.1395184135977337,0.07861189801699717,0.1023371104815864,0.09560906515580736,0.08321529745042493,0.15970254957507082,0.10552407932011332,0.09631728045325778,0.08321529745042493,0.1476628895184136,0.10375354107648725,0.0708215297450425,0.08144475920679886,0.09915014164305949,0.08463172804532577,0.09313031161473088,0.10092067988668556,0.1136685552407932,0.11827195467422097,0.07294617563739376,0.08781869688385269,0.08002832861189801,0.0881728045325779,0.07967422096317281,0.09454674220963173,0.1051699716713881,0.06338526912181303,0.07365439093484419,0.08498583569405099,0.09773371104815864,0.09490084985835694,0.09383852691218131,0.08569405099150142,0.09525495750708216,0.07011331444759207,0.06444759206798867,0.09737960339943343,0.06515580736543909,0.05240793201133145,0.07294617563739376,0.07330028328611898,0.0825070821529745,0.07861189801699717,0.07754957507082152,0.07223796033994334,0.12960339943342777,0.07294617563739376,0.0825070821529745,0.09454674220963173,0.08321529745042493,0.08711048158640226,0.06480169971671389,0.06232294617563739,0.08923512747875353,0.07790368271954674,0.06621813031161473,0.08604815864022664,0.07471671388101983,0.08144475920679886,0.07754957507082152,0.11118980169971672,0.1048158640226629,0.060906515580736544,0.08286118980169972,0.07896600566572239,0.06621813031161473,0.061260623229461755,0.07188385269121814,0.06409348441926345,0.1391643059490085,0.06905099150141643,0.07152974504249292,0.08781869688385269,0.11508498583569406,0.07400849858356941,0.043909348441926344,0.08073654390934844,0.0853399433427762,0.04461756373937677,0.06409348441926345,0.08923512747875353,0.07542492917847025,0.07719546742209632,0.07754957507082152,0.06444759206798867,0.08604815864022664,0.06480169971671389,0.05736543909348442,0.09029745042492918,0.06692634560906516,0.07790368271954674,0.0764872521246459,0.058781869688385266,0.06975920679886685,0.04320113314447592,0.04992917847025496,0.06161473087818697,0.07046742209631728,0.056303116147308784,0.08356940509915015,0.07436260623229461,0.06728045325779036,0.06728045325779036,0.08356940509915015,0.051345609065155805,0.06763456090651558,0.11437677053824363,0.04815864022662889,0.09808781869688385,0.04603399433427762,0.056303116147308784,0.03293201133144476,0.07896600566572239,0.08852691218130311,0.07152974504249292,0.07436260623229461,0.060906515580736544,0.05240793201133145,0.07577903682719547,0.07365439093484419,0.06338526912181303,0.04567988668555241,0.05311614730878187,0.051345609065155805,0.049575070821529746,0.06480169971671389,0.07188385269121814,0.05028328611898017,0.07471671388101983,0.07613314447592068,0.06444759206798867,0.032577903682719546,0.04178470254957507,0.07046742209631728,0.05736543909348442,0.056303116147308784,0.056303116147308784,0.049220963172804534,0.058427762039660054,0.06586402266288952,0.04355524079320113,0.04992917847025496,0.05311614730878187,0.04780453257790368,0.04780453257790368,0.05771954674220963,0.03647308781869688,0.07471671388101983,0.04567988668555241,0.056303116147308784,0.11508498583569406,0.06975920679886685,0.049575070821529746,0.06196883852691218,0.04107648725212465,0.07294617563739376,0.02762039660056657,0.05276203966005666,0.03895184135977337,0.061260623229461755,0.04178470254957507,0.05311614730878187,0.05771954674220963,0.06019830028328612,0.04567988668555241,0.036827195467422094,0.04320113314447592,0.0768413597733711,0.04143059490084986,0.047096317280453256,0.046742209631728045,0.11402266288951841,0.058427762039660054,0.047096317280453256,0.05276203966005666,0.03647308781869688,0.024787535410764873,0.04638810198300283,0.04815864022662889,0.046742209631728045,0.051699716713881017,0.06055240793201133,0.05311614730878187,0.07046742209631728,0.05099150141643059,0.04567988668555241,0.07577903682719547,0.06161473087818697,0.04886685552407932,0.053824362606232294,0.10764872521246459,0.04107648725212465,0.06621813031161473,0.051699716713881017,0.052053824362606235,0.037535410764872525,0.05028328611898017,0.030453257790368272,0.04851274787535411,0.059135977337110485,0.029390934844192633
nh0236,1.0,0.6708275543226999,0.6458622283865002,0.5131761442441054,0.26999537679149327,0.42071197411003236,0.41932501155802127,0.3841886269070735,0.31484049930651875,0.3065187239944521,0.24641701340730468,0.22237632917244568,0.31853906611188165,0.26629680998613037,0.2912621359223301,0.2630605640314378,0.20943134535367544,0.2602866389274156,0.2473416551086454,0.24549237170596394,0.2302357836338419,0.22468793342579751,0.2778548312528895,0.21590383726306056,0.18862690707350901,0.17660656495607951,0.2182154415164124,0.19093851132686085,0.14609338881183542,0.2020342117429496,0.19047619047619047,0.24641701340730468,0.18169209431345354,0.18631530282015718,0.19926028663892742,0.13592233009708737,0.1608876560332871,0.1410078594544614,0.15349052242256125,0.15071659731853906,0.13268608414239483,0.1516412390198798,0.12528895053166897,0.13314840499306518,0.15903837263060563,0.12205270457697642,0.2815533980582524,0.14331946370781323,0.12205270457697642,0.11650485436893204,0.1289875173370319,0.1262135922330097,0.09847434119278779,0.15811373092926492,0.1396208969024503,0.15996301433194637,0.18631530282015718,0.17891816920943135,0.11881645862228386,0.12482662968099861,0.12159038372630605,0.10633379565418401,0.11280628756356911,0.13915857605177995,0.11049468331021729,0.1183541377716135,0.13638465094775776,0.15765141007859454,0.1211280628756357,0.11789181692094314,0.12343966712898752,0.12575127138233935,0.10263522884882108,0.12390198797965789,0.12343966712898752,0.12528895053166897,0.10633379565418401,0.10818307905686546,0.12667591308368006,0.07905686546463246,0.11373092926490985,0.09801202034211742,0.09847434119278779,0.21312991215903837,0.11604253351826167,0.13361072584373554,0.13546000924641702,0.09754969949144707,0.0892279241793805,0.07350901525658807,0.11141932501155802,0.10679611650485436,0.09061488673139159,0.12020342117429496,0.11974110032362459,0.08552935737401757,0.13314840499306518,0.09292649098474341,0.0957004160887656,0.10355987055016182,0.07165973185390662,0.0744336569579288,0.10078594544613963,0.08321775312066575,0.07766990291262135,0.08552935737401757,0.10725843735552473,0.09200184928340269,0.07489597780859916,0.0850670365233472,0.07535829865926953,0.0836800739713361,0.09939898289412853,0.08784096162736939,0.07027276930189552,0.11373092926490985,0.07165973185390662,0.21312991215903837,0.1317614424410541,0.077207582061951,0.10402219140083217,0.0638002773925104,0.0744336569579288,0.07951918631530282,0.06888580674988443,0.08136846971798428,0.052704576976421634,0.08830328247803976,0.09523809523809523,0.11604253351826167,0.0850670365233472,0.08183079056865465,0.08599167822468794,0.08737864077669903,0.08784096162736939,0.07998150716597319,0.04946833102172908,0.06426259824318077,0.0744336569579288,0.0836800739713361,0.0744336569579288,0.05825242718446602,0.06934812760055478,0.0892279241793805,0.09061488673139159,0.06010171058714748,0.08229311141932501,0.08229311141932501,0.1211280628756357,0.06657420249653259,0.13361072584373554,0.06611188164586222,0.056865464632454926,0.09292649098474341,0.09107720758206195,0.0744336569579288,0.06981044845122515,0.0638002773925104,0.07998150716597319,0.06564956079519187,0.12297734627831715,0.0850670365233472,0.06564956079519187,0.056865464632454926,0.0651872399445215,0.0638002773925104,0.053629218677762366,0.07813222376329172,0.13222376329172444,0.1701340730466944,0.05917706888580675,0.09107720758206195,0.056865464632454926,0.06056403143781785,0.08136846971798428,0.06611188164586222,0.059639389736477116,0.06888580674988443,0.0651872399445215,0.050855293573740176,0.05547850208044383,0.056865464632454926,0.04669440591770689,0.07119741100323625,0.09061488673139159,0.16689782709200185,0.07119741100323625,0.06842348589921406,0.08414239482200647,0.07027276930189552,0.08136846971798428,0.06333795654184003,0.08691631992602866,0.0970873786407767,0.06611188164586222,0.08136846971798428,0.06241331484049931,0.049930651872399444,0.08691631992602866,0.061488673139158574,0.06056403143781785,0.04669440591770689,0.048081368469717986,0.032362459546925564,0.05547850208044383,0.08090614886731391,0.09153952843273232,0.08414239482200647,0.08321775312066575,0.07535829865926953,0.12667591308368006,0.07859454461396209,0.07212205270457697,0.0744336569579288,0.06010171058714748,0.05547850208044383,0.0758206195099399,0.05409153952843273,0.07766990291262135,0.039297272306981046,0.05917706888580675,0.05825242718446602,0.06796116504854369,0.055940822931114194,0.05779010633379565,0.04946833102172908,0.053166897827092004,0.04345815996301433,0.04623208506703652,0.06657420249653259,0.04623208506703652,0.039297272306981046,0.06703652334720296,0.052704576976421634,0.044845122515025426,0.05177993527508091,0.036061026352288486,0.050855293573740176,0.03513638465094776,0.04946833102172908,0.048081368469717986,0.04900601017105871,0.036061026352288486,0.06102635228848821,0.04022191400832178,0.07628294036061026,0.044382801664355064,0.07859454461396209,0.15672676837725383,0.08737864077669903,0.16689782709200185,0.05547850208044383,0.04345815996301433,0.04022191400832178,0.05501618122977346,0.03559870550161812,0.05177993527508091,0.036061026352288486,0.06056403143781785,0.036523347202958856,0.06611188164586222,0.050855293573740176,0.06934812760055478,0.05224225612575127,0.059639389736477116,0.033287101248266296,0.03467406380027739,0.0545538603791031,0.045307443365695796,0.038372630605640314,0.061950993989828944,0.044845122515025426,0.05547850208044383,0.03005085529357374,0.04068423485899214,0.0545538603791031,0.05547850208044383,0.048081368469717986,0.053629218677762366,0.050392972723069814,0.058714748035136384,0.04068423485899214,0.08275543226999538,0.05640314378178456,0.06287563569116968,0.05547850208044383,0.050392972723069814,0.04576976421636616,0.03513638465094776,0.059639389736477116,0.048081368469717986,0.04160887656033287,0.043920480813684694,0.05409153952843273,0.053166897827092004,0.059639389736477116,0.03374942209893666,0.053629218677762366,0.058714748035136384,0.04345815996301433
nh0237,1.0,0.45664928292046936,0.3790743155149935,0.32366362451108216,0.2151238591916558,0.2793350717079531,0.18741851368970014,0.25717079530638853,0.19784876140808344,0.24119947848761408,0.14439374185136897,0.19654498044328553,0.20404172099087353,0.19361147327249023,0.18481095176010431,0.17764015645371578,0.18089960886571055,0.17209908735332463,0.17177314211212516,0.1271186440677966,0.16720990873533245,0.20827900912646674,0.15514993481095177,0.15710560625814862,0.12679269882659713,0.15743155149934812,0.14993481095176012,0.17079530638852672,0.10267275097783572,0.13624511082138202,0.13396349413298567,0.15058670143415906,0.1424380704041721,0.1150586701434159,0.13689700130378096,0.12874837027379402,0.11440677966101695,0.13624511082138202,0.1075619295958279,0.11897001303780964,0.11245110821382008,0.09322033898305085,0.09615384615384616,0.11831812255541069,0.09810951760104303,0.07822685788787484,0.2317470664928292,0.11277705345501955,0.0726857887874837,0.0651890482398957,0.06747066492829204,0.09256844850065189,0.09876140808344198,0.08279009126466753,0.09485006518904825,0.08735332464146023,0.10136897001303781,0.11440677966101695,0.06877444589308997,0.10723598435462842,0.06681877444589308,0.08930899608865711,0.07366362451108213,0.06290743155149935,0.09028683181225554,0.07594524119947849,0.09876140808344198,0.12255541069100391,0.07594524119947849,0.07464146023468057,0.09256844850065189,0.07561929595827901,0.07235984354628422,0.0772490221642764,0.06942633637548892,0.0726857887874837,0.0984354628422425,0.05834419817470665,0.07235984354628422,0.05508474576271186,0.07203389830508475,0.06290743155149935,0.07235984354628422,0.10462842242503259,0.0938722294654498,0.07594524119947849,0.06844850065189048,0.0710560625814863,0.04432855280312908,0.06942633637548892,0.06388526727509779,0.049869621903520206,0.06844850065189048,0.07920469361147327,0.09191655801825294,0.07333767926988266,0.04921773142112125,0.07431551499348109,0.053129074315514994,0.046284224250325946,0.07594524119947849,0.07953063885267275,0.08116036505867015,0.050195567144719684,0.054758800521512385,0.10071707953063885,0.046610169491525424,0.0863754889178618,0.05834419817470665,0.06029986962190352,0.06388526727509779,0.06681877444589308,0.05899608865710561,0.06779661016949153,0.04530638852672751,0.06388526727509779,0.06388526727509779,0.1877444589308996,0.07757496740547588,0.05182529335071708,0.06812255541069101,0.046284224250325946,0.06942633637548892,0.05834419817470665,0.059322033898305086,0.05052151238591916,0.05084745762711865,0.061277705345501955,0.05410691003911343,0.04954367666232073,0.06942633637548892,0.0788787483702738,0.04106910039113429,0.056714471968709254,0.059647979139504564,0.07040417209908735,0.0394393741851369,0.046610169491525424,0.051173402868318126,0.051173402868318126,0.044980443285528034,0.03585397653194263,0.04139504563233377,0.06812255541069101,0.05573663624511082,0.05410691003911343,0.04856584093872229,0.04432855280312908,0.060625814863103,0.044654498044328556,0.07855280312907431,0.05215123859191656,0.050195567144719684,0.050195567144719684,0.04595827900912647,0.06095176010430248,0.04302477183833116,0.038461538461538464,0.05443285528031291,0.039765319426336376,0.03748370273794003,0.04074315514993481,0.051499348109517604,0.043350717079530636,0.04563233376792699,0.061277705345501955,0.03911342894393742,0.04726205997392438,0.07757496740547588,0.07757496740547588,0.03585397653194263,0.03911342894393742,0.04204693611473272,0.03259452411994785,0.03617992177314211,0.054758800521512385,0.03911342894393742,0.06095176010430248,0.031942633637548894,0.029009126466753587,0.044654498044328556,0.051499348109517604,0.046284224250325946,0.052803129074315516,0.03748370273794003,0.07953063885267275,0.03389830508474576,0.04921773142112125,0.059322033898305086,0.04921773142112125,0.06453715775749674,0.0303129074315515,0.07235984354628422,0.05508474576271186,0.049869621903520206,0.052803129074315516,0.03780964797913951,0.04856584093872229,0.0303129074315515,0.0440026075619296,0.03552803129074315,0.04921773142112125,0.04921773142112125,0.02998696219035202,0.0440026075619296,0.044654498044328556,0.0469361147327249,0.028683181225554105,0.04921773142112125,0.043350717079530636,0.05378096479791395,0.036831812255541066,0.061277705345501955,0.03292046936114733,0.0469361147327249,0.039765319426336376,0.033572359843546284,0.03878748370273794,0.03552803129074315,0.027053455019556714,0.04563233376792699,0.040091264667535854,0.04074315514993481,0.04106910039113429,0.051499348109517604,0.04204693611473272,0.03780964797913951,0.03422425032594524,0.04204693611473272,0.035202086049543675,0.03292046936114733,0.030964797913950456,0.030964797913950456,0.02803129074315515,0.03552803129074315,0.050195567144719684,0.04074315514993481,0.03748370273794003,0.031942633637548894,0.03389830508474576,0.04432855280312908,0.046610169491525424,0.03259452411994785,0.03552803129074315,0.027053455019556714,0.03911342894393742,0.03422425032594524,0.02998696219035202,0.06910039113428944,0.025097783572359842,0.1558018252933507,0.026401564537157758,0.0394393741851369,0.03552803129074315,0.035202086049543675,0.024771838331160364,0.03389830508474576,0.03389830508474576,0.03389830508474576,0.038461538461538464,0.043676662320730114,0.037157757496740544,0.03650586701434159,0.0348761408083442,0.03748370273794003,0.03422425032594524,0.031616688396349416,0.05345501955671447,0.03878748370273794,0.03422425032594524,0.031942633637548894,0.037157757496740544,0.04269882659713168,0.03748370273794003,0.031942633637548894,0.038135593220338986,0.046284224250325946,0.026727509778357236,0.03226857887874837,0.03650586701434159,0.031616688396349416,0.025097783572359842,0.036831812255541066,0.046610169491525424,0.024119947848761408,0.024119947848761408,0.029009126466753587,0.027379400260756193,0.03259452411994785,0.036831812255541066,0.02998696219035202,0.0651890482398957,0.01955671447196871,0.03455019556714472,0.02216427640156454,0.02998696219035202,0.04432855280312908,0.028357235984354627,0.02216427640156454,0.029661016949152543
nh0238,1.0,0.5152838427947598,0.4822901504124212,0.5016982047549733,0.29694323144104806,0.27704997573993206,0.2799611838913149,0.2964580300824842,0.18583212032993693,0.245026686074721,0.2445414847161572,0.21737020863658418,0.28093158660844253,0.24163027656477437,0.21688500727802038,0.21445900048520136,0.24939349830179525,0.22610383309073265,0.20863658418243572,0.17855409995147986,0.15477923338185348,0.14944201843765162,0.26200873362445415,0.17321688500727803,0.15574963609898107,0.20184376516254246,0.13973799126637554,0.18922852983988356,0.12663755458515283,0.15235322658903444,0.16108685104318293,0.10577389616690927,0.1576904415332363,0.16739446870451238,0.1567200388161087,0.13294517224648228,0.12760795730228044,0.1470160116448326,0.12421154779233382,0.13003396409509946,0.12809315866084425,0.16885007278020378,0.10819990295972828,0.12518195050946143,0.11062590975254731,0.13682678311499272,0.1227559437166424,0.13294517224648228,0.11450752062105773,0.14556040756914118,0.09267345948568656,0.15574963609898107,0.056283357593401265,0.1227559437166424,0.10819990295972828,0.12663755458515283,0.060164968461911696,0.13682678311499272,0.059194565744784086,0.10334788937409024,0.12954876273653565,0.06550218340611354,0.1363415817564289,0.1470160116448326,0.11159631246967491,0.09364386220281416,0.13537117903930132,0.15283842794759825,0.08345463367297429,0.1576904415332363,0.13100436681222707,0.12469674915089762,0.0975254730713246,0.11741872877244056,0.10625909752547306,0.08199902959728288,0.10092188258127123,0.09704027171276079,0.11305191654536632,0.08296943231441048,0.10286268801552645,0.08782144590004852,0.09509946627850557,0.11547792333818535,0.08830664725861233,0.1096555070354197,0.1096555070354197,0.08830664725861233,0.08345463367297429,0.06744298884036876,0.07908782144590004,0.0853954391072295,0.0732654051431344,0.06744298884036876,0.09704027171276079,0.07375060650169821,0.06356137797185832,0.08102862688015526,0.055312954876273655,0.08345463367297429,0.041242115477923336,0.07035419699175158,0.09315866084425037,0.09704027171276079,0.09509946627850557,0.07035419699175158,0.08830664725861233,0.09509946627850557,0.0606501698204755,0.06501698204754973,0.06501698204754973,0.05822416302765648,0.10674429888403687,0.061620572537603106,0.08248423095584667,0.07180980106744299,0.09170305676855896,0.042212518195050945,0.08199902959728288,0.10334788937409024,0.08976225133430374,0.06453178068898593,0.06647258612324114,0.08879184861717612,0.07375060650169821,0.10480349344978165,0.07375060650169821,0.07666181465308103,0.06938379427462397,0.08830664725861233,0.05822416302765648,0.08830664725861233,0.08830664725861233,0.06938379427462397,0.048034934497816595,0.09121785540999515,0.08442503639010189,0.048034934497816595,0.044638524987869965,0.08345463367297429,0.07278020378457059,0.0606501698204755,0.09024745269286755,0.08345463367297429,0.054342552159146046,0.09073265405143134,0.07520621057738962,0.06356137797185832,0.056768558951965066,0.0606501698204755,0.09024745269286755,0.07617661329451722,0.055312954876273655,0.06404657933042213,0.06453178068898593,0.041727316836487144,0.033478893740902474,0.06647258612324114,0.06259097525473072,0.08005822416302766,0.08782144590004852,0.06501698204754973,0.10334788937409024,0.06550218340611354,0.050946142649199416,0.06647258612324114,0.0606501698204755,0.054342552159146046,0.03299369238233867,0.06598738476467735,0.05870936438622028,0.07180980106744299,0.06744298884036876,0.041242115477923336,0.05967976710334789,0.056768558951965066,0.06404657933042213,0.07423580786026202,0.06356137797185832,0.07569141193595343,0.049005337214944204,0.052886948083454635,0.047064531780688985,0.045608927704997575,0.07472100921882581,0.06792819019893255,0.05482775351770985,0.030082484230955848,0.0732654051431344,0.040756914119359534,0.08151382823871907,0.04027171276079573,0.036390101892285295,0.05822416302765648,0.06889859291606017,0.06453178068898593,0.07811741872877244,0.061620572537603106,0.059194565744784086,0.05725376031052887,0.05579815623483746,0.07083939835031539,0.034934497816593885,0.06550218340611354,0.0606501698204755,0.050946142649199416,0.03056768558951965,0.06453178068898593,0.027171276079573023,0.04997573993207181,0.08782144590004852,0.045608927704997575,0.041727316836487144,0.06841339155749636,0.050946142649199416,0.050460941290635615,0.07278020378457059,0.05240174672489083,0.054342552159146046,0.05240174672489083,0.05822416302765648,0.043182920912178555,0.06695778748180495,0.057738961669092675,0.061620572537603106,0.03784570596797671,0.056283357593401265,0.06210577389616691,0.057738961669092675,0.06259097525473072,0.04754973313925279,0.041727316836487144,0.05967976710334789,0.050946142649199416,0.036875303250849104,0.04027171276079573,0.041242115477923336,0.051431344007763224,0.042212518195050945,0.036390101892285295,0.042212518195050945,0.053372149442018436,0.048034934497816595,0.05482775351770985,0.04269771955361475,0.035904900533721494,0.052886948083454635,0.05579815623483746,0.052886948083454635,0.046579330422125184,0.008733624454148471,0.038330907326540514,0.049005337214944204,0.033964095099466275,0.038330907326540514,0.04027171276079573,0.050460941290635615,0.039786511402231925,0.03056768558951965,0.024260067928190198,0.049490538573508006,0.029597282872392043,0.046094129063561376,0.049490538573508006,0.050460941290635615,0.039786511402231925,0.04754973313925279,0.05240174672489083,0.033478893740902474,0.043182920912178555,0.045608927704997575,0.042212518195050945,0.038816108685104316,0.03202328966521106,0.018437651625424552,0.056283357593401265,0.04754973313925279,0.050946142649199416,0.033964095099466275,0.041727316836487144,0.045608927704997575,0.04027171276079573,0.033964095099466275,0.041242115477923336,0.03541969917515769,0.03153808830664726,0.040756914119359534,0.036875303250849104,0.051916545366327026,0.03056768558951965,0.04997573993207181,0.033478893740902474,0.10383309073265405,0.02911208151382824,0.040756914119359534,0.031052886948083454,0.025715672003881612,0.031052886948083454,0.049005337214944204,0.07860262008733625
nh0239,1.0,0.620754716981132,0.5150943396226415,0.47924528301886793,0.41509433962264153,0.3915094339622642,0.3160377358490566,0.27641509433962264,0.30471698113207546,0.310377358490566,0.3471698113207547,0.3132075471698113,0.2679245283018868,0.3141509433962264,0.2518867924528302,0.26037735849056604,0.2820754716981132,0.27641509433962264,0.24433962264150944,0.22641509433962265,0.2518867924528302,0.24056603773584906,0.19056603773584907,0.25660377358490566,0.19716981132075473,0.17075471698113207,0.15377358490566037,0.20849056603773586,0.2018867924528302,0.1820754716981132,0.11037735849056604,0.1179245283018868,0.16226415094339622,0.19905660377358492,0.1311320754716981,0.19716981132075473,0.18490566037735848,0.1877358490566038,0.15471698113207547,0.15283018867924528,0.19339622641509435,0.16226415094339622,0.14150943396226415,0.11509433962264151,0.10283018867924529,0.0669811320754717,0.180188679245283,0.14056603773584905,0.11037735849056604,0.10471698113207548,0.10377358490566038,0.1349056603773585,0.14528301886792452,0.1339622641509434,0.18584905660377357,0.10471698113207548,0.07641509433962264,0.1169811320754717,0.17547169811320754,0.12735849056603774,0.10943396226415095,0.11509433962264151,0.15943396226415094,0.12452830188679245,0.1339622641509434,0.15943396226415094,0.1009433962264151,0.1311320754716981,0.11226415094339623,0.08679245283018867,0.13584905660377358,0.16037735849056603,0.17075471698113207,0.1018867924528302,0.16037735849056603,0.14245283018867924,0.14528301886792452,0.1018867924528302,0.10471698113207548,0.13018867924528302,0.1179245283018868,0.1632075471698113,0.13962264150943396,0.09150943396226414,0.1169811320754717,0.09339622641509433,0.1349056603773585,0.10754716981132076,0.11132075471698114,0.12830188679245283,0.10283018867924529,0.12264150943396226,0.06415094339622641,0.09056603773584905,0.14433962264150943,0.1650943396226415,0.07264150943396226,0.09245283018867924,0.07735849056603773,0.06981132075471698,0.11037735849056604,0.07547169811320754,0.1009433962264151,0.09811320754716982,0.09716981132075472,0.11320754716981132,0.06792452830188679,0.10471698113207548,0.10471698113207548,0.10754716981132076,0.10566037735849057,0.05849056603773585,0.10660377358490566,0.1018867924528302,0.09339622641509433,0.09622641509433963,0.08018867924528301,0.11981132075471698,0.07075471698113207,0.06792452830188679,0.07641509433962264,0.09528301886792453,0.09245283018867924,0.08490566037735849,0.09339622641509433,0.09528301886792453,0.07358490566037736,0.06792452830188679,0.06037735849056604,0.05849056603773585,0.07547169811320754,0.07075471698113207,0.07075471698113207,0.10377358490566038,0.10471698113207548,0.0830188679245283,0.0830188679245283,0.08113207547169811,0.09339622641509433,0.09811320754716982,0.057547169811320756,0.11037735849056604,0.07075471698113207,0.07452830188679245,0.059433962264150944,0.08018867924528301,0.08584905660377358,0.0669811320754717,0.05377358490566038,0.07830188679245283,0.06415094339622641,0.11226415094339623,0.1009433962264151,0.06037735849056604,0.08396226415094339,0.05377358490566038,0.08679245283018867,0.07547169811320754,0.08867924528301886,0.0830188679245283,0.08490566037735849,0.09716981132075472,0.08773584905660377,0.0820754716981132,0.07358490566037736,0.0820754716981132,0.09056603773584905,0.09811320754716982,0.08490566037735849,0.1820754716981132,0.0660377358490566,0.09716981132075472,0.05377358490566038,0.0660377358490566,0.0830188679245283,0.06037735849056604,0.05471698113207547,0.059433962264150944,0.045283018867924525,0.07358490566037736,0.04905660377358491,0.06792452830188679,0.09150943396226414,0.07075471698113207,0.05377358490566038,0.180188679245283,0.08679245283018867,0.06037735849056604,0.06981132075471698,0.0820754716981132,0.05660377358490566,0.04433962264150943,0.11132075471698114,0.04905660377358491,0.05660377358490566,0.03490566037735849,0.06509433962264151,0.06320754716981132,0.02830188679245283,0.07641509433962264,0.062264150943396226,0.06509433962264151,0.09056603773584905,0.06037735849056604,0.05,0.08113207547169811,0.06509433962264151,0.048113207547169815,0.07830188679245283,0.048113207547169815,0.07452830188679245,0.05849056603773585,0.05377358490566038,0.03773584905660377,0.08113207547169811,0.04622641509433962,0.04716981132075472,0.06132075471698113,0.0669811320754717,0.06037735849056604,0.07264150943396226,0.05377358490566038,0.0820754716981132,0.04245283018867924,0.06415094339622641,0.0820754716981132,0.0820754716981132,0.05377358490566038,0.06415094339622641,0.031132075471698113,0.052830188679245285,0.09716981132075472,0.057547169811320756,0.033962264150943396,0.06886792452830189,0.07547169811320754,0.07169811320754717,0.05377358490566038,0.05188679245283019,0.059433962264150944,0.06981132075471698,0.07264150943396226,0.05377358490566038,0.08396226415094339,0.05660377358490566,0.05188679245283019,0.040566037735849055,0.05,0.16886792452830188,0.033962264150943396,0.07924528301886792,0.07075471698113207,0.10377358490566038,0.07830188679245283,0.09528301886792453,0.06886792452830189,0.045283018867924525,0.04622641509433962,0.08679245283018867,0.05849056603773585,0.05,0.04433962264150943,0.05377358490566038,0.07358490566037736,0.05,0.03962264150943396,0.05,0.052830188679245285,0.0669811320754717,0.062264150943396226,0.04716981132075472,0.05377358490566038,0.040566037735849055,0.06132075471698113,0.04245283018867924,0.05471698113207547,0.04339622641509434,0.048113207547169815,0.04150943396226415,0.06792452830188679,0.07358490566037736,0.05849056603773585,0.03207547169811321,0.04716981132075472,0.026415094339622643,0.06132075471698113,0.04716981132075472,0.03962264150943396,0.05566037735849057,0.02547169811320755,0.0330188679245283,0.04150943396226415,0.040566037735849055,0.05471698113207547,0.06320754716981132,0.03773584905660377,0.05849056603773585,0.038679245283018866,0.027358490566037737,0.05849056603773585
nh0240,1.0,0.6829608938547486,0.5614525139664804,0.37011173184357543,0.5837988826815642,0.43435754189944137,0.8254189944134078,0.4273743016759777,0.3407821229050279,0.329608938547486,0.3756983240223464,0.26256983240223464,0.27932960893854747,0.2946927374301676,0.32821229050279327,0.27932960893854747,0.35335195530726254,0.34497206703910616,0.2527932960893855,0.2541899441340782,0.31843575418994413,0.30027932960893855,0.2541899441340782,0.20251396648044692,0.19553072625698323,0.2011173184357542,0.16620111731843576,0.12290502793296089,0.2541899441340782,0.2751396648044693,0.2988826815642458,0.15223463687150837,0.17318435754189945,0.15921787709497207,0.2011173184357542,0.1717877094972067,0.1634078212290503,0.19273743016759776,0.15502793296089384,0.10893854748603352,0.12430167597765363,0.23324022346368714,0.11871508379888268,0.1424581005586592,0.15363128491620112,0.20670391061452514,0.09916201117318436,0.09217877094972067,0.17458100558659218,0.2206703910614525,0.2053072625698324,0.1452513966480447,0.17318435754189945,0.16620111731843576,0.10474860335195531,0.13547486033519554,0.11312849162011174,0.14804469273743018,0.1340782122905028,0.11592178770949721,0.2122905027932961,0.1871508379888268,0.16061452513966482,0.11592178770949721,0.08798882681564246,0.15083798882681565,0.10195530726256984,0.08519553072625698,0.12011173184357542,0.10754189944134078,0.08100558659217877,0.1005586592178771,0.09916201117318436,0.08798882681564246,0.10474860335195531,0.19273743016759776,0.09776536312849161,0.19972067039106145,0.07402234636871509,0.12150837988826815,0.10474860335195531,0.11033519553072625,0.12430167597765363,0.12150837988826815,0.1452513966480447,0.1005586592178771,0.08798882681564246,0.1717877094972067,0.24162011173184358,0.11033519553072625,0.11871508379888268,0.11871508379888268,0.10754189944134078,0.12988826815642457,0.0712290502793296,0.0824022346368715,0.17737430167597765,0.09776536312849161,0.07262569832402235,0.06564245810055866,0.12569832402234637,0.13128491620111732,0.15502793296089384,0.13128491620111732,0.12849162011173185,0.11871508379888268,0.1270949720670391,0.06284916201117319,0.11033519553072625,0.15782122905027932,0.13128491620111732,0.06424581005586592,0.034916201117318434,0.07262569832402235,0.11592178770949721,0.05307262569832402,0.0893854748603352,0.0335195530726257,0.10893854748603352,0.12011173184357542,0.051675977653631286,0.13547486033519554,0.07402234636871509,0.10474860335195531,0.09916201117318436,0.11173184357541899,0.06843575418994413,0.06983240223463687,0.07960893854748603,0.06284916201117319,0.12011173184357542,0.061452513966480445,0.17737430167597765,0.06005586592178771,0.08798882681564246,0.06983240223463687,0.03770949720670391,0.0893854748603352,0.0893854748603352,0.07402234636871509,0.06983240223463687,0.09916201117318436,0.07541899441340782,0.0670391061452514,0.07262569832402235,0.08100558659217877,0.0782122905027933,0.0670391061452514,0.0782122905027933,0.11731843575418995,0.0782122905027933,0.06564245810055866,0.05446927374301676,0.06005586592178771,0.0782122905027933,0.04888268156424581,0.09217877094972067,0.11033519553072625,0.06843575418994413,0.07262569832402235,0.04329608938547486,0.08100558659217877,0.06005586592178771,0.0824022346368715,0.07262569832402235,0.03770949720670391,0.08798882681564246,0.05027932960893855,0.07681564245810056,0.04189944134078212,0.0824022346368715,0.18435754189944134,0.12430167597765363,0.2276536312849162,0.1005586592178771,0.11871508379888268,0.07402234636871509,0.0670391061452514,0.05027932960893855,0.11033519553072625,0.07541899441340782,0.06983240223463687,0.051675977653631286,0.05446927374301676,0.04888268156424581,0.015363128491620111,0.04888268156424581,0.04888268156424581,0.04189944134078212,0.05726256983240224,0.0446927374301676,0.10195530726256984,0.06564245810055866,0.06564245810055866,0.07262569832402235,0.12290502793296089,0.06284916201117319,0.06843575418994413,0.09916201117318436,0.06983240223463687,0.09497206703910614,0.12290502793296089,0.06564245810055866,0.08659217877094973,0.10754189944134078,0.06284916201117319,0.06005586592178771,0.0935754189944134,0.04748603351955307,0.03770949720670391,0.01675977653631285,0.05027932960893855,0.09776536312849161,0.061452513966480445,0.04189944134078212,0.06843575418994413,0.11871508379888268,0.03212290502793296,0.07402234636871509,0.055865921787709494,0.019553072625698324,0.046089385474860335,0.06005586592178771,0.05726256983240224,0.025139664804469275,0.04189944134078212,0.06284916201117319,0.06983240223463687,0.04189944134078212,0.06564245810055866,0.05307262569832402,0.12988826815642457,0.07541899441340782,0.0782122905027933,0.04888268156424581,0.0446927374301676,0.06005586592178771,0.08100558659217877,0.06983240223463687,0.0446927374301676,0.0782122905027933,0.03910614525139665,0.055865921787709494,0.05865921787709497,0.07681564245810056,0.07960893854748603,0.06005586592178771,0.055865921787709494,0.009776536312849162,0.06564245810055866,0.012569832402234637,0.034916201117318434,0.025139664804469275,0.04329608938547486,0.0782122905027933,0.046089385474860335,0.08519553072625698,0.05307262569832402,0.06424581005586592,0.0712290502793296,0.06843575418994413,0.04189944134078212,0.029329608938547486,0.07541899441340782,0.0335195530726257,0.06284916201117319,0.05865921787709497,0.03910614525139665,0.0335195530726257,0.040502793296089384,0.05307262569832402,0.02653631284916201,0.061452513966480445,0.01675977653631285,0.05027932960893855,0.07541899441340782,0.03212290502793296,0.07402234636871509,0.0446927374301676,0.0223463687150838,0.055865921787709494,0.07402234636871509,0.07960893854748603,0.046089385474860335,0.05446927374301676,0.04888268156424581,0.025139664804469275,0.05446927374301676,0.05027932960893855,0.12011173184357542,0.06424581005586592,0.01675977653631285,0.07262569832402235,0.034916201117318434,0.05865921787709497,0.03770949720670391,0.027932960893854747,0.04888268156424581,0.06564245810055866,0.06005586592178771
nh0241,1.0,0.648972602739726,0.571917808219178,0.4743150684931507,0.19434931506849315,0.3732876712328767,0.3056506849315068,0.3090753424657534,0.24914383561643835,0.2131849315068493,0.16267123287671234,0.1815068493150685,0.2106164383561644,0.2303082191780822,0.21746575342465754,0.20034246575342465,0.23544520547945205,0.19777397260273974,0.20034246575342465,0.1952054794520548,0.1875,0.2611301369863014,0.2131849315068493,0.14897260273972604,0.16695205479452055,0.17465753424657535,0.17294520547945205,0.1832191780821918,0.1284246575342466,0.1558219178082192,0.18065068493150685,0.16695205479452055,0.14126712328767124,0.13613013698630136,0.19777397260273974,0.13527397260273974,0.1292808219178082,0.11386986301369863,0.15154109589041095,0.09845890410958905,0.11815068493150685,0.0916095890410959,0.10787671232876712,0.12243150684931507,0.14126712328767124,0.10873287671232877,0.08561643835616438,0.10445205479452055,0.10702054794520548,0.11386986301369863,0.0976027397260274,0.10273972602739725,0.059075342465753425,0.11044520547945205,0.14126712328767124,0.1190068493150685,0.10445205479452055,0.1815068493150685,0.08133561643835617,0.09931506849315068,0.1095890410958904,0.0958904109589041,0.08561643835616438,0.1404109589041096,0.09674657534246575,0.10273972602739725,0.1678082191780822,0.11986301369863013,0.1035958904109589,0.17636986301369864,0.11643835616438356,0.1404109589041096,0.08304794520547945,0.125,0.08818493150684932,0.09332191780821918,0.08304794520547945,0.08818493150684932,0.10102739726027397,0.06506849315068493,0.08047945205479452,0.05821917808219178,0.0702054794520548,0.0958904109589041,0.10702054794520548,0.0916095890410959,0.09332191780821918,0.10702054794520548,0.05821917808219178,0.052226027397260275,0.1429794520547945,0.07534246575342465,0.08047945205479452,0.08732876712328767,0.10017123287671233,0.07191780821917808,0.09503424657534247,0.08647260273972603,0.07106164383561644,0.07363013698630137,0.05051369863013699,0.07363013698630137,0.07448630136986302,0.059931506849315065,0.04280821917808219,0.10445205479452055,0.07106164383561644,0.06934931506849315,0.10102739726027397,0.0684931506849315,0.05821917808219178,0.08304794520547945,0.08732876712328767,0.09417808219178082,0.046232876712328765,0.10445205479452055,0.06335616438356165,0.02482876712328767,0.14726027397260275,0.0547945205479452,0.1267123287671233,0.06678082191780822,0.06934931506849315,0.0839041095890411,0.05821917808219178,0.05136986301369863,0.04195205479452055,0.07534246575342465,0.1053082191780822,0.08561643835616438,0.059931506849315065,0.07106164383561644,0.0779109589041096,0.0976027397260274,0.06592465753424658,0.07106164383561644,0.08904109589041095,0.05393835616438356,0.0779109589041096,0.05650684931506849,0.09931506849315068,0.0625,0.04794520547945205,0.06335616438356165,0.08732876712328767,0.04794520547945205,0.04280821917808219,0.08133561643835617,0.07106164383561644,0.04023972602739726,0.08732876712328767,0.0779109589041096,0.05565068493150685,0.08304794520547945,0.07277397260273973,0.2465753424657534,0.0642123287671233,0.04794520547945205,0.06078767123287671,0.05051369863013699,0.059931506849315065,0.0761986301369863,0.0625,0.04023972602739726,0.07534246575342465,0.04965753424657534,0.04195205479452055,0.06506849315068493,0.13955479452054795,0.13955479452054795,0.039383561643835614,0.059075342465753425,0.05650684931506849,0.05051369863013699,0.03767123287671233,0.059931506849315065,0.06934931506849315,0.03595890410958904,0.0547945205479452,0.05650684931506849,0.07106164383561644,0.04794520547945205,0.0547945205479452,0.06678082191780822,0.059075342465753425,0.13613013698630136,0.0642123287671233,0.028253424657534245,0.08904109589041095,0.08047945205479452,0.05565068493150685,0.05393835616438356,0.05821917808219178,0.08133561643835617,0.039383561643835614,0.0779109589041096,0.05393835616438356,0.05051369863013699,0.06592465753424658,0.04023972602739726,0.06078767123287671,0.04280821917808219,0.052226027397260275,0.032534246575342464,0.0625,0.059075342465753425,0.07962328767123288,0.06164383561643835,0.05821917808219178,0.04366438356164384,0.0839041095890411,0.05736301369863014,0.04452054794520548,0.059931506849315065,0.05393835616438356,0.04023972602739726,0.0625,0.023116438356164382,0.04965753424657534,0.0351027397260274,0.039383561643835614,0.0488013698630137,0.05565068493150685,0.03595890410958904,0.0410958904109589,0.04366438356164384,0.05051369863013699,0.052226027397260275,0.04366438356164384,0.06506849315068493,0.06164383561643835,0.031678082191780824,0.032534246575342464,0.05136986301369863,0.03339041095890411,0.04023972602739726,0.0410958904109589,0.03767123287671233,0.05565068493150685,0.03767123287671233,0.036815068493150686,0.059075342465753425,0.0351027397260274,0.031678082191780824,0.019691780821917807,0.04195205479452055,0.028253424657534245,0.0410958904109589,0.1267123287671233,0.04794520547945205,0.0008561643835616438,0.052226027397260275,0.02910958904109589,0.029965753424657533,0.0351027397260274,0.028253424657534245,0.053082191780821915,0.0488013698630137,0.029965753424657533,0.019691780821917807,0.02482876712328767,0.04023972602739726,0.03339041095890411,0.04280821917808219,0.05565068493150685,0.03424657534246575,0.04452054794520548,0.04280821917808219,0.04452054794520548,0.04452054794520548,0.046232876712328765,0.036815068493150686,0.038527397260273974,0.03339041095890411,0.0488013698630137,0.039383561643835614,0.053082191780821915,0.059075342465753425,0.045376712328767124,0.04452054794520548,0.08561643835616438,0.0351027397260274,0.05565068493150685,0.03424657534246575,0.036815068493150686,0.03767123287671233,0.031678082191780824,0.0547945205479452,0.029965753424657533,0.05136986301369863,0.06592465753424658,0.021404109589041095,0.029965753424657533,0.04195205479452055,0.012842465753424657,0.05136986301369863,0.03767123287671233,0.05051369863013699,0.0410958904109589,0.018835616438356163
nh0242,1.0,0.5501747378931603,0.5057413879181228,0.3344982526210684,0.32101847229156266,0.27159261108337496,0.3349975037443834,0.26060908637044433,0.2830753869196206,0.2745881178232651,0.21717423864203694,0.2705941088367449,0.25361957064403395,0.2216674987518722,0.19021467798302547,0.22865701447828257,0.25711432850723914,0.16974538192710933,0.18771842236645034,0.21767348976535197,0.20119820269595606,0.18522216674987518,0.22566150773839241,0.2236645032451323,0.1527708437343984,0.14578132800798801,0.13379930104842735,0.18771842236645034,0.14378432351472792,0.17473789316025962,0.13180229655516726,0.12581128307538691,0.17024463305042437,0.17224163754368446,0.1567648527209186,0.17873190214677984,0.17024463305042437,0.1432850723914129,0.14578132800798801,0.11133300049925113,0.13729405891163254,0.1293060409385921,0.09935097353969047,0.13030454318522217,0.10284573140289566,0.09735396904643036,0.1507738392411383,0.15127309036445333,0.09236145781328008,0.13579630554168748,0.1018472291562656,0.09785322016974538,0.09136295556665003,0.07738392411382926,0.06490264603095357,0.11482775836245632,0.07688467299051423,0.10783824263604593,0.11333000499251124,0.1163255117324014,0.10434348477284074,0.12581128307538691,0.11782326510234647,0.09286070893659511,0.09885172241637544,0.11482775836245632,0.09785322016974538,0.1018472291562656,0.11732401397903146,0.08087868197703445,0.09985022466300549,0.090863704443335,0.12980529206190713,0.09286070893659511,0.10134797803295058,0.10783824263604593,0.08736894658012981,0.08337493759360959,0.10234648027958063,0.09136295556665003,0.09535696455317025,0.13130304543185223,0.13130304543185223,0.13180229655516726,0.09236145781328008,0.12031952071892162,0.10084872690963555,0.08137793310034948,0.07488766849725412,0.11532700948577135,0.12331502745881179,0.08886669995007489,0.07788317523714429,0.090863704443335,0.10683974038941588,0.08437343984023964,0.09385921118322517,0.08736894658012981,0.06939590614078882,0.09885172241637544,0.08287568647029456,0.0763854218671992,0.1038442336495257,0.10334498252621069,0.07039440838741887,0.08637044433349975,0.0763854218671992,0.08237643534697953,0.08936595107338992,0.09585621567648527,0.09885172241637544,0.07338991512730904,0.06839740389415876,0.06939590614078882,0.07438841737393909,0.04992511233150274,0.06390414378432352,0.12331502745881179,0.07039440838741887,0.07588617074388418,0.07388916625062407,0.07289066400399401,0.06590114827758363,0.07538691962056915,0.06789815277084374,0.06440339490763854,0.06640039940089865,0.07888167748377434,0.09236145781328008,0.07938092860708937,0.08936595107338992,0.08637044433349975,0.07039440838741887,0.06939590614078882,0.05391912131802296,0.05591612581128307,0.06490264603095357,0.0399400898652022,0.05491762356465302,0.07239141288067898,0.06889665501747379,0.06090863704443335,0.05391912131802296,0.07139291063404893,0.05591612581128307,0.07338991512730904,0.09136295556665003,0.06640039940089865,0.04942586120818772,0.08786819770344484,0.048427358961557664,0.06140788816774838,0.07039440838741887,0.05791313030454318,0.07488766849725412,0.04992511233150274,0.0509236145781328,0.07438841737393909,0.07588617074388418,0.06889665501747379,0.050424363454817774,0.07139291063404893,0.05841238142785821,0.06989515726410385,0.08037943085371942,0.06240639041437843,0.07488766849725412,0.07338991512730904,0.06290564153769346,0.04892661008487269,0.0399400898652022,0.0619071392910634,0.06889665501747379,0.0783824263604593,0.07189216175736396,0.046929605591612585,0.05142286570144783,0.04393409885172242,0.05192211682476285,0.07738392411382926,0.04143784323514728,0.04942586120818772,0.09885172241637544,0.06040938592111832,0.04942586120818772,0.036445332001997004,0.03344982526210684,0.040439340988517224,0.06939590614078882,0.0619071392910634,0.05491762356465302,0.05741387918122816,0.07289066400399401,0.04593110334498253,0.05541687468796805,0.05491762356465302,0.05341987019470794,0.04942586120818772,0.04593110334498253,0.05891163255117324,0.06490264603095357,0.042935596605092365,0.0454318522216675,0.04742885671492761,0.056415376934598103,0.05991013479780329,0.04892661008487269,0.04143784323514728,0.04942586120818772,0.05491762356465302,0.048427358961557664,0.05391912131802296,0.036445332001997004,0.042935596605092365,0.08137793310034948,0.04343484772840739,0.04892661008487269,0.06290564153769346,0.07438841737393909,0.04792810783824263,0.046929605591612585,0.032950574138791815,0.06340489266100849,0.05292061907139291,0.05841238142785821,0.050424363454817774,0.04792810783824263,0.04892661008487269,0.05491762356465302,0.04193709435846231,0.042935596605092365,0.044433349975037444,0.04992511233150274,0.038941587618572145,0.05341987019470794,0.06040938592111832,0.04992511233150274,0.056415376934598103,0.05341987019470794,0.06590114827758363,0.056415376934598103,0.04393409885172242,0.04343484772840739,0.046430354468297554,0.06240639041437843,0.04343484772840739,0.05292061907139291,0.050424363454817774,0.02895656515227159,0.06040938592111832,0.07438841737393909,0.05541687468796805,0.05192211682476285,0.03944083874188717,0.038941587618572145,0.04143784323514728,0.052421367948077884,0.032950574138791815,0.06689965052421368,0.03195207189216176,0.03145282076884673,0.040938592111832255,0.0509236145781328,0.042935596605092365,0.046929605591612585,0.04393409885172242,0.05741387918122816,0.046929605591612585,0.042935596605092365,0.05741387918122816,0.042935596605092365,0.04143784323514728,0.04193709435846231,0.04193709435846231,0.040938592111832255,0.03394907638542187,0.06040938592111832,0.034448327508736894,0.03145282076884673,0.046929605591612585,0.0619071392910634,0.03195207189216176,0.032451323015476784,0.0399400898652022,0.04393409885172242,0.052421367948077884,0.04593110334498253,0.034448327508736894,0.054418372441337994,0.036445332001997004,0.03594608087868198,0.032950574138791815,0.03195207189216176,0.05541687468796805,0.04742885671492761,0.0254618072890664,0.0309535696455317,0.036445332001997004,0.040938592111832255,0.034448327508736894
nh0243,1.0,0.5295723384895359,0.6979071883530482,0.5204731574158326,0.4585987261146497,0.41856232939035487,0.454049135577798,0.4585987261146497,0.30482256596906276,0.29754322111010006,0.26933575978161967,0.2893539581437671,0.25659690627843496,0.2302092811646952,0.32393084622383983,0.25113739763421294,0.3039126478616925,0.26205641492265697,0.22929936305732485,0.22929936305732485,0.24021838034576887,0.1910828025477707,0.2775250227479527,0.19654231119199272,0.2302092811646952,0.2484076433121019,0.2083712465878071,0.22474977252047315,0.24385805277525022,0.2311191992720655,0.1637852593266606,0.22383985441310283,0.18471337579617833,0.15468607825295724,0.17015468607825296,0.27024567788899,0.2429481346678799,0.2283894449499545,0.18289353958143767,0.2311191992720655,0.23202911737943585,0.15013648771610555,0.13102820746132848,0.14285714285714285,0.18380345768880801,0.17652411282984531,0.09463148316651501,0.11010009099181074,0.14194722474977253,0.1710646041856233,0.09827115559599636,0.18016378525932666,0.13193812556869883,0.1665150136487716,0.2283894449499545,0.20655141037306643,0.1164695177434031,0.11191992720655142,0.1392174704276615,0.1364877161055505,0.11373976342129208,0.11555959963603275,0.10100090991810737,0.13284804367606914,0.10737033666969972,0.1364877161055505,0.14012738853503184,0.1483166515013649,0.10191082802547771,0.1292083712465878,0.10646041856232939,0.18471337579617833,0.14467697907188354,0.07006369426751592,0.15559599636032756,0.13466787989080983,0.12374886260236578,0.0646041856232939,0.13011828935395814,0.11555959963603275,0.11101000909918107,0.12556869881710647,0.1410373066424022,0.09008189262966333,0.08371246587807098,0.10373066424021839,0.08826205641492266,0.14285714285714285,0.181073703366697,0.12192902638762511,0.11373976342129208,0.0791628753412193,0.11191992720655142,0.0791628753412193,0.11101000909918107,0.1164695177434031,0.11010009099181074,0.10100090991810737,0.0791628753412193,0.15013648771610555,0.11010009099181074,0.07006369426751592,0.10828025477707007,0.09736123748862602,0.0718835304822566,0.060964513193812554,0.12010919017288443,0.08462238398544131,0.07006369426751592,0.09281164695177434,0.06824385805277525,0.0791628753412193,0.05732484076433121,0.09827115559599636,0.09281164695177434,0.0646041856232939,0.10555050045495905,0.059144676979071886,0.08644222020018198,0.07825295723384895,0.0545950864422202,0.10464058234758872,0.06551410373066424,0.08826205641492266,0.09736123748862602,0.10373066424021839,0.10373066424021839,0.08371246587807098,0.08826205641492266,0.1264786169244768,0.056414922656960874,0.07825295723384895,0.08280254777070063,0.08462238398544131,0.08007279344858963,0.13193812556869883,0.07006369426751592,0.0818926296633303,0.0646041856232939,0.0791628753412193,0.0718835304822566,0.10100090991810737,0.0545950864422202,0.06278434940855324,0.06369426751592357,0.0818926296633303,0.04185623293903549,0.08371246587807098,0.06369426751592357,0.060964513193812554,0.08735213830755233,0.08826205641492266,0.06915377616014559,0.08826205641492266,0.09372156505914468,0.09736123748862602,0.056414922656960874,0.10464058234758872,0.06551410373066424,0.052775250227479524,0.08462238398544131,0.12101910828025478,0.08098271155595996,0.07643312101910828,0.08098271155595996,0.08098271155595996,0.05823475887170155,0.0718835304822566,0.0646041856232939,0.03548680618744313,0.08280254777070063,0.050955414012738856,0.0545950864422202,0.08007279344858963,0.12738853503184713,0.07370336669699727,0.04913557779799818,0.0746132848043676,0.039126478616924476,0.04549590536851683,0.047315741583257506,0.048225659690627844,0.048225659690627844,0.05368516833484986,0.0646041856232939,0.04549590536851683,0.10009099181073704,0.05732484076433121,0.08553230209281165,0.06369426751592357,0.0646041856232939,0.1164695177434031,0.09281164695177434,0.09736123748862602,0.07097361237488627,0.06915377616014559,0.05368516833484986,0.06551410373066424,0.048225659690627844,0.07825295723384895,0.059144676979071886,0.04549590536851683,0.04094631483166515,0.07370336669699727,0.0718835304822566,0.03184713375796178,0.08371246587807098,0.04913557779799818,0.06369426751592357,0.09554140127388536,0.38034576888080074,0.051865332120109194,0.0791628753412193,0.048225659690627844,0.05004549590536852,0.07097361237488627,0.04367606915377616,0.04185623293903549,0.11373976342129208,0.03821656050955414,0.059144676979071886,0.055505004549590536,0.056414922656960874,0.06733393994540492,0.055505004549590536,0.051865332120109194,0.06551410373066424,0.047315741583257506,0.06187443130118289,0.055505004549590536,0.059144676979071886,0.07006369426751592,0.06369426751592357,0.055505004549590536,0.06369426751592357,0.055505004549590536,0.039126478616924476,0.10009099181073704,0.026387625113739762,0.056414922656960874,0.07006369426751592,0.048225659690627844,0.0545950864422202,0.03275705186533212,0.034576888080072796,0.0818926296633303,0.07370336669699727,0.06187443130118289,0.020928116469517744,0.10100090991810737,0.00818926296633303,0.039126478616924476,0.048225659690627844,0.047315741583257506,0.06551410373066424,0.020018198362147407,0.06369426751592357,0.04640582347588717,0.05823475887170155,0.04640582347588717,0.07370336669699727,0.04185623293903549,0.03275705186533212,0.04367606915377616,0.09099181073703366,0.047315741583257506,0.0545950864422202,0.06551410373066424,0.05823475887170155,0.059144676979071886,0.030937215650591446,0.036396724294813464,0.044585987261146494,0.05004549590536852,0.0791628753412193,0.0791628753412193,0.05823475887170155,0.05004549590536852,0.09554140127388536,0.036396724294813464,0.048225659690627844,0.03275705186533212,0.0373066424021838,0.05368516833484986,0.04094631483166515,0.04640582347588717,0.039126478616924476,0.06278434940855324,0.03275705186533212,0.042766151046405826,0.056414922656960874,0.018198362147406732,0.03821656050955414,0.040036396724294813,0.07825295723384895,0.08280254777070063,0.04185623293903549,0.06005459508644222,0.025477707006369428,0.034576888080072796
nh0244,1.0,0.69004329004329,0.5385281385281385,0.4510822510822511,0.5974025974025974,0.45800865800865803,0.341991341991342,0.34545454545454546,0.2831168831168831,0.2857142857142857,0.4354978354978355,0.3064935064935065,0.30995670995670993,0.3826839826839827,0.23722943722943723,0.30303030303030304,0.3333333333333333,0.26666666666666666,0.2597402597402597,0.30735930735930733,0.24415584415584415,0.3021645021645022,0.2528138528138528,0.21038961038961038,0.22337662337662337,0.2597402597402597,0.18268398268398267,0.21991341991341992,0.18181818181818182,0.22077922077922077,0.21298701298701297,0.24069264069264068,0.21385281385281385,0.19913419913419914,0.21212121212121213,0.3463203463203463,0.23463203463203464,0.23463203463203464,0.14632034632034632,0.14025974025974025,0.23722943722943723,0.1471861471861472,0.1696969696969697,0.14545454545454545,0.13506493506493505,0.16103896103896104,0.1722943722943723,0.1774891774891775,0.14025974025974025,0.18787878787878787,0.12987012987012986,0.16796536796536796,0.14545454545454545,0.12467532467532468,0.15844155844155844,0.09783549783549783,0.1670995670995671,0.14112554112554113,0.12813852813852813,0.17575757575757575,0.129004329004329,0.11601731601731602,0.12207792207792208,0.12987012987012986,0.1645021645021645,0.1748917748917749,0.1619047619047619,0.1393939393939394,0.18268398268398267,0.10303030303030303,0.1316017316017316,0.16883116883116883,0.19913419913419914,0.1523809523809524,0.18961038961038962,0.15670995670995672,0.12987012987012986,0.11082251082251082,0.11168831168831168,0.17835497835497835,0.12554112554112554,0.1497835497835498,0.17056277056277055,0.1012987012987013,0.11515151515151516,0.18354978354978355,0.11082251082251082,0.13506493506493505,0.09004329004329005,0.1445887445887446,0.10476190476190476,0.12554112554112554,0.11515151515151516,0.12207792207792208,0.10476190476190476,0.15584415584415584,0.10909090909090909,0.08831168831168831,0.07792207792207792,0.09437229437229437,0.09696969696969697,0.08658008658008658,0.19480519480519481,0.10476190476190476,0.11688311688311688,0.1367965367965368,0.1038961038961039,0.09610389610389611,0.12121212121212122,0.12121212121212122,0.10476190476190476,0.18095238095238095,0.07012987012987013,0.1341991341991342,0.10735930735930736,0.11255411255411256,0.11082251082251082,0.08571428571428572,0.15930735930735931,0.0683982683982684,0.10995670995670996,0.11515151515151516,0.09956709956709957,0.08658008658008658,0.11341991341991342,0.09264069264069263,0.09610389610389611,0.11168831168831168,0.08051948051948052,0.10822510822510822,0.08571428571428572,0.08311688311688312,0.0761904761904762,0.09350649350649351,0.08658008658008658,0.09783549783549783,0.0658008658008658,0.07012987012987013,0.08051948051948052,0.12034632034632034,0.08831168831168831,0.1038961038961039,0.07792207792207792,0.10735930735930736,0.0735930735930736,0.09350649350649351,0.07445887445887446,0.07792207792207792,0.06666666666666667,0.05974025974025974,0.08311688311688312,0.10303030303030303,0.07705627705627706,0.05887445887445888,0.09610389610389611,0.06926406926406926,0.10216450216450217,0.11255411255411256,0.08917748917748917,0.11861471861471862,0.06753246753246753,0.09783549783549783,0.08225108225108226,0.0735930735930736,0.0683982683982684,0.06666666666666667,0.07792207792207792,0.12467532467532468,0.04069264069264069,0.06493506493506493,0.08917748917748917,0.08744588744588745,0.06493506493506493,0.06233766233766234,0.09090909090909091,0.06406926406926407,0.06926406926406926,0.08571428571428572,0.0632034632034632,0.05974025974025974,0.0632034632034632,0.06060606060606061,0.10649350649350649,0.09523809523809523,0.07012987012987013,0.070995670995671,0.08658008658008658,0.05108225108225108,0.07965367965367966,0.06060606060606061,0.05714285714285714,0.04935064935064935,0.08398268398268398,0.06666666666666667,0.070995670995671,0.05800865800865801,0.0658008658008658,0.07272727272727272,0.05194805194805195,0.046753246753246755,0.08138528138528138,0.08138528138528138,0.0735930735930736,0.08398268398268398,0.045021645021645025,0.0632034632034632,0.07965367965367966,0.08744588744588745,0.06493506493506493,0.09956709956709957,0.02943722943722944,0.05108225108225108,0.05974025974025974,0.06406926406926407,0.08571428571428572,0.048484848484848485,0.05627705627705628,0.04329004329004329,0.0735930735930736,0.05108225108225108,0.06753246753246753,0.07272727272727272,0.07705627705627706,0.06753246753246753,0.047619047619047616,0.04329004329004329,0.09350649350649351,0.05974025974025974,0.05541125541125541,0.07012987012987013,0.07445887445887446,0.11082251082251082,0.06233766233766234,0.048484848484848485,0.06666666666666667,0.08225108225108226,0.05454545454545454,0.0735930735930736,0.05714285714285714,0.0380952380952381,0.08311688311688312,0.05800865800865801,0.09177489177489177,0.07532467532467532,0.02857142857142857,0.048484848484848485,0.05367965367965368,0.030303030303030304,0.04155844155844156,0.09004329004329005,0.04935064935064935,0.07792207792207792,0.07878787878787878,0.047619047619047616,0.046753246753246755,0.05367965367965368,0.05281385281385281,0.06753246753246753,0.07272727272727272,0.06926406926406926,0.05800865800865801,0.046753246753246755,0.0683982683982684,0.04415584415584416,0.05367965367965368,0.08658008658008658,0.06233766233766234,0.04329004329004329,0.0658008658008658,0.08138528138528138,0.05194805194805195,0.06493506493506493,0.050216450216450215,0.05541125541125541,0.050216450216450215,0.07705627705627706,0.05367965367965368,0.05800865800865801,0.04155844155844156,0.04588744588744589,0.045021645021645025,0.06147186147186147,0.050216450216450215,0.045021645021645025,0.06147186147186147,0.0354978354978355,0.048484848484848485,0.05800865800865801,0.06147186147186147,0.06666666666666667,0.04588744588744589,0.03896103896103896,0.06233766233766234,0.05627705627705628,0.04588744588744589,0.04588744588744589,0.06406926406926407,0.05194805194805195,0.050216450216450215,0.0632034632034632
nh0245,1.0,0.531328320802005,0.5889724310776943,0.32280701754385965,0.27268170426065164,0.3017543859649123,0.20401002506265664,0.4050125313283208,0.20551378446115287,0.2711779448621554,0.24360902255639097,0.25664160401002506,0.19548872180451127,0.2571428571428571,0.26015037593984963,0.24411027568922306,0.22857142857142856,0.21854636591478696,0.23859649122807017,0.1674185463659148,0.16691729323308271,0.12631578947368421,0.18947368421052632,0.2521303258145363,0.15538847117794485,0.23308270676691728,0.14887218045112782,0.24761904761904763,0.0862155388471178,0.18947368421052632,0.1799498746867168,0.1573934837092732,0.18145363408521303,0.1518796992481203,0.15538847117794485,0.2050125313283208,0.22155388471177945,0.17694235588972432,0.18045112781954886,0.12982456140350876,0.17844611528822055,0.1619047619047619,0.12180451127819548,0.14486215538847116,0.17644110275689223,0.11979949874686717,0.10325814536340852,0.12380952380952381,0.08922305764411027,0.11278195488721804,0.10576441102756892,0.07167919799498747,0.07669172932330827,0.11278195488721804,0.05764411027568922,0.11127819548872181,0.10726817042606517,0.19047619047619047,0.07568922305764411,0.11629072681704261,0.055639097744360905,0.0887218045112782,0.11629072681704261,0.06265664160401002,0.09573934837092732,0.10576441102756892,0.11528822055137844,0.06716791979949875,0.06516290726817042,0.11278195488721804,0.13233082706766916,0.08671679197994987,0.07318295739348371,0.09674185463659148,0.09223057644110276,0.10526315789473684,0.11528822055137844,0.09223057644110276,0.09974937343358396,0.05513784461152882,0.08270676691729323,0.06917293233082707,0.08671679197994987,0.1568922305764411,0.093734335839599,0.1012531328320802,0.11478696741854637,0.07919799498746867,0.04711779448621554,0.0862155388471178,0.09273182957393483,0.06416040100250626,0.09172932330827067,0.08521303258145363,0.06566416040100251,0.10275689223057644,0.04160401002506266,0.08822055137844612,0.061654135338345864,0.07568922305764411,0.058646616541353384,0.06616541353383458,0.12631578947368421,0.0786967418546366,0.05363408521303258,0.04661654135338346,0.04862155388471178,0.07368421052631578,0.05964912280701754,0.0912280701754386,0.07318295739348371,0.04862155388471178,0.06466165413533835,0.07268170426065163,0.04962406015037594,0.13032581453634084,0.0786967418546366,0.04360902255639098,0.0987468671679198,0.07268170426065163,0.05964912280701754,0.061152882205513785,0.0987468671679198,0.10526315789473684,0.06766917293233082,0.09273182957393483,0.07218045112781955,0.061654135338345864,0.08521303258145363,0.08922305764411027,0.1268170426065163,0.08521303258145363,0.09674185463659148,0.06265664160401002,0.04360902255639098,0.06817042606516291,0.055639097744360905,0.05213032581453634,0.05263157894736842,0.06616541353383458,0.06215538847117794,0.03859649122807018,0.05213032581453634,0.06215538847117794,0.08571428571428572,0.08020050125313283,0.056140350877192984,0.08270676691729323,0.08270676691729323,0.07067669172932331,0.06466165413533835,0.05764411027568922,0.05914786967418546,0.06817042606516291,0.06817042606516291,0.08320802005012531,0.03308270676691729,0.058145363408521306,0.053132832080200504,0.05664160401002506,0.07268170426065163,0.07719298245614035,0.021052631578947368,0.053132832080200504,0.09523809523809523,0.08421052631578947,0.0481203007518797,0.0380952380952381,0.08671679197994987,0.05513784461152882,0.06566416040100251,0.03458646616541353,0.06015037593984962,0.04962406015037594,0.030576441102756893,0.05513784461152882,0.02756892230576441,0.06766917293233082,0.028070175438596492,0.05463659147869674,0.04912280701754386,0.06466165413533835,0.03508771929824561,0.042606516290726815,0.06967418546365915,0.05914786967418546,0.031578947368421054,0.0380952380952381,0.05413533834586466,0.0380952380952381,0.07117794486215538,0.019548872180451128,0.055639097744360905,0.042105263157894736,0.03759398496240601,0.06817042606516291,0.05162907268170426,0.033583959899749376,0.04862155388471178,0.047619047619047616,0.03458646616541353,0.039097744360902256,0.05513784461152882,0.04110275689223058,0.045112781954887216,0.04711779448621554,0.019548872180451128,0.02506265664160401,0.04962406015037594,0.039598997493734335,0.05263157894736842,0.040100250626566414,0.036591478696741855,0.07669172932330827,0.0380952380952381,0.04611528822055138,0.06265664160401002,0.040100250626566414,0.05764411027568922,0.06015037593984962,0.06215538847117794,0.0380952380952381,0.05263157894736842,0.03609022556390978,0.05263157894736842,0.0456140350877193,0.055639097744360905,0.03258145363408521,0.05263157894736842,0.13984962406015036,0.058145363408521306,0.03308270676691729,0.06616541353383458,0.0380952380952381,0.039097744360902256,0.03007518796992481,0.04962406015037594,0.04160401002506266,0.03208020050125313,0.061152882205513785,0.07418546365914787,0.06315789473684211,0.05112781954887218,0.029072681704260653,0.033583959899749376,0.058646616541353384,0.03759398496240601,0.05714285714285714,0.04160401002506266,0.12180451127819548,0.008020050125313283,0.02355889724310777,0.03759398496240601,0.03458646616541353,0.03208020050125313,0.02506265664160401,0.03308270676691729,0.04962406015037594,0.04110275689223058,0.02756892230576441,0.07919799498746867,0.02305764411027569,0.040100250626566414,0.0431077694235589,0.05112781954887218,0.03107769423558897,0.02857142857142857,0.047619047619047616,0.04411027568922306,0.0481203007518797,0.05112781954887218,0.022556390977443608,0.037092731829573934,0.05213032581453634,0.02456140350877193,0.020050125313283207,0.05112781954887218,0.039097744360902256,0.02857142857142857,0.03759398496240601,0.031578947368421054,0.042105263157894736,0.05112781954887218,0.05714285714285714,0.0380952380952381,0.05764411027568922,0.05363408521303258,0.0481203007518797,0.029072681704260653,0.10075187969924812,0.03508771929824561,0.06265664160401002,0.04862155388471178,0.03609022556390978,0.02756892230576441,0.06265664160401002,0.039598997493734335,0.055639097744360905,0.07368421052631578,0.05413533834586466
nh0246,1.0,0.48514205868653937,0.4208663251047974,0.3056357708430368,0.2598975314392175,0.30116441546343736,0.2844899860270144,0.31690731252911036,0.2515137401024686,0.2760130414531905,0.20680018630647415,0.20270144387517466,0.21313460642757337,0.208011178388449,0.223940381928272,0.22682813227759666,0.18043782021425245,0.20903586399627386,0.20773171867722404,0.1713088029809036,0.17866790870982766,0.18285980437820215,0.18444340940847695,0.19180251513740101,0.17084303679552865,0.16003726129483,0.13991616208663252,0.12100605496040988,0.1353516534699581,0.13749417792268281,0.13870517000465765,0.12072659524918491,0.11895668374476014,0.15910572892408012,0.1542617605961807,0.14261760596180717,0.12938984629715883,0.11951560316721006,0.1151374010246856,0.11224965067536097,0.11094550535631113,0.11709361900326036,0.1016301816488123,0.11010712622263624,0.13069399161620868,0.08011178388448999,0.1737307871448533,0.13339543549138333,0.10088495575221239,0.1079646017699115,0.08868188169538892,0.10517000465766185,0.10526315789473684,0.09231485794131346,0.0984629715882627,0.10069864927806241,0.07666511411271541,0.12938984629715883,0.09017233348858873,0.09967396367023754,0.07871448532836516,0.14513274336283186,0.09455053563111318,0.08178854215183978,0.08281322775966465,0.07750349324639032,0.08625989753143921,0.11690731252911038,0.09892873777363763,0.12585002328830927,0.09371215649743829,0.06259897531439218,0.07573358174196554,0.09799720540288775,0.08793665579878901,0.06585933861201677,0.08672566371681416,0.057196087564042854,0.09399161620866325,0.0712622263623661,0.07238006520726595,0.07713088029809036,0.0791802515137401,0.11709361900326036,0.10246856078248719,0.08784350256171403,0.07396367023754076,0.08989287377736377,0.07610619469026549,0.05943176525384257,0.08178854215183978,0.08970656730321379,0.08197484862598975,0.0848625989753144,0.0775966464834653,0.0752678155565906,0.08598043782021425,0.07787610619469026,0.07852817885421519,0.07554727526781556,0.08132277596646484,0.06772240335351654,0.08272007452258966,0.05458779692594318,0.06893339543549139,0.0871914299021891,0.05859338612016768,0.06762925011644155,0.0712622263623661,0.07731718677224034,0.0752678155565906,0.0696786213320913,0.07852817885421519,0.05952491849091756,0.06306474149976711,0.06734979040521658,0.06483465300419189,0.12966930600838378,0.06856078248719143,0.0791802515137401,0.07834187238006521,0.06744294364229157,0.06911970190964135,0.07442943642291569,0.055426176059618075,0.0663251047973917,0.06073591057289241,0.06977177456916628,0.060829063809967394,0.07582673497904052,0.08309268747088962,0.07610619469026549,0.064089427107592,0.06315789473684211,0.06008383791336749,0.055333022822543085,0.06884024219841639,0.05179319981369353,0.05775500698649278,0.06343735444806707,0.055146716348393104,0.04452724732184443,0.06446204005589194,0.0848625989753144,0.06930600838379133,0.06921285514671635,0.06269212855146716,0.06036329762459246,0.0695854680950163,0.05421518397764322,0.07480204937121565,0.053376804843968326,0.041266884024219845,0.06129482999534234,0.05030274802049371,0.055333022822543085,0.053656264555193296,0.04368886818816954,0.06669771774569166,0.042943642291569634,0.06772240335351654,0.052445272473218445,0.05961807172799255,0.04415463437354448,0.07107591988821611,0.05496040987424313,0.08607359105728925,0.042291569632044716,0.04163949697251979,0.04899860270144388,0.04070796460176991,0.043875174662319515,0.04806707033069399,0.05207265952491849,0.059059152305542616,0.04918490917559385,0.0448067070330694,0.06073591057289241,0.03688868188169539,0.045738239403819284,0.04993013507219376,0.060922217047042385,0.04331625523986959,0.04816022356776898,0.04918490917559385,0.04545877969259432,0.04545877969259432,0.06222636236609222,0.05412203074056823,0.058220773171867725,0.05868653935724266,0.03064741499767117,0.05328365160689334,0.055146716348393104,0.04471355379599441,0.053656264555193296,0.04937121564974383,0.036516068933395436,0.0463903120633442,0.05486725663716814,0.05300419189566837,0.03707498835584536,0.038099673963670234,0.0544014904517932,0.05179319981369353,0.053563111318118306,0.05020959478341872,0.041080577550069865,0.0359571495109455,0.0448067070330694,0.07265952491849091,0.04452724732184443,0.04601769911504425,0.05291103865859339,0.03884489986027014,0.0327899394503959,0.049743828598043785,0.050582207731718676,0.05104797391709362,0.038099673963670234,0.034466697717745694,0.0408011178388449,0.04732184443409408,0.050582207731718676,0.03232417326502096,0.040987424312994875,0.048625989753143924,0.026734979040521658,0.032696786213320915,0.05421518397764322,0.04061481136469492,0.02990218910107126,0.04853283651606893,0.04937121564974383,0.04843968327899394,0.040055891942244994,0.044061481136469495,0.0472286911970191,0.028970656730321377,0.04760130414531905,0.05458779692594318,0.042198416394969726,0.04713553795994411,0.036609222170470426,0.027387051700046575,0.05579878900791802,0.045738239403819284,0.04266418258034467,0.03865859338612017,0.0759198882161155,0.10181648812296228,0.0359571495109455,0.026455519329296694,0.03129948765719609,0.05170004657661854,0.023567768979972054,0.03465300419189567,0.03996273870517,0.03008849557522124,0.03968327899394504,0.03865859338612017,0.041080577550069865,0.04089427107591989,0.04163949697251979,0.04713553795994411,0.03223102002794597,0.03623660922217047,0.04471355379599441,0.03493246390312063,0.035491383325570565,0.049464368886818814,0.03111318118304611,0.043968327899394505,0.03688868188169539,0.039217512808570096,0.04527247321844434,0.038192827200745225,0.035584536562645555,0.04070796460176991,0.03428039124359571,0.032044713553796,0.03428039124359571,0.049557522123893805,0.042291569632044716,0.03884489986027014,0.055239869585468095,0.04592454587796926,0.0352119236143456,0.034373544480670704,0.05104797391709362,0.054308337214718214,0.080018630647415,0.037354448067070334,0.04042850489054495,0.05570563577084304,0.033535165346995806,0.03605030274802049,0.03698183511877038,0.035398230088495575,0.04750815090824406
nh0247,1.0,0.5280938833570412,0.5625889046941679,0.4093172119487909,0.2497629208155524,0.33451872925557136,0.27358937885253676,0.31199620673304884,0.25106685633001424,0.24383594120436225,0.16180654338549075,0.23992413466097676,0.2450213371266003,0.2288999525841631,0.24004267425320056,0.21740161213845424,0.23684210526315788,0.21325272641062115,0.2408724513987672,0.2288999525841631,0.18610715979137032,0.20851114272166904,0.18361782835467047,0.20507349454717877,0.1857515410146989,0.17034139402560455,0.1944049312470365,0.18504030346135608,0.1427216690374585,0.18504030346135608,0.1769796111901375,0.16548127074442864,0.18610715979137032,0.12648174490279754,0.16939307728781414,0.1729492650545282,0.14118065433854907,0.155049786628734,0.13466097676623992,0.15303461356092934,0.1513750592697961,0.15623518255097202,0.10443338074917022,0.12446657183499289,0.1288525367472736,0.14580369843527738,0.08096254148885727,0.0909198672356567,0.11545756282598388,0.1337126600284495,0.16548127074442864,0.1036036036036036,0.10964912280701754,0.12802275960170698,0.0908013276434329,0.10170697012802275,0.10644855381697486,0.12209577999051684,0.10146989094357516,0.12719298245614036,0.10170697012802275,0.11024182076813656,0.08499288762446658,0.11545756282598388,0.09981033665244192,0.10384068278805121,0.12766714082503555,0.09257942152678995,0.1295637743006164,0.11415362731152205,0.19523470839260312,0.1252963489805595,0.11865813181602655,0.09293504030346135,0.09257942152678995,0.11119013750592698,0.10893788525367473,0.14532954006638218,0.07444286391654813,0.06602655286865813,0.08072546230440968,0.10763394973921289,0.10087719298245613,0.09826932195353248,0.10893788525367473,0.07977714556661925,0.09696538643907066,0.10727833096254148,0.08819345661450925,0.10182550972024657,0.09613560929350402,0.08440018966334756,0.10277382645803698,0.07728781412991939,0.09281650071123755,0.09163110478899952,0.086533902323376,0.10170697012802275,0.07408724513987672,0.06839734471313419,0.10644855381697486,0.07219061166429587,0.08451872925557136,0.07657657657657657,0.06993835941204363,0.08262209577999052,0.0731389284020863,0.08985301090564249,0.0904457088667615,0.06365576102418208,0.09115694642010432,0.0648411569464201,0.0694642010431484,0.09198672356567093,0.06543385490753911,0.0945945945945946,0.07693219535324798,0.03485064011379801,0.07479848269321954,0.060455192034139404,0.0693456614509246,0.05405405405405406,0.07254623044096728,0.06590801327643434,0.06922712185870081,0.07859174964438122,0.09151256519677572,0.08250355618776671,0.08226647700331911,0.04551920341394026,0.07467994310099574,0.05547652916073969,0.061996206733048835,0.08238501659554291,0.07290184921763869,0.0648411569464201,0.10976766239924135,0.08416311047889995,0.06270744428639166,0.06804172593646278,0.06341868183973447,0.07693219535324798,0.05772878141299194,0.06140350877192982,0.07811759127548601,0.05286865813181603,0.06258890469416785,0.07230915125651968,0.07207207207207207,0.07467994310099574,0.06104788999525842,0.07799905168326221,0.07112375533428165,0.05737316263632053,0.06140350877192982,0.06353722143195828,0.0605737316263632,0.05132764343290659,0.0731389284020863,0.05097202465623518,0.07657657657657657,0.07930298719772404,0.07645803698435277,0.05440967283072546,0.04907539118065434,0.053816974869606446,0.06270744428639166,0.0687529634898056,0.04445234708392603,0.11154575628259839,0.0561877667140825,0.05440967283072546,0.05322427690848743,0.04990516832622096,0.036747273589378855,0.052275960170697015,0.07491702228544334,0.0603366524419156,0.051920341394025606,0.05286865813181603,0.04883831199620673,0.05263157894736842,0.054172593646277856,0.054172593646277856,0.06152204836415363,0.10407776197249881,0.04848269321953533,0.04243717401612138,0.05429113323850166,0.060810810810810814,0.059625414888572786,0.04279279279279279,0.06721194879089616,0.04706021811284969,0.06804172593646278,0.05772878141299194,0.049786628733997154,0.06294452347083926,0.0476529160739687,0.04824561403508772,0.03579895685158843,0.03615457562825984,0.05950687529634898,0.051209103840682786,0.04018492176386913,0.054172593646277856,0.05346135609293504,0.03354670459933618,0.052275960170697015,0.041963015647226175,0.052394499762920814,0.05701754385964912,0.05832147937411095,0.05322427690848743,0.041963015647226175,0.03141299193930773,0.039710763394973925,0.0385253674727359,0.04528212422949265,0.039355144618302515,0.05903271692745377,0.03923660502607871,0.036391654812707445,0.04480796586059744,0.0687529634898056,0.04907539118065434,0.05405405405405406,0.049668089141773356,0.06116642958748222,0.06804172593646278,0.07444286391654813,0.0476529160739687,0.04101469890943575,0.04243717401612138,0.051683262209578,0.02797534376481745,0.04516358463726885,0.056780464675201515,0.04658605974395448,0.05097202465623518,0.0474158368895211,0.04208155523944997,0.038288288288288286,0.05215742057847321,0.05630630630630631,0.05097202465623518,0.03710289236605026,0.031650071123755334,0.09708392603129445,0.054883831199620675,0.0011853959222380276,0.032005689900426744,0.03923660502607871,0.052394499762920814,0.048601232811759126,0.05950687529634898,0.03556187766714083,0.0518018018018018,0.04468942626837364,0.026197249881460407,0.04812707444286392,0.03354670459933618,0.05346135609293504,0.030938833570412518,0.05393551446183025,0.03366524419155998,0.043266951161688,0.044570886676149835,0.04184447605500237,0.05405405405405406,0.033428165007112376,0.04587482219061166,0.03805120910384068,0.04575628259838786,0.050497866287339974,0.03816974869606449,0.042318634423897585,0.0429113323850166,0.047178757705073494,0.047178757705073494,0.06472261735419631,0.04172593646277857,0.04148885727833096,0.04077761972498815,0.044926505452821244,0.028686581318160265,0.038999525841631105,0.04350403034613561,0.0387624466571835,0.04504504504504504,0.04172593646277857,0.01979611190137506,0.035680417259364626,0.041251778093883355,0.018847795163584636,0.05772878141299194,0.042318634423897585,0.041251778093883355,0.03319108582266477,0.0476529160739687
nh0248,1.0,0.5649425287356322,0.4982758620689655,0.3367816091954023,0.2396551724137931,0.335632183908046,0.26666666666666666,0.3074712643678161,0.25632183908045975,0.2482758620689655,0.16666666666666666,0.2413793103448276,0.21551724137931033,0.22873563218390805,0.24080459770114943,0.20977011494252873,0.19827586206896552,0.17758620689655172,0.23160919540229885,0.19137931034482758,0.2057471264367816,0.25057471264367814,0.1925287356321839,0.21839080459770116,0.182183908045977,0.16091954022988506,0.15747126436781608,0.1660919540229885,0.11666666666666667,0.19655172413793104,0.16379310344827586,0.12011494252873563,0.2,0.1442528735632184,0.16206896551724137,0.16149425287356323,0.15689655172413794,0.1850574712643678,0.12758620689655173,0.1396551724137931,0.15172413793103448,0.15172413793103448,0.1132183908045977,0.13735632183908045,0.11551724137931034,0.12298850574712644,0.12758620689655173,0.09482758620689655,0.11724137931034483,0.13735632183908045,0.1339080459770115,0.09022988505747126,0.1132183908045977,0.11436781609195402,0.0839080459770115,0.09137931034482759,0.09597701149425288,0.1425287356321839,0.09885057471264368,0.1367816091954023,0.08793103448275862,0.09655172413793103,0.07758620689655173,0.0764367816091954,0.09195402298850575,0.10344827586206896,0.10402298850574712,0.08620689655172414,0.11724137931034483,0.08045977011494253,0.21436781609195402,0.09137931034482759,0.13505747126436782,0.07816091954022988,0.08448275862068966,0.08045977011494253,0.09367816091954023,0.10919540229885058,0.09942528735632183,0.08850574712643679,0.07873563218390804,0.11436781609195402,0.11206896551724138,0.10172413793103448,0.11264367816091954,0.10977011494252874,0.1132183908045977,0.09137931034482759,0.07241379310344828,0.10229885057471265,0.11206896551724138,0.07586206896551724,0.12183908045977011,0.07528735632183908,0.0735632183908046,0.10689655172413794,0.08793103448275862,0.0925287356321839,0.08620689655172414,0.06551724137931035,0.09827586206896552,0.0764367816091954,0.09137931034482759,0.09137931034482759,0.06379310344827586,0.09885057471264368,0.04885057471264368,0.08448275862068966,0.09770114942528736,0.08563218390804597,0.07758620689655173,0.08103448275862069,0.07816091954022988,0.10459770114942529,0.067816091954023,0.09597701149425288,0.08620689655172414,0.07528735632183908,0.067816091954023,0.06436781609195402,0.07126436781609195,0.07241379310344828,0.08103448275862069,0.04770114942528736,0.08448275862068966,0.06379310344827586,0.11091954022988505,0.08045977011494253,0.08218390804597701,0.07758620689655173,0.07183908045977011,0.06494252873563218,0.06379310344827586,0.09022988505747126,0.08333333333333333,0.047126436781609195,0.05919540229885058,0.07183908045977011,0.067816091954023,0.05574712643678161,0.04482758620689655,0.08218390804597701,0.044252873563218394,0.067816091954023,0.06436781609195402,0.06724137931034482,0.05632183908045977,0.05632183908045977,0.06379310344827586,0.09367816091954023,0.07701149425287357,0.059770114942528735,0.06264367816091954,0.06321839080459771,0.03505747126436782,0.06609195402298851,0.08045977011494253,0.06724137931034482,0.05459770114942529,0.052873563218390804,0.06091954022988506,0.059770114942528735,0.058045977011494256,0.05,0.05919540229885058,0.04195402298850575,0.0603448275862069,0.0735632183908046,0.05747126436781609,0.11206896551724138,0.032758620689655175,0.06149425287356322,0.03735632183908046,0.04885057471264368,0.032758620689655175,0.05574712643678161,0.05459770114942529,0.07298850574712644,0.04770114942528736,0.044252873563218394,0.06839080459770115,0.04770114942528736,0.058045977011494256,0.07701149425287357,0.04885057471264368,0.1074712643678161,0.03793103448275862,0.044252873563218394,0.06206896551724138,0.06551724137931035,0.06149425287356322,0.05057471264367816,0.09597701149425288,0.052873563218390804,0.08160919540229886,0.07758620689655173,0.05459770114942529,0.04942528735632184,0.04655172413793104,0.05517241379310345,0.0339080459770115,0.05459770114942529,0.08218390804597701,0.06379310344827586,0.0367816091954023,0.051149425287356325,0.0603448275862069,0.05,0.06436781609195402,0.04942528735632184,0.03218390804597701,0.05344827586206897,0.045402298850574715,0.04482758620689655,0.034482758620689655,0.029885057471264367,0.03908045977011494,0.04080459770114943,0.04080459770114943,0.028735632183908046,0.051149425287356325,0.04195402298850575,0.05459770114942529,0.045402298850574715,0.05747126436781609,0.04885057471264368,0.06954022988505747,0.07241379310344828,0.05057471264367816,0.08333333333333333,0.04770114942528736,0.03735632183908046,0.04367816091954023,0.039655172413793106,0.058045977011494256,0.032758620689655175,0.044252873563218394,0.05517241379310345,0.04482758620689655,0.06436781609195402,0.05344827586206897,0.05574712643678161,0.051149425287356325,0.04827586206896552,0.05057471264367816,0.05057471264367816,0.034482758620689655,0.03908045977011494,0.1,0.054022988505747126,0.05057471264367816,0.039655172413793106,0.03505747126436782,0.04885057471264368,0.06206896551724138,0.039655172413793106,0.0367816091954023,0.04655172413793104,0.044252873563218394,0.03045977011494253,0.040229885057471264,0.0367816091954023,0.038505747126436785,0.029885057471264367,0.05459770114942529,0.047126436781609195,0.041379310344827586,0.04252873563218391,0.03620689655172414,0.06896551724137931,0.03045977011494253,0.041379310344827586,0.031609195402298854,0.047126436781609195,0.04942528735632184,0.03333333333333333,0.039655172413793106,0.02471264367816092,0.0367816091954023,0.05172413793103448,0.06666666666666667,0.035632183908045977,0.03908045977011494,0.04310344827586207,0.052873563218390804,0.03218390804597701,0.027011494252873563,0.034482758620689655,0.040229885057471264,0.04885057471264368,0.058045977011494256,0.015517241379310345,0.028735632183908046,0.027586206896551724,0.02413793103448276,0.04367816091954023,0.03333333333333333,0.034482758620689655,0.028160919540229885,0.0367816091954023
nh0249,1.0,0.6581419624217119,0.5662839248434238,0.5005219206680585,0.424321503131524,0.4164926931106472,0.302713987473904,0.3220250521920668,0.28444676409185804,0.31106471816283926,0.25156576200417535,0.2954070981210856,0.30741127348643005,0.28549060542797494,0.238517745302714,0.28914405010438415,0.2745302713987474,0.2531315240083507,0.2766179540709812,0.3168058455114823,0.23434237995824633,0.26043841336116913,0.17745302713987474,0.2510438413361169,0.23277661795407098,0.18110647181628392,0.17118997912317327,0.19050104384133612,0.20093945720250522,0.2630480167014614,0.1837160751565762,0.14822546972860126,0.20772442588726514,0.16805845511482254,0.19728601252609604,0.2082463465553236,0.1941544885177453,0.22025052192066805,0.18945720250521922,0.1534446764091858,0.20198329853862212,0.18893528183716074,0.1524008350730689,0.17014613778705637,0.17745302713987474,0.15709812108559498,0.12160751565762004,0.0975991649269311,0.2139874739039666,0.18528183716075156,0.18319415448851775,0.13778705636743216,0.12317327766179541,0.14509394572025053,0.16231732776617955,0.12317327766179541,0.09968684759916492,0.15762004175365343,0.05219206680584551,0.1393528183716075,0.16597077244258873,0.1409185803757829,0.12108559498956159,0.16075156576200417,0.12421711899791232,0.1544885177453027,0.1268267223382046,0.1315240083507307,0.1383089770354906,0.10438413361169102,0.16962421711899792,0.20615866388308976,0.15553235908141963,0.087160751565762,0.1336116910229645,0.15709812108559498,0.13465553235908143,0.15083507306889352,0.08350730688935282,0.12056367432150313,0.11638830897703549,0.16701461377870563,0.1393528183716075,0.11221294363256785,0.10438413361169102,0.0767223382045929,0.10751565762004175,0.13778705636743216,0.10908141962421712,0.13778705636743216,0.11899791231732777,0.12526096033402923,0.11951983298538622,0.07306889352818371,0.09237995824634655,0.13987473903966596,0.08977035490605428,0.09968684759916492,0.07306889352818371,0.07724425887265135,0.11221294363256785,0.07828810020876827,0.1069937369519833,0.09707724425887265,0.12473903966597077,0.09968684759916492,0.07150313152400835,0.1325678496868476,0.12526096033402923,0.09812108559498957,0.12734864300626306,0.04384133611691023,0.07828810020876827,0.12369519832985386,0.09498956158663883,0.14718162839248433,0.09394572025052192,0.04540709812108559,0.09081419624217119,0.08194154488517745,0.06837160751565761,0.11064718162839249,0.11116910229645094,0.06784968684759916,0.10020876826722339,0.08194154488517745,0.11899791231732777,0.0918580375782881,0.08924843423799582,0.03496868475991649,0.07776617954070981,0.0861169102296451,0.08872651356993737,0.06941544885177453,0.11012526096033402,0.08037578288100208,0.08194154488517745,0.09864300626304802,0.07411273486430063,0.10073068893528184,0.07881002087682672,0.12056367432150313,0.05845511482254697,0.06732776617954071,0.1080375782881002,0.05271398747390397,0.081419624217119,0.0709812108559499,0.09864300626304802,0.1080375782881002,0.10594989561586639,0.06471816283924843,0.06419624217118998,0.055845511482254695,0.07776617954070981,0.09968684759916492,0.08559498956158663,0.08663883089770355,0.07411273486430063,0.07411273486430063,0.05219206680584551,0.10073068893528184,0.07620041753653445,0.0662839248434238,0.05845511482254697,0.04749478079331942,0.0652400835073069,0.09133611691022965,0.055845511482254695,0.061064718162839246,0.10542797494780794,0.09864300626304802,0.04592901878914405,0.05219206680584551,0.038622129436325675,0.060542797494780795,0.12212943632567849,0.04749478079331942,0.054801670146137786,0.05741127348643006,0.10751565762004175,0.04018789144050104,0.06002087682672234,0.06889352818371608,0.054801670146137786,0.05010438413361169,0.08872651356993737,0.029227557411273485,0.07463465553235908,0.06002087682672234,0.0652400835073069,0.043319415448851775,0.07150313152400835,0.05741127348643006,0.05271398747390397,0.10594989561586639,0.06315240083507306,0.10281837160751565,0.054801670146137786,0.04540709812108559,0.061586638830897704,0.06419624217118998,0.0720250521920668,0.07985386221294363,0.06837160751565761,0.06367432150313153,0.05897703549060543,0.06576200417536535,0.08194154488517745,0.043319415448851775,0.01722338204592902,0.08559498956158663,0.08194154488517745,0.05793319415448852,0.06002087682672234,0.04697286012526096,0.04592901878914405,0.04592901878914405,0.07306889352818371,0.06680584551148225,0.049060542797494784,0.050626304801670144,0.0824634655532359,0.055323590814196244,0.04540709812108559,0.060542797494780795,0.06367432150313153,0.06471816283924843,0.06732776617954071,0.10490605427974947,0.061064718162839246,0.06993736951983298,0.0652400835073069,0.05219206680584551,0.07306889352818371,0.05010438413361169,0.044363256784968684,0.06263048016701461,0.06471816283924843,0.09133611691022965,0.06784968684759916,0.03496868475991649,0.06263048016701461,0.05845511482254697,0.07254697286012526,0.06210855949895616,0.038622129436325675,0.04645093945720251,0.038100208768267224,0.05010438413361169,0.0015657620041753654,0.04175365344467641,0.059498956158663886,0.0709812108559499,0.05897703549060543,0.08768267223382047,0.04749478079331942,0.08089770354906055,0.048538622129436326,0.03288100208768267,0.04540709812108559,0.049582463465553235,0.05845511482254697,0.03288100208768267,0.055845511482254695,0.044363256784968684,0.049582463465553235,0.049060542797494784,0.048538622129436326,0.06263048016701461,0.04801670146137787,0.0407098121085595,0.038100208768267224,0.04488517745302714,0.038622129436325675,0.033402922755741124,0.04697286012526096,0.042275574112734866,0.04540709812108559,0.05845511482254697,0.09029227557411273,0.05688935281837161,0.06993736951983298,0.04749478079331942,0.054801670146137786,0.037056367432150315,0.05167014613778706,0.060542797494780795,0.05793319415448852,0.06263048016701461,0.1069937369519833,0.03288100208768267,0.11430062630480167,0.04645093945720251,0.031315240083507306,0.0652400835073069,0.0407098121085595,0.05010438413361169,0.055845511482254695,0.04123173277661795
nh0250,1.0,0.5881826320501343,0.5264100268576545,0.4288272157564906,0.17726051924798567,0.35720680393912263,0.26141450313339304,0.5326768128916741,0.26410026857654434,0.26141450313339304,0.24350940017905104,0.19247985675917637,0.26320501342882724,0.21933751119068934,0.3366159355416294,0.2981199641897941,0.25335720680393914,0.23813786929274844,0.25872873769024174,0.23187108325872874,0.24619516562220234,0.26768128916741274,0.21486123545210384,0.12981199641897942,0.19247985675917637,0.26768128916741274,0.19337511190689347,0.21754700089525514,0.11280214861235452,0.21754700089525514,0.26589077887197854,0.21128021486123547,0.19068934646374217,0.1611459265890779,0.1674127126230976,0.23813786929274844,0.18531781557743957,0.1727842435094002,0.11906893464637422,0.1387645478961504,0.1405550581915846,0.11459265890778872,0.11996418979409132,0.18889883616830797,0.1557743957027753,0.23903312444046554,0.06535362578334826,0.144136078782453,0.09937332139659803,0.11906893464637422,0.051029543419874666,0.10653536257833482,0.10205908683974933,0.08863025962399283,0.08146821844225605,0.12981199641897942,0.12533572068039392,0.153088630259624,0.07251566696508505,0.13428827215756492,0.10474485228290063,0.09758281110116383,0.1539838854073411,0.1369740376007162,0.10832587287376902,0.10832587287376902,0.1504028648164727,0.10116383169203223,0.153088630259624,0.12085944494180842,0.17457475380483437,0.20322291853178157,0.10026857654431513,0.1504028648164727,0.12175470008952552,0.06177260519247986,0.10116383169203223,0.04118173679498657,0.10564010743061773,0.08773500447627573,0.11906893464637422,0.09042076991942703,0.07162041181736795,0.135183527305282,0.13428827215756492,0.12354521038495972,0.10474485228290063,0.1602506714413608,0.051924798567591766,0.05908683974932856,0.11727842435094002,0.07072515666965085,0.07878245299910475,0.08504923903312445,0.07609668755595345,0.10474485228290063,0.07162041181736795,0.12354521038495972,0.10205908683974933,0.07430617726051925,0.09579230080572963,0.10474485228290063,0.13339301700984782,0.050134288272157566,0.09489704565801253,0.1360787824529991,0.05371530886302596,0.10653536257833482,0.10295434198746643,0.08952551477170993,0.1459265890778872,0.12802148612354522,0.044762757385854966,0.09847806624888093,0.09400179051029543,0.09310653536257833,0.09131602506714413,0.05371530886302596,0.12444046553267682,0.06893464637421665,0.10922112802148612,0.05819158460161146,0.1369740376007162,0.10653536257833482,0.08683974932855863,0.05729632945389436,0.07162041181736795,0.07967770814682185,0.09131602506714413,0.10026857654431513,0.09221128021486123,0.07430617726051925,0.08952551477170993,0.08594449418084155,0.05550581915846016,0.05729632945389436,0.08504923903312445,0.04207699194270367,0.05908683974932856,0.07788719785138765,0.08057296329453895,0.043867502238137866,0.051924798567591766,0.10474485228290063,0.07609668755595345,0.09489704565801253,0.07072515666965085,0.052820053715308866,0.10564010743061773,0.044762757385854966,0.052820053715308866,0.08863025962399283,0.06624888093106536,0.08415398388540735,0.051029543419874666,0.06624888093106536,0.07251566696508505,0.07072515666965085,0.10474485228290063,0.06624888093106536,0.047448522829006266,0.08594449418084155,0.05461056401074306,0.07520143240823635,0.050134288272157566,0.04118173679498657,0.07341092211280215,0.047448522829006266,0.049239033124440466,0.051924798567591766,0.03939122649955237,0.05550581915846016,0.04118173679498657,0.051029543419874666,0.07430617726051925,0.05908683974932856,0.06266786034019696,0.05550581915846016,0.03222918531781558,0.03312444046553268,0.07341092211280215,0.07072515666965085,0.043867502238137866,0.049239033124440466,0.07878245299910475,0.049239033124440466,0.05550581915846016,0.05998209489704566,0.06356311548791406,0.07341092211280215,0.051924798567591766,0.06087735004476276,0.09042076991942703,0.06445837063563116,0.07251566696508505,0.05998209489704566,0.04297224709042077,0.05908683974932856,0.09400179051029543,0.08415398388540735,0.05819158460161146,0.046553267681289166,0.048343777976723366,0.05550581915846016,0.06356311548791406,0.05550581915846016,0.06087735004476276,0.04207699194270367,0.03043867502238138,0.09042076991942703,0.052820053715308866,0.046553267681289166,0.05908683974932856,0.08325872873769025,0.04207699194270367,0.03849597135183527,0.07341092211280215,0.05371530886302596,0.048343777976723366,0.03670546105640107,0.02775290957923008,0.049239033124440466,0.05550581915846016,0.044762757385854966,0.02864816472694718,0.05550581915846016,0.08863025962399283,0.050134288272157566,0.03043867502238138,0.05371530886302596,0.048343777976723366,0.03043867502238138,0.05371530886302596,0.043867502238137866,0.06624888093106536,0.05550581915846016,0.05908683974932856,0.046553267681289166,0.03849597135183527,0.045658012533572066,0.08773500447627573,0.06087735004476276,0.02864816472694718,0.043867502238137866,0.03133393017009848,0.05461056401074306,0.08146821844225605,0.03491495076096687,0.04297224709042077,0.07520143240823635,0.0008952551477170994,0.03760071620411817,0.04028648164726947,0.03043867502238138,0.09310653536257833,0.025067144136078783,0.02864816472694718,0.07788719785138765,0.04028648164726947,0.02775290957923008,0.06266786034019696,0.05640107430617726,0.03849597135183527,0.05550581915846016,0.06356311548791406,0.04028648164726947,0.052820053715308866,0.07162041181736795,0.03133393017009848,0.044762757385854966,0.024171888988361683,0.03849597135183527,0.045658012533572066,0.017905102954341987,0.03401969561324977,0.046553267681289166,0.11369740376007162,0.044762757385854966,0.04207699194270367,0.04297224709042077,0.03043867502238138,0.023276633840644583,0.06266786034019696,0.05371530886302596,0.02685765443151298,0.024171888988361683,0.03849597135183527,0.03849597135183527,0.06177260519247986,0.07341092211280215,0.06714413607878246,0.051924798567591766,0.11190689346463742,0.04028648164726947,0.050134288272157566,0.06266786034019696,0.05729632945389436,0.03581020590868397,0.04028648164726947,0.02864816472694718
nh0251,1.0,0.6666666666666666,0.5598958333333334,0.3776041666666667,0.2942708333333333,0.4049479166666667,0.3450520833333333,0.3411458333333333,0.328125,0.27734375,0.23046875,0.265625,0.2565104166666667,0.27734375,0.2513020833333333,0.3059895833333333,0.22265625,0.17708333333333334,0.21484375,0.23046875,0.20833333333333334,0.23307291666666666,0.3463541666666667,0.22786458333333334,0.24088541666666666,0.18229166666666666,0.13671875,0.23828125,0.16536458333333334,0.20572916666666666,0.21744791666666666,0.15494791666666666,0.14322916666666666,0.17317708333333334,0.15234375,0.20182291666666666,0.17708333333333334,0.1640625,0.17057291666666666,0.109375,0.11328125,0.09765625,0.14192708333333334,0.20052083333333334,0.10546875,0.23177083333333334,0.10026041666666667,0.10677083333333333,0.10286458333333333,0.17578125,0.17578125,0.140625,0.1953125,0.11067708333333333,0.07552083333333333,0.16536458333333334,0.11588541666666667,0.23307291666666666,0.1328125,0.109375,0.11458333333333333,0.09895833333333333,0.13411458333333334,0.08333333333333333,0.12760416666666666,0.11197916666666667,0.1015625,0.08723958333333333,0.11588541666666667,0.13541666666666666,0.11458333333333333,0.08333333333333333,0.10546875,0.12890625,0.14453125,0.11067708333333333,0.07421875,0.15364583333333334,0.12369791666666667,0.10286458333333333,0.1171875,0.12630208333333334,0.09505208333333333,0.08984375,0.09244791666666667,0.12630208333333334,0.11979166666666667,0.109375,0.08984375,0.11197916666666667,0.09375,0.10677083333333333,0.11458333333333333,0.1171875,0.0859375,0.10026041666666667,0.08463541666666667,0.12369791666666667,0.07291666666666667,0.09375,0.13541666666666666,0.10416666666666667,0.06510416666666667,0.08463541666666667,0.08463541666666667,0.09244791666666667,0.125,0.10807291666666667,0.12630208333333334,0.12890625,0.11588541666666667,0.078125,0.041666666666666664,0.08333333333333333,0.07421875,0.15234375,0.13411458333333334,0.022135416666666668,0.13411458333333334,0.08984375,0.09505208333333333,0.1015625,0.14192708333333334,0.07942708333333333,0.09244791666666667,0.04296875,0.061197916666666664,0.09375,0.1015625,0.08203125,0.07682291666666667,0.08203125,0.09895833333333333,0.07682291666666667,0.09375,0.07421875,0.08203125,0.055989583333333336,0.11979166666666667,0.08463541666666667,0.08984375,0.06640625,0.052083333333333336,0.05078125,0.0703125,0.09114583333333333,0.055989583333333336,0.06770833333333333,0.1328125,0.06901041666666667,0.13671875,0.0859375,0.07291666666666667,0.09895833333333333,0.059895833333333336,0.08333333333333333,0.078125,0.06510416666666667,0.06770833333333333,0.0625,0.02734375,0.07682291666666667,0.053385416666666664,0.05078125,0.08463541666666667,0.046875,0.059895833333333336,0.0859375,0.07291666666666667,0.05078125,0.06380208333333333,0.05859375,0.053385416666666664,0.08463541666666667,0.052083333333333336,0.053385416666666664,0.057291666666666664,0.08984375,0.078125,0.0625,0.10546875,0.044270833333333336,0.057291666666666664,0.053385416666666664,0.07161458333333333,0.020833333333333332,0.04296875,0.08723958333333333,0.048177083333333336,0.0546875,0.041666666666666664,0.0234375,0.040364583333333336,0.07552083333333333,0.09765625,0.13671875,0.033854166666666664,0.09244791666666667,0.0546875,0.037760416666666664,0.0703125,0.0859375,0.078125,0.046875,0.044270833333333336,0.053385416666666664,0.028645833333333332,0.045572916666666664,0.046875,0.07161458333333333,0.033854166666666664,0.06380208333333333,0.049479166666666664,0.08203125,0.061197916666666664,0.055989583333333336,0.07291666666666667,0.0390625,0.08854166666666667,0.049479166666666664,0.06640625,0.057291666666666664,0.07291666666666667,0.0625,0.0546875,0.04296875,0.06380208333333333,0.07161458333333333,0.0390625,0.12369791666666667,0.0625,0.02734375,0.0625,0.08854166666666667,0.029947916666666668,0.048177083333333336,0.05859375,0.045572916666666664,0.057291666666666664,0.06510416666666667,0.08723958333333333,0.037760416666666664,0.06640625,0.06770833333333333,0.037760416666666664,0.07421875,0.045572916666666664,0.032552083333333336,0.016927083333333332,0.01953125,0.0,0.0390625,0.049479166666666664,0.036458333333333336,0.049479166666666664,0.06640625,0.07682291666666667,0.040364583333333336,0.037760416666666664,0.07421875,0.024739583333333332,0.053385416666666664,0.037760416666666664,0.061197916666666664,0.03125,0.0390625,0.059895833333333336,0.06510416666666667,0.018229166666666668,0.0625,0.05078125,0.028645833333333332,0.059895833333333336,0.053385416666666664,0.028645833333333332,0.0390625,0.048177083333333336,0.059895833333333336,0.040364583333333336,0.052083333333333336,0.046875,0.059895833333333336,0.11848958333333333,0.0703125,0.053385416666666664,0.018229166666666668,0.07291666666666667,0.03515625,0.06380208333333333,0.0390625,0.09505208333333333,0.049479166666666664,0.052083333333333336,0.036458333333333336,0.037760416666666664,0.029947916666666668,0.032552083333333336,0.032552083333333336,0.055989583333333336,0.028645833333333332
nh0252,1.0,0.6285714285714286,0.5841269841269842,0.3671957671957672,0.26666666666666666,0.40105820105820106,0.3523809523809524,0.362962962962963,0.37142857142857144,0.2560846560846561,0.21798941798941798,0.2613756613756614,0.2761904761904762,0.2920634920634921,0.23492063492063492,0.3111111111111111,0.2740740740740741,0.13862433862433862,0.22433862433862434,0.28253968253968254,0.20423280423280424,0.24867724867724866,0.3164021164021164,0.24232804232804234,0.23703703703703705,0.1619047619047619,0.164021164021164,0.22116402116402117,0.13015873015873017,0.17142857142857143,0.19682539682539682,0.16825396825396827,0.15343915343915343,0.18941798941798943,0.1619047619047619,0.1746031746031746,0.1693121693121693,0.14074074074074075,0.18941798941798943,0.11005291005291006,0.12275132275132275,0.10687830687830688,0.1365079365079365,0.17777777777777778,0.1037037037037037,0.19153439153439153,0.07301587301587302,0.09523809523809523,0.1523809523809524,0.12169312169312169,0.12380952380952381,0.1693121693121693,0.1164021164021164,0.11322751322751323,0.06349206349206349,0.13862433862433862,0.12804232804232804,0.19153439153439153,0.14603174603174604,0.11005291005291006,0.13756613756613756,0.09735449735449736,0.15873015873015872,0.12380952380952381,0.10687830687830688,0.12486772486772486,0.1365079365079365,0.12804232804232804,0.08994708994708994,0.1439153439153439,0.07513227513227513,0.11746031746031746,0.10687830687830688,0.1343915343915344,0.10899470899470899,0.10687830687830688,0.07407407407407407,0.09735449735449736,0.11322751322751323,0.08571428571428572,0.08783068783068783,0.14708994708994708,0.10476190476190476,0.07407407407407407,0.12804232804232804,0.10158730158730159,0.1343915343915344,0.10793650793650794,0.08253968253968254,0.0962962962962963,0.08465608465608465,0.10899470899470899,0.13544973544973546,0.11322751322751323,0.08783068783068783,0.08677248677248678,0.10582010582010581,0.091005291005291,0.06031746031746032,0.10476190476190476,0.08571428571428572,0.08148148148148149,0.08677248677248678,0.0962962962962963,0.09312169312169312,0.1111111111111111,0.09523809523809523,0.10158730158730159,0.1111111111111111,0.08783068783068783,0.09947089947089947,0.08465608465608465,0.04126984126984127,0.09206349206349207,0.09947089947089947,0.12804232804232804,0.12380952380952381,0.04021164021164021,0.13862433862433862,0.09206349206349207,0.09841269841269841,0.10687830687830688,0.0835978835978836,0.08888888888888889,0.08571428571428572,0.05291005291005291,0.07195767195767196,0.07936507936507936,0.09417989417989418,0.07830687830687831,0.07724867724867725,0.061375661375661375,0.08677248677248678,0.13756613756613756,0.06772486772486773,0.06243386243386243,0.08465608465608465,0.05291005291005291,0.09312169312169312,0.061375661375661375,0.06878306878306878,0.08677248677248678,0.056084656084656084,0.04656084656084656,0.07195767195767196,0.09735449735449736,0.07195767195767196,0.06031746031746032,0.1164021164021164,0.06878306878306878,0.1492063492063492,0.044444444444444446,0.06984126984126984,0.1037037037037037,0.06984126984126984,0.05291005291005291,0.05291005291005291,0.06666666666666667,0.05714285714285714,0.08677248677248678,0.05291005291005291,0.08042328042328042,0.08148148148148149,0.047619047619047616,0.0582010582010582,0.06455026455026455,0.06243386243386243,0.05714285714285714,0.05291005291005291,0.0455026455026455,0.0380952380952381,0.0656084656084656,0.05291005291005291,0.07195767195767196,0.03597883597883598,0.050793650793650794,0.08148148148148149,0.08465608465608465,0.07301587301587302,0.06666666666666667,0.09735449735449736,0.06666666666666667,0.056084656084656084,0.07301587301587302,0.047619047619047616,0.01904761904761905,0.03492063492063492,0.0656084656084656,0.05185185185185185,0.04338624338624339,0.06455026455026455,0.04867724867724868,0.0380952380952381,0.05396825396825397,0.09206349206349207,0.11957671957671957,0.056084656084656084,0.05396825396825397,0.06984126984126984,0.047619047619047616,0.06031746031746032,0.08148148148148149,0.06772486772486773,0.06031746031746032,0.037037037037037035,0.047619047619047616,0.03492063492063492,0.04867724867724868,0.05291005291005291,0.05396825396825397,0.04021164021164021,0.05396825396825397,0.05502645502645503,0.05291005291005291,0.06984126984126984,0.06772486772486773,0.07936507936507936,0.05185185185185185,0.07407407407407407,0.039153439153439155,0.05502645502645503,0.04021164021164021,0.04126984126984127,0.05925925925925926,0.042328042328042326,0.06455026455026455,0.05291005291005291,0.07936507936507936,0.02962962962962963,0.10158730158730159,0.05291005291005291,0.044444444444444446,0.06455026455026455,0.05714285714285714,0.05291005291005291,0.044444444444444446,0.08148148148148149,0.037037037037037035,0.0455026455026455,0.04973544973544974,0.0656084656084656,0.05291005291005291,0.042328042328042326,0.07830687830687831,0.05502645502645503,0.05502645502645503,0.061375661375661375,0.0455026455026455,0.009523809523809525,0.013756613756613757,0.007407407407407408,0.0380952380952381,0.037037037037037035,0.0455026455026455,0.06772486772486773,0.04973544973544974,0.08148148148148149,0.04021164021164021,0.0761904761904762,0.0380952380952381,0.026455026455026454,0.03597883597883598,0.027513227513227514,0.050793650793650794,0.04867724867724868,0.033862433862433865,0.047619047619047616,0.06772486772486773,0.04021164021164021,0.042328042328042326,0.03492063492063492,0.04021164021164021,0.0656084656084656,0.05291005291005291,0.04973544973544974,0.04021164021164021,0.05502645502645503,0.04126984126984127,0.0455026455026455,0.04021164021164021,0.04126984126984127,0.0380952380952381,0.091005291005291,0.05925925925925926,0.056084656084656084,0.025396825396825397,0.06878306878306878,0.042328042328042326,0.06243386243386243,0.030687830687830688,0.09841269841269841,0.0380952380952381,0.04973544973544974,0.02328042328042328,0.025396825396825397,0.02857142857142857,0.04126984126984127,0.04021164021164021,0.039153439153439155,0.025396825396825397
nh0253,1.0,0.5824244966442953,0.5635486577181208,0.5029362416107382,0.34815436241610737,0.35318791946308725,0.38234060402684567,0.3036912751677852,0.2946728187919463,0.3412332214765101,0.30935402684563756,0.2902684563758389,0.31229026845637586,0.2588087248322148,0.22000838926174496,0.2596476510067114,0.23825503355704697,0.31229026845637586,0.2684563758389262,0.21203859060402686,0.24601510067114093,0.22273489932885907,0.2762164429530201,0.20931208053691275,0.19945469798657717,0.19211409395973153,0.200503355704698,0.1950503355704698,0.169253355704698,0.1805788590604027,0.1531040268456376,0.20868288590604026,0.18141778523489932,0.17407718120805368,0.18770973154362416,0.19798657718120805,0.18036912751677853,0.14450503355704697,0.1579278523489933,0.1545721476510067,0.17973993288590603,0.1455536912751678,0.1115771812080537,0.11619127516778524,0.15499161073825504,0.08808724832214765,0.22399328859060402,0.13066275167785235,0.11073825503355705,0.09458892617449664,0.11807885906040269,0.14660234899328858,0.1493288590604027,0.1174496644295302,0.14995805369127516,0.1298238255033557,0.1493288590604027,0.1088506711409396,0.13968120805369127,0.13821308724832215,0.09626677852348993,0.13842281879194632,0.11598154362416108,0.11199664429530201,0.14366610738255034,0.11073825503355705,0.10192953020134228,0.16736577181208054,0.11451342281879194,0.14135906040268456,0.13905201342281878,0.07885906040268456,0.11031879194630873,0.13653523489932887,0.08766778523489933,0.10297818791946309,0.09710570469798657,0.10822147651006711,0.11765939597315436,0.08640939597315436,0.11619127516778524,0.1136744966442953,0.09500838926174497,0.08955536912751678,0.11619127516778524,0.14471476510067113,0.09249161073825503,0.08829697986577181,0.0964765100671141,0.08808724832214765,0.09479865771812081,0.08095637583892618,0.07990771812080537,0.10633389261744966,0.10968959731543625,0.09899328859060402,0.11430369127516779,0.10759228187919463,0.08368288590604027,0.08703859060402684,0.10738255033557047,0.07927852348993289,0.1078020134228188,0.09878355704697987,0.07340604026845637,0.09018456375838926,0.07445469798657718,0.08829697986577181,0.060822147651006714,0.07634228187919463,0.08850671140939598,0.10360738255033557,0.10004194630872483,0.08745805369127517,0.08829697986577181,0.07109899328859061,0.0765520134228188,0.16631711409395974,0.08179530201342282,0.09458892617449664,0.09375,0.08892617449664429,0.07466442953020135,0.07529362416107382,0.09270134228187919,0.0803271812080537,0.0765520134228188,0.08598993288590603,0.08640939597315436,0.12751677852348994,0.08766778523489933,0.07676174496644295,0.0759228187919463,0.08640939597315436,0.07340604026845637,0.06312919463087248,0.08892617449664429,0.07906879194630873,0.08703859060402684,0.07529362416107382,0.07109899328859061,0.07781040268456375,0.09689597315436242,0.06606543624161074,0.07340604026845637,0.09291107382550336,0.07529362416107382,0.06606543624161074,0.08263422818791946,0.06795302013422819,0.11052852348993289,0.06837248322147652,0.0738255033557047,0.07214765100671142,0.07634228187919463,0.06858221476510067,0.07256711409395973,0.05683724832214765,0.07466442953020135,0.07172818791946309,0.0786493288590604,0.07298657718120806,0.06480704697986577,0.08200503355704698,0.07172818791946309,0.09542785234899329,0.08976510067114093,0.07403523489932885,0.059773489932885907,0.025796979865771813,0.0549496644295302,0.04991610738255033,0.059983221476510064,0.052642617449664426,0.09123322147651007,0.06438758389261745,0.05201342281879195,0.08095637583892618,0.04614093959731544,0.05515939597315436,0.06375838926174497,0.07802013422818792,0.047818791946308725,0.08221476510067115,0.0738255033557047,0.020134228187919462,0.07361577181208054,0.07214765100671142,0.09270134228187919,0.06921140939597316,0.06648489932885907,0.06564597315436242,0.07067953020134228,0.0834731543624161,0.06732382550335571,0.06354865771812081,0.05956375838926174,0.05809563758389262,0.040687919463087245,0.08095637583892618,0.05809563758389262,0.053691275167785234,0.050335570469798654,0.057466442953020135,0.07403523489932885,0.05725671140939597,0.06333892617449664,0.05453020134228188,0.04530201342281879,0.047399328859060404,0.12541946308724833,0.051593959731543626,0.05285234899328859,0.059773489932885907,0.059983221476510064,0.040268456375838924,0.05473993288590604,0.060822147651006714,0.07026006711409397,0.05054530201342282,0.06879194630872483,0.06711409395973154,0.05285234899328859,0.06417785234899329,0.07424496644295302,0.05893456375838926,0.04551174496644295,0.04089765100671141,0.053691275167785234,0.037751677852348994,0.04383389261744967,0.04530201342281879,0.04194630872483222,0.07214765100671142,0.044463087248322146,0.07927852348993289,0.052642617449664426,0.04907718120805369,0.05453020134228188,0.044043624161073824,0.059773489932885907,0.053691275167785234,0.051593959731543626,0.03921979865771812,0.04467281879194631,0.047399328859060404,0.053481543624161076,0.051593959731543626,0.010696308724832215,0.04131711409395973,0.12919463087248323,0.051593959731543626,0.03838087248322147,0.04865771812080537,0.053062080536912755,0.03838087248322147,0.04844798657718121,0.05180369127516778,0.055998322147651006,0.05893456375838926,0.05453020134228188,0.05956375838926174,0.05473993288590604,0.041526845637583895,0.05578859060402685,0.03942953020134228,0.05075503355704698,0.047399328859060404,0.0700503355704698,0.0501258389261745,0.031459731543624164,0.043414429530201346,0.0539010067114094,0.03754194630872483,0.05054530201342282,0.0549496644295302,0.040268456375838924,0.05453020134228188,0.04551174496644295,0.040268456375838924,0.042156040268456374,0.05075503355704698,0.040058724832214766,0.047399328859060404,0.04718959731543624,0.046350671140939596,0.0539010067114094,0.051174496644295304,0.040687919463087245,0.036283557046979865,0.05704697986577181,0.008179530201342282,0.03796140939597315,0.03565436241610738,0.06270973154362416,0.05432046979865772,0.04509228187919463,0.04949664429530201,0.03607382550335571,0.05075503355704698
nh0254,1.0,0.5852941176470589,0.4264705882352941,0.3735294117647059,0.3911764705882353,0.27647058823529413,0.3073529411764706,0.21029411764705883,0.2235294117647059,0.27941176470588236,0.3323529411764706,0.275,0.29705882352941176,0.21029411764705883,0.15588235294117647,0.21029411764705883,0.22647058823529412,0.19852941176470587,0.16029411764705884,0.21764705882352942,0.17794117647058824,0.19558823529411765,0.25,0.20147058823529412,0.20294117647058824,0.12794117647058822,0.13823529411764707,0.14558823529411766,0.16470588235294117,0.175,0.21029411764705883,0.09852941176470588,0.1514705882352941,0.2,0.15,0.09411764705882353,0.08970588235294118,0.14411764705882352,0.09264705882352942,0.08823529411764706,0.09852941176470588,0.12352941176470589,0.09705882352941177,0.08970588235294118,0.1676470588235294,0.14411764705882352,0.1264705882352941,0.21470588235294116,0.125,0.09558823529411764,0.11323529411764706,0.1323529411764706,0.09852941176470588,0.10882352941176471,0.09411764705882353,0.1161764705882353,0.04411764705882353,0.12058823529411765,0.1426470588235294,0.08823529411764706,0.10735294117647058,0.1,0.13529411764705881,0.1338235294117647,0.11911764705882352,0.07647058823529412,0.07941176470588235,0.16176470588235295,0.11029411764705882,0.11323529411764706,0.08676470588235294,0.07941176470588235,0.06911764705882353,0.09558823529411764,0.11029411764705882,0.08970588235294118,0.07941176470588235,0.08529411764705883,0.1338235294117647,0.1,0.11029411764705882,0.10441176470588236,0.09852941176470588,0.060294117647058824,0.1338235294117647,0.1323529411764706,0.16470588235294117,0.08235294117647059,0.12794117647058822,0.0838235294117647,0.11029411764705882,0.06323529411764706,0.061764705882352944,0.09411764705882353,0.09264705882352942,0.06911764705882353,0.07205882352941176,0.09705882352941177,0.09705882352941177,0.10735294117647058,0.08970588235294118,0.10294117647058823,0.06470588235294118,0.11470588235294117,0.08823529411764706,0.09117647058823529,0.1264705882352941,0.1161764705882353,0.11176470588235295,0.06470588235294118,0.061764705882352944,0.1,0.0661764705882353,0.07647058823529412,0.10147058823529412,0.10441176470588236,0.08088235294117647,0.08529411764705883,0.07647058823529412,0.11176470588235295,0.12058823529411765,0.09117647058823529,0.039705882352941174,0.06764705882352941,0.13970588235294118,0.09558823529411764,0.061764705882352944,0.060294117647058824,0.047058823529411764,0.09705882352941177,0.12941176470588237,0.0838235294117647,0.10147058823529412,0.04852941176470588,0.07058823529411765,0.06911764705882353,0.058823529411764705,0.07794117647058824,0.07352941176470588,0.0661764705882353,0.08088235294117647,0.08823529411764706,0.06911764705882353,0.11911764705882352,0.041176470588235294,0.10147058823529412,0.09117647058823529,0.054411764705882354,0.12352941176470589,0.052941176470588235,0.12205882352941176,0.04411764705882353,0.10294117647058823,0.10441176470588236,0.07058823529411765,0.11029411764705882,0.029411764705882353,0.06323529411764706,0.058823529411764705,0.10588235294117647,0.09705882352941177,0.1,0.060294117647058824,0.11176470588235295,0.045588235294117645,0.04264705882352941,0.0838235294117647,0.07647058823529412,0.12352941176470589,0.033823529411764704,0.051470588235294115,0.06911764705882353,0.13970588235294118,0.052941176470588235,0.09852941176470588,0.08529411764705883,0.045588235294117645,0.04411764705882353,0.07352941176470588,0.08088235294117647,0.05588235294117647,0.08676470588235294,0.08529411764705883,0.033823529411764704,0.06323529411764706,0.01764705882352941,0.058823529411764705,0.07058823529411765,0.07941176470588235,0.06323529411764706,0.06764705882352941,0.06911764705882353,0.054411764705882354,0.07647058823529412,0.03823529411764706,0.08088235294117647,0.07647058823529412,0.03529411764705882,0.061764705882352944,0.04852941176470588,0.06764705882352941,0.075,0.045588235294117645,0.052941176470588235,0.041176470588235294,0.05,0.057352941176470586,0.061764705882352944,0.051470588235294115,0.04852941176470588,0.03676470588235294,0.058823529411764705,0.04411764705882353,0.057352941176470586,0.058823529411764705,0.058823529411764705,0.07058823529411765,0.06470588235294118,0.058823529411764705,0.052941176470588235,0.058823529411764705,0.05,0.051470588235294115,0.06470588235294118,0.08235294117647059,0.04411764705882353,0.052941176470588235,0.06764705882352941,0.06470588235294118,0.06764705882352941,0.025,0.03529411764705882,0.051470588235294115,0.047058823529411764,0.052941176470588235,0.05,0.061764705882352944,0.051470588235294115,0.03529411764705882,0.03235294117647059,0.04264705882352941,0.052941176470588235,0.027941176470588237,0.04264705882352941,0.016176470588235296,0.027941176470588237,0.051470588235294115,0.051470588235294115,0.014705882352941176,0.020588235294117647,0.054411764705882354,0.045588235294117645,0.051470588235294115,0.033823529411764704,0.045588235294117645,0.03676470588235294,0.04852941176470588,0.025,0.08235294117647059,0.026470588235294117,0.041176470588235294,0.04852941176470588,0.023529411764705882,0.0838235294117647,0.016176470588235296,0.03235294117647059,0.047058823529411764,0.05,0.023529411764705882,0.030882352941176472,0.041176470588235294,0.06764705882352941,0.07058823529411765,0.04411764705882353,0.013235294117647059,0.052941176470588235,0.05,0.058823529411764705,0.03823529411764706,0.04852941176470588,0.029411764705882353,0.054411764705882354,0.06764705882352941,0.03823529411764706,0.03529411764705882,0.06470588235294118,0.057352941176470586,0.04411764705882353,0.058823529411764705,0.020588235294117647,0.039705882352941174,0.057352941176470586,0.051470588235294115,0.033823529411764704,0.09411764705882353,0.075,0.03529411764705882,0.041176470588235294,0.07058823529411765,0.06911764705882353
nh0255,1.0,0.8966512702078522,0.6836027713625866,0.41397228637413397,0.5467667436489607,0.5739030023094688,0.28290993071593534,0.34122401847575057,0.32967667436489606,0.4930715935334873,0.3689376443418014,0.3856812933025404,0.36200923787528866,0.3816397228637413,0.23787528868360278,0.3279445727482679,0.355080831408776,0.26732101616628173,0.23787528868360278,0.418013856812933,0.3244803695150115,0.342378752886836,0.21478060046189376,0.24249422632794457,0.26096997690531176,0.23210161662817552,0.24422632794457275,0.2661662817551963,0.29503464203233254,0.26212471131639725,0.19861431870669746,0.17436489607390301,0.2644341801385681,0.16801385681293302,0.2107390300230947,0.26674364896073904,0.2546189376443418,0.26674364896073904,0.22344110854503466,0.15762124711316397,0.21535796766743648,0.19341801385681293,0.23094688221709006,0.2084295612009238,0.10161662817551963,0.18013856812933027,0.098729792147806,0.16339491916859122,0.21535796766743648,0.23787528868360278,0.13568129330254042,0.16454965357967669,0.15184757505773672,0.14376443418013857,0.06986143187066975,0.1235565819861432,0.10277136258660508,0.11720554272517321,0.1697459584295612,0.18937644341801385,0.18475750577367206,0.14607390300230946,0.20438799076212472,0.1426096997690531,0.14318706697459585,0.18302540415704388,0.13394919168591224,0.1420323325635104,0.13337182448036952,0.15300230946882218,0.10969976905311778,0.14145496535796767,0.23729792147806006,0.13452655889145496,0.197459584295612,0.18879907621247113,0.14780600461893764,0.09815242494226328,0.17956120092378752,0.1997690531177829,0.2084295612009238,0.1928406466512702,0.23729792147806006,0.14434180138568128,0.15184757505773672,0.13914549653579678,0.12759815242494227,0.12297921478060046,0.12240184757505773,0.19861431870669746,0.14838337182448036,0.1859122401847575,0.1264434180138568,0.10277136258660508,0.1287528868360277,0.14780600461893764,0.07159353348729793,0.14434180138568128,0.11027713625866051,0.1420323325635104,0.12990762124711316,0.10161662817551963,0.14665127020785218,0.1674364896073903,0.17725173210161663,0.15300230946882218,0.13856812933025403,0.13106235565819863,0.14491916859122403,0.13856812933025403,0.13914549653579678,0.12933025404157045,0.13625866050808313,0.11200923787528869,0.16628175519630484,0.07390300230946882,0.10392609699769054,0.06062355658198614,0.11720554272517321,0.11374133949191687,0.12817551963048499,0.14953810623556582,0.07852193995381063,0.13279445727482678,0.15531177829099307,0.075635103926097,0.1235565819861432,0.098729792147806,0.09122401847575058,0.09353348729792148,0.11431870669745958,0.1033487297921478,0.08198614318706697,0.06062355658198614,0.05138568129330254,0.10103926096997691,0.09295612009237875,0.08833718244803695,0.10046189376443418,0.11547344110854503,0.1195150115473441,0.14838337182448036,0.075635103926097,0.1033487297921478,0.12297921478060046,0.11836027713625866,0.10739030023094688,0.08660508083140878,0.10161662817551963,0.10623556581986143,0.06466512702078522,0.07909930715935334,0.09988452655889145,0.09006928406466513,0.13048498845265588,0.0894919168591224,0.0687066974595843,0.13279445727482678,0.0964203233256351,0.12759815242494227,0.09237875288683603,0.12817551963048499,0.0848729792147806,0.12759815242494227,0.09526558891454966,0.07505773672055427,0.07390300230946882,0.10681293302540416,0.05369515011547344,0.07274826789838337,0.0617782909930716,0.09295612009237875,0.1195150115473441,0.06639722863741339,0.06004618937644342,0.075635103926097,0.11547344110854503,0.05831408775981524,0.10681293302540416,0.1033487297921478,0.10046189376443418,0.04849884526558892,0.10508083140877598,0.08140877598152425,0.1033487297921478,0.05138568129330254,0.040993071593533485,0.06293302540415704,0.08198614318706697,0.05138568129330254,0.08718244803695151,0.04676674364896074,0.08198614318706697,0.07852193995381063,0.075635103926097,0.054272517321016164,0.06639722863741339,0.06928406466512702,0.06639722863741339,0.03464203233256351,0.0687066974595843,0.08314087759815242,0.12009237875288684,0.10103926096997691,0.04503464203233257,0.08371824480369515,0.07852193995381063,0.0710161662817552,0.08083140877598152,0.10219399538106236,0.0040415704387990765,0.06697459584295612,0.06351039260969978,0.075635103926097,0.09699769053117784,0.09237875288683603,0.06755196304849885,0.07332563510392609,0.07159353348729793,0.050808314087759814,0.06466512702078522,0.049653579676674366,0.0848729792147806,0.07217090069284064,0.06466512702078522,0.061200923787528866,0.10103926096997691,0.09237875288683603,0.061200923787528866,0.03464203233256351,0.08314087759815242,0.07621247113163972,0.06697459584295612,0.07332563510392609,0.09757505773672055,0.10969976905311778,0.08545034642032333,0.09584295612009237,0.05600461893764434,0.07448036951501155,0.046189376443418015,0.08545034642032333,0.06697459584295612,0.08198614318706697,0.10046189376443418,0.06524249422632794,0.07043879907621248,0.07909930715935334,0.03983833718244804,0.04041570438799076,0.012702078521939953,0.08775981524249422,0.08891454965357967,0.07043879907621248,0.06697459584295612,0.06351039260969978,0.08891454965357967,0.07505773672055427,0.08891454965357967,0.061200923787528866,0.05658198614318707,0.05254041570438799,0.06293302540415704,0.11316397228637413,0.08314087759815242,0.06524249422632794,0.07390300230946882,0.07678983833718245,0.08371824480369515,0.08083140877598152,0.05831408775981524,0.04561200923787529,0.046189376443418015,0.05023094688221709,0.02424942263279446,0.05889145496535797,0.04792147806004619,0.05196304849884527,0.06986143187066975,0.07448036951501155,0.07159353348729793,0.05658198614318707,0.050808314087759814,0.0687066974595843,0.04676674364896074,0.05369515011547344,0.08545034642032333,0.04849884526558892,0.07505773672055427,0.04849884526558892,0.07736720554272518,0.012702078521939953,0.050808314087759814,0.054272517321016164,0.05196304849884527,0.04734411085450346,0.04041570438799076,0.04041570438799076,0.042725173210161664,0.032909930715935336
nh0256,1.0,0.6822222222222222,0.5318518518518518,0.4318518518518519,0.4066666666666667,0.42814814814814817,0.5333333333333333,0.42962962962962964,0.2896296296296296,0.30962962962962964,0.3022222222222222,0.27555555555555555,0.36814814814814817,0.2525925925925926,0.32,0.23851851851851852,0.2762962962962963,0.2644444444444444,0.26814814814814814,0.2474074074074074,0.21703703703703703,0.21925925925925926,0.18444444444444444,0.2362962962962963,0.21407407407407408,0.23777777777777778,0.22444444444444445,0.18518518518518517,0.20074074074074075,0.19111111111111112,0.2074074074074074,0.27111111111111114,0.19555555555555557,0.16,0.18074074074074073,0.1925925925925926,0.25037037037037035,0.15481481481481482,0.1948148148148148,0.17185185185185184,0.12222222222222222,0.15555555555555556,0.15037037037037038,0.24,0.13185185185185186,0.1562962962962963,0.10666666666666667,0.14888888888888888,0.1562962962962963,0.2348148148148148,0.16962962962962963,0.08074074074074074,0.16592592592592592,0.10148148148148148,0.1111111111111111,0.14666666666666667,0.2288888888888889,0.1,0.14,0.1274074074074074,0.1237037037037037,0.15259259259259259,0.15259259259259259,0.10222222222222223,0.10740740740740741,0.10666666666666667,0.13703703703703704,0.056296296296296296,0.15481481481481482,0.11851851851851852,0.09185185185185185,0.06888888888888889,0.15555555555555556,0.09925925925925926,0.10222222222222223,0.1237037037037037,0.07925925925925927,0.13185185185185186,0.12814814814814815,0.10074074074074074,0.11333333333333333,0.13333333333333333,0.12222222222222222,0.09333333333333334,0.10888888888888888,0.11481481481481481,0.1325925925925926,0.10740740740740741,0.12296296296296297,0.11333333333333333,0.08666666666666667,0.11037037037037037,0.0962962962962963,0.1385185185185185,0.1162962962962963,0.0962962962962963,0.12666666666666668,0.09111111111111111,0.1259259259259259,0.09259259259259259,0.11851851851851852,0.10296296296296296,0.12962962962962962,0.13777777777777778,0.10888888888888888,0.10888888888888888,0.10296296296296296,0.14222222222222222,0.07481481481481482,0.07185185185185185,0.09111111111111111,0.14444444444444443,0.14,0.0874074074074074,0.08888888888888889,0.09703703703703703,0.13407407407407407,0.0437037037037037,0.11851851851851852,0.10074074074074074,0.07185185185185185,0.06444444444444444,0.06888888888888889,0.1037037037037037,0.10518518518518519,0.06444444444444444,0.07555555555555556,0.10148148148148148,0.0725925925925926,0.1162962962962963,0.09111111111111111,0.1,0.08444444444444445,0.07703703703703704,0.05925925925925926,0.061481481481481484,0.06444444444444444,0.05851851851851852,0.057777777777777775,0.0725925925925926,0.07703703703703704,0.08148148148148149,0.08148148148148149,0.08148148148148149,0.07703703703703704,0.08222222222222222,0.08222222222222222,0.08814814814814814,0.057777777777777775,0.10518518518518519,0.035555555555555556,0.09555555555555556,0.11555555555555555,0.10666666666666667,0.07703703703703704,0.04888888888888889,0.07925925925925927,0.0837037037037037,0.08888888888888889,0.10592592592592592,0.05925925925925926,0.09333333333333334,0.07185185185185185,0.06,0.09851851851851852,0.0674074074074074,0.05555555555555555,0.06888888888888889,0.040740740740740744,0.05333333333333334,0.0437037037037037,0.056296296296296296,0.07111111111111111,0.10444444444444445,0.061481481481481484,0.06666666666666667,0.056296296296296296,0.061481481481481484,0.13037037037037036,0.09037037037037036,0.10740740740740741,0.057777777777777775,0.06,0.0725925925925926,0.061481481481481484,0.0437037037037037,0.051111111111111114,0.07851851851851852,0.0362962962962963,0.05703703703703704,0.06814814814814815,0.06444444444444444,0.06518518518518518,0.05185185185185185,0.05851851851851852,0.054814814814814816,0.0437037037037037,0.05555555555555555,0.08962962962962963,0.08814814814814814,0.07629629629629629,0.06518518518518518,0.04666666666666667,0.04962962962962963,0.0674074074074074,0.07629629629629629,0.04814814814814815,0.06518518518518518,0.04888888888888889,0.08518518518518518,0.02148148148148148,0.0674074074074074,0.05555555555555555,0.052592592592592594,0.0437037037037037,0.042222222222222223,0.0837037037037037,0.06888888888888889,0.037037037037037035,0.040740740740740744,0.06666666666666667,0.052592592592592594,0.07185185185185185,0.05703703703703704,0.06222222222222222,0.056296296296296296,0.03259259259259259,0.06074074074074074,0.08592592592592592,0.04888888888888889,0.07185185185185185,0.04296296296296296,0.04814814814814815,0.05925925925925926,0.040740740740740744,0.054814814814814816,0.056296296296296296,0.054814814814814816,0.047407407407407405,0.04148148148148148,0.028148148148148148,0.03333333333333333,0.0362962962962963,0.042222222222222223,0.07703703703703704,0.06518518518518518,0.06518518518518518,0.05333333333333334,0.034074074074074076,0.05925925925925926,0.0,0.04518518518518518,0.06592592592592593,0.03851851851851852,0.06444444444444444,0.03481481481481481,0.09481481481481481,0.0362962962962963,0.0362962962962963,0.07111111111111111,0.047407407407407405,0.06666666666666667,0.04296296296296296,0.04666666666666667,0.044444444444444446,0.0674074074074074,0.05407407407407407,0.09851851851851852,0.044444444444444446,0.044444444444444446,0.05407407407407407,0.09037037037037036,0.0362962962962963,0.0437037037037037,0.04888888888888889,0.04814814814814815,0.06,0.057777777777777775,0.07185185185185185,0.045925925925925926,0.03925925925925926,0.0637037037037037,0.0437037037037037,0.06962962962962962,0.04,0.06518518518518518,0.042222222222222223,0.04518518518518518,0.04814814814814815,0.04296296296296296,0.06962962962962962,0.022962962962962963,0.037037037037037035,0.04888888888888889,0.04888888888888889,0.04148148148148148,0.022962962962962963,0.03925925925925926,0.07407407407407407,0.035555555555555556
