,subgenre_level,class1,class2,mfw,token_unit,normalization,data_repetition,idno,y_true,y_0,y_1,y_2,y_3,y_4,y_5,y_6,y_7,y_8,y_9
0,subgenre-theme,novela histórica,other,2000,word,tfidf,0,nh0002,other,other,other,other,other,other,other,other,other,other,other
1,subgenre-theme,novela histórica,other,2000,word,tfidf,0,nh0003,other,other,other,other,other,other,other,other,other,other,other
2,subgenre-theme,novela histórica,other,2000,word,tfidf,0,nh0004,novela histórica,novela histórica,novela histórica,novela histórica,novela histórica,novela histórica,novela histórica,novela histórica,novela histórica,novela histórica,novela histórica
3,subgenre-theme,novela histórica,other,2000,word,tfidf,0,nh0006,other,other,other,other,other,other,other,other,other,other,other
4,subgenre-theme,novela histórica,other,2000,word,tfidf,0,nh0007,novela histórica,novela histórica,novela histórica,novela histórica,novela histórica,novela histórica,novela histórica,novela histórica,novela histórica,novela histórica,novela histórica
5,subgenre-theme,novela histórica,other,2000,word,tfidf,0,nh0009,novela histórica,novela histórica,novela histórica,novela histórica,novela histórica,novela histórica,novela histórica,novela histórica,novela histórica,novela histórica,novela histórica
6,subgenre-theme,novela histórica,other,2000,word,tfidf,0,nh0010,other,other,other,other,other,other,other,other,other,other,other
7,subgenre-theme,novela histórica,other,2000,word,tfidf,0,nh0012,other,other,other,other,other,other,other,other,other,other,other
8,subgenre-theme,novela histórica,other,2000,word,tfidf,0,nh0015,novela histórica,novela histórica,novela histórica,novela histórica,novela histórica,novela histórica,novela histórica,novela histórica,novela histórica,novela histórica,novela histórica
9,subgenre-theme,novela histórica,other,2000,word,tfidf,0,nh0017,novela histórica,novela histórica,novela histórica,novela histórica,novela histórica,novela histórica,novela histórica,novela histórica,novela histórica,novela histórica,novela histórica
10,subgenre-theme,novela histórica,other,2000,word,tfidf,0,nh0018,other,other,other,other,other,other,other,other,other,other,other
11,subgenre-theme,novela histórica,other,2000,word,tfidf,0,nh0019,other,other,other,other,other,other,other,other,other,other,other
12,subgenre-theme,novela histórica,other,2000,word,tfidf,0,nh0020,novela histórica,novela histórica,novela histórica,novela histórica,novela histórica,novela histórica,novela histórica,novela histórica,novela histórica,novela histórica,novela histórica
13,subgenre-theme,novela histórica,other,2000,word,tfidf,0,nh0021,other,other,other,other,other,other,other,other,other,other,other
14,subgenre-theme,novela histórica,other,2000,word,tfidf,0,nh0022,novela histórica,novela histórica,novela histórica,novela histórica,novela histórica,novela histórica,novela histórica,novela histórica,novela histórica,novela histórica,novela histórica
15,subgenre-theme,novela histórica,other,2000,word,tfidf,0,nh0025,novela histórica,novela histórica,novela histórica,novela histórica,novela histórica,novela histórica,novela histórica,novela histórica,novela histórica,novela histórica,novela histórica
16,subgenre-theme,novela histórica,other,2000,word,tfidf,0,nh0026,novela histórica,novela histórica,novela histórica,novela histórica,novela histórica,novela histórica,novela histórica,novela histórica,novela histórica,novela histórica,novela histórica
17,subgenre-theme,novela histórica,other,2000,word,tfidf,0,nh0027,other,other,other,other,other,other,other,other,other,other,other
18,subgenre-theme,novela histórica,other,2000,word,tfidf,0,nh0031,other,other,novela histórica,other,other,other,other,other,other,other,other
19,subgenre-theme,novela histórica,other,2000,word,tfidf,0,nh0034,other,other,other,other,other,other,other,other,other,other,other
20,subgenre-theme,novela histórica,other,2000,word,tfidf,0,nh0035,novela histórica,novela histórica,novela histórica,novela histórica,novela histórica,novela histórica,novela histórica,novela histórica,novela histórica,novela histórica,novela histórica
21,subgenre-theme,novela histórica,other,2000,word,tfidf,0,nh0036,other,other,other,other,other,other,other,other,other,other,other
22,subgenre-theme,novela histórica,other,2000,word,tfidf,0,nh0037,novela histórica,novela histórica,novela histórica,novela histórica,novela histórica,novela histórica,novela histórica,novela histórica,novela histórica,novela histórica,novela histórica
23,subgenre-theme,novela histórica,other,2000,word,tfidf,0,nh0040,novela histórica,novela histórica,novela histórica,novela histórica,novela histórica,novela histórica,novela histórica,novela histórica,novela histórica,novela histórica,novela histórica
24,subgenre-theme,novela histórica,other,2000,word,tfidf,0,nh0041,novela histórica,novela histórica,novela histórica,novela histórica,novela histórica,novela histórica,novela histórica,novela histórica,novela histórica,novela histórica,novela histórica
25,subgenre-theme,novela histórica,other,2000,word,tfidf,0,nh0042,other,other,other,other,other,other,other,other,other,other,other
26,subgenre-theme,novela histórica,other,2000,word,tfidf,0,nh0044,other,other,other,other,other,other,other,other,other,other,other
27,subgenre-theme,novela histórica,other,2000,word,tfidf,0,nh0047,other,other,other,other,other,other,other,other,other,other,other
28,subgenre-theme,novela histórica,other,2000,word,tfidf,0,nh0048,other,other,other,other,other,other,other,other,other,other,other
29,subgenre-theme,novela histórica,other,2000,word,tfidf,0,nh0049,novela histórica,novela histórica,novela histórica,novela histórica,novela histórica,novela histórica,novela histórica,novela histórica,novela histórica,novela histórica,novela histórica
30,subgenre-theme,novela histórica,other,2000,word,tfidf,0,nh0053,other,other,other,other,other,other,other,other,other,other,other
31,subgenre-theme,novela histórica,other,2000,word,tfidf,0,nh0054,novela histórica,novela histórica,novela histórica,novela histórica,novela histórica,novela histórica,novela histórica,novela histórica,novela histórica,novela histórica,novela histórica
32,subgenre-theme,novela histórica,other,2000,word,tfidf,0,nh0055,novela histórica,novela histórica,novela histórica,novela histórica,novela histórica,novela histórica,novela histórica,novela histórica,novela histórica,novela histórica,novela histórica
33,subgenre-theme,novela histórica,other,2000,word,tfidf,0,nh0056,novela histórica,novela histórica,novela histórica,novela histórica,novela histórica,novela histórica,novela histórica,novela histórica,novela histórica,novela histórica,novela histórica
34,subgenre-theme,novela histórica,other,2000,word,tfidf,0,nh0058,other,other,other,other,other,other,other,other,other,other,other
35,subgenre-theme,novela histórica,other,2000,word,tfidf,0,nh0060,other,other,other,other,other,other,other,other,other,other,other
36,subgenre-theme,novela histórica,other,2000,word,tfidf,0,nh0061,other,other,other,novela histórica,other,other,other,other,other,other,other
37,subgenre-theme,novela histórica,other,2000,word,tfidf,0,nh0063,other,other,other,novela histórica,other,other,other,other,other,other,other
38,subgenre-theme,novela histórica,other,2000,word,tfidf,0,nh0064,novela histórica,novela histórica,novela histórica,other,novela histórica,novela histórica,novela histórica,novela histórica,novela histórica,novela histórica,novela histórica
39,subgenre-theme,novela histórica,other,2000,word,tfidf,0,nh0068,other,other,other,other,other,other,other,other,other,other,other
40,subgenre-theme,novela histórica,other,2000,word,tfidf,0,nh0069,novela histórica,novela histórica,novela histórica,novela histórica,novela histórica,novela histórica,novela histórica,novela histórica,novela histórica,novela histórica,novela histórica
41,subgenre-theme,novela histórica,other,2000,word,tfidf,0,nh0070,other,other,other,other,other,other,other,other,other,other,other
42,subgenre-theme,novela histórica,other,2000,word,tfidf,0,nh0071,other,other,other,other,other,other,other,other,other,other,other
43,subgenre-theme,novela histórica,other,2000,word,tfidf,0,nh0072,other,other,other,other,novela histórica,other,other,other,other,other,other
44,subgenre-theme,novela histórica,other,2000,word,tfidf,0,nh0073,other,other,other,other,other,other,other,other,other,other,other
45,subgenre-theme,novela histórica,other,2000,word,tfidf,0,nh0076,other,other,other,other,other,other,other,other,other,other,other
46,subgenre-theme,novela histórica,other,2000,word,tfidf,0,nh0081,novela histórica,novela histórica,novela histórica,novela histórica,novela histórica,novela histórica,novela histórica,novela histórica,novela histórica,novela histórica,novela histórica
47,subgenre-theme,novela histórica,other,2000,word,tfidf,0,nh0082,other,other,other,other,other,other,other,other,other,other,other
48,subgenre-theme,novela histórica,other,2000,word,tfidf,0,nh0083,other,other,other,other,other,other,other,other,other,other,other
49,subgenre-theme,novela histórica,other,2000,word,tfidf,0,nh0084,novela histórica,novela histórica,novela histórica,novela histórica,novela histórica,novela histórica,novela histórica,novela histórica,novela histórica,novela histórica,novela histórica
50,subgenre-theme,novela histórica,other,2000,word,tfidf,0,nh0085,other,other,other,other,other,novela histórica,other,other,other,other,other
51,subgenre-theme,novela histórica,other,2000,word,tfidf,0,nh0086,novela histórica,novela histórica,novela histórica,novela histórica,novela histórica,novela histórica,novela histórica,novela histórica,novela histórica,novela histórica,novela histórica
52,subgenre-theme,novela histórica,other,2000,word,tfidf,0,nh0091,novela histórica,novela histórica,novela histórica,novela histórica,novela histórica,novela histórica,novela histórica,novela histórica,novela histórica,novela histórica,novela histórica
53,subgenre-theme,novela histórica,other,2000,word,tfidf,0,nh0092,other,other,other,other,other,other,other,other,other,other,other
54,subgenre-theme,novela histórica,other,2000,word,tfidf,0,nh0094,novela histórica,novela histórica,novela histórica,novela histórica,novela histórica,novela histórica,novela histórica,novela histórica,novela histórica,novela histórica,novela histórica
55,subgenre-theme,novela histórica,other,2000,word,tfidf,0,nh0096,other,other,other,other,other,other,other,other,other,other,other
56,subgenre-theme,novela histórica,other,2000,word,tfidf,0,nh0097,novela histórica,novela histórica,novela histórica,novela histórica,novela histórica,novela histórica,novela histórica,novela histórica,novela histórica,novela histórica,novela histórica
57,subgenre-theme,novela histórica,other,2000,word,tfidf,0,nh0099,other,other,other,other,other,other,other,other,other,other,other
58,subgenre-theme,novela histórica,other,2000,word,tfidf,0,nh0100,novela histórica,novela histórica,novela histórica,novela histórica,other,novela histórica,novela histórica,novela histórica,novela histórica,novela histórica,novela histórica
59,subgenre-theme,novela histórica,other,2000,word,tfidf,0,nh0102,other,other,other,other,other,other,other,other,other,other,other
60,subgenre-theme,novela histórica,other,2000,word,tfidf,0,nh0103,novela histórica,novela histórica,novela histórica,novela histórica,other,novela histórica,novela histórica,novela histórica,novela histórica,novela histórica,novela histórica
61,subgenre-theme,novela histórica,other,2000,word,tfidf,0,nh0106,novela histórica,novela histórica,novela histórica,novela histórica,novela histórica,novela histórica,novela histórica,novela histórica,novela histórica,novela histórica,novela histórica
62,subgenre-theme,novela histórica,other,2000,word,tfidf,0,nh0107,novela histórica,novela histórica,novela histórica,novela histórica,novela histórica,novela histórica,novela histórica,novela histórica,novela histórica,novela histórica,novela histórica
63,subgenre-theme,novela histórica,other,2000,word,tfidf,0,nh0108,novela histórica,novela histórica,novela histórica,novela histórica,novela histórica,novela histórica,novela histórica,novela histórica,novela histórica,novela histórica,novela histórica
64,subgenre-theme,novela histórica,other,2000,word,tfidf,0,nh0110,other,other,other,other,other,other,other,other,other,other,other
65,subgenre-theme,novela histórica,other,2000,word,tfidf,0,nh0111,novela histórica,novela histórica,novela histórica,novela histórica,novela histórica,novela histórica,novela histórica,novela histórica,novela histórica,novela histórica,novela histórica
66,subgenre-theme,novela histórica,other,2000,word,tfidf,0,nh0113,other,other,other,other,other,other,other,other,other,other,other
67,subgenre-theme,novela histórica,other,2000,word,tfidf,0,nh0115,novela histórica,novela histórica,novela histórica,novela histórica,novela histórica,novela histórica,novela histórica,novela histórica,novela histórica,novela histórica,novela histórica
68,subgenre-theme,novela histórica,other,2000,word,tfidf,0,nh0116,novela histórica,novela histórica,novela histórica,novela histórica,novela histórica,novela histórica,novela histórica,novela histórica,novela histórica,novela histórica,novela histórica
69,subgenre-theme,novela histórica,other,2000,word,tfidf,0,nh0117,novela histórica,novela histórica,novela histórica,novela histórica,novela histórica,novela histórica,novela histórica,novela histórica,novela histórica,novela histórica,novela histórica
70,subgenre-theme,novela histórica,other,2000,word,tfidf,0,nh0118,other,other,other,other,other,other,other,other,other,other,other
71,subgenre-theme,novela histórica,other,2000,word,tfidf,0,nh0122,novela histórica,novela histórica,novela histórica,novela histórica,novela histórica,novela histórica,novela histórica,novela histórica,novela histórica,novela histórica,novela histórica
72,subgenre-theme,novela histórica,other,2000,word,tfidf,0,nh0125,novela histórica,novela histórica,novela histórica,novela histórica,novela histórica,novela histórica,novela histórica,novela histórica,novela histórica,novela histórica,novela histórica
73,subgenre-theme,novela histórica,other,2000,word,tfidf,0,nh0129,other,other,other,other,other,other,other,other,other,other,other
74,subgenre-theme,novela histórica,other,2000,word,tfidf,0,nh0130,other,other,other,other,other,other,other,other,other,other,other
75,subgenre-theme,novela histórica,other,2000,word,tfidf,0,nh0137,other,other,other,other,other,other,novela histórica,other,other,other,other
76,subgenre-theme,novela histórica,other,2000,word,tfidf,0,nh0139,novela histórica,novela histórica,novela histórica,novela histórica,novela histórica,novela histórica,novela histórica,novela histórica,novela histórica,novela histórica,novela histórica
77,subgenre-theme,novela histórica,other,2000,word,tfidf,0,nh0141,other,other,other,other,other,other,other,other,other,other,other
78,subgenre-theme,novela histórica,other,2000,word,tfidf,0,nh0142,novela histórica,novela histórica,novela histórica,novela histórica,novela histórica,novela histórica,novela histórica,novela histórica,novela histórica,novela histórica,novela histórica
79,subgenre-theme,novela histórica,other,2000,word,tfidf,0,nh0143,novela histórica,novela histórica,novela histórica,novela histórica,novela histórica,novela histórica,novela histórica,novela histórica,novela histórica,novela histórica,novela histórica
80,subgenre-theme,novela histórica,other,2000,word,tfidf,0,nh0148,other,other,other,other,other,other,other,other,other,other,other
81,subgenre-theme,novela histórica,other,2000,word,tfidf,0,nh0149,novela histórica,novela histórica,novela histórica,novela histórica,novela histórica,novela histórica,novela histórica,novela histórica,novela histórica,novela histórica,novela histórica
82,subgenre-theme,novela histórica,other,2000,word,tfidf,0,nh0150,novela histórica,novela histórica,novela histórica,novela histórica,novela histórica,novela histórica,novela histórica,other,novela histórica,novela histórica,novela histórica
83,subgenre-theme,novela histórica,other,2000,word,tfidf,0,nh0152,novela histórica,novela histórica,novela histórica,novela histórica,novela histórica,novela histórica,novela histórica,novela histórica,novela histórica,novela histórica,novela histórica
84,subgenre-theme,novela histórica,other,2000,word,tfidf,0,nh0153,other,other,other,other,other,other,other,other,other,other,other
85,subgenre-theme,novela histórica,other,2000,word,tfidf,0,nh0154,other,other,other,other,other,other,other,other,other,other,other
86,subgenre-theme,novela histórica,other,2000,word,tfidf,0,nh0158,novela histórica,novela histórica,novela histórica,novela histórica,novela histórica,novela histórica,novela histórica,novela histórica,novela histórica,novela histórica,novela histórica
87,subgenre-theme,novela histórica,other,2000,word,tfidf,0,nh0159,novela histórica,novela histórica,novela histórica,novela histórica,novela histórica,novela histórica,novela histórica,novela histórica,novela histórica,novela histórica,novela histórica
88,subgenre-theme,novela histórica,other,2000,word,tfidf,0,nh0160,novela histórica,novela histórica,novela histórica,novela histórica,novela histórica,novela histórica,novela histórica,novela histórica,novela histórica,novela histórica,novela histórica
89,subgenre-theme,novela histórica,other,2000,word,tfidf,0,nh0161,novela histórica,novela histórica,novela histórica,novela histórica,novela histórica,novela histórica,novela histórica,novela histórica,novela histórica,novela histórica,novela histórica
90,subgenre-theme,novela histórica,other,2000,word,tfidf,0,nh0162,other,other,other,other,other,other,other,other,other,other,other
91,subgenre-theme,novela histórica,other,2000,word,tfidf,0,nh0165,novela histórica,novela histórica,novela histórica,novela histórica,novela histórica,novela histórica,novela histórica,novela histórica,novela histórica,novela histórica,novela histórica
92,subgenre-theme,novela histórica,other,2000,word,tfidf,0,nh0166,novela histórica,novela histórica,novela histórica,novela histórica,novela histórica,novela histórica,novela histórica,novela histórica,novela histórica,novela histórica,novela histórica
93,subgenre-theme,novela histórica,other,2000,word,tfidf,0,nh0168,novela histórica,novela histórica,novela histórica,novela histórica,novela histórica,novela histórica,novela histórica,novela histórica,novela histórica,novela histórica,novela histórica
94,subgenre-theme,novela histórica,other,2000,word,tfidf,0,nh0169,novela histórica,novela histórica,novela histórica,novela histórica,novela histórica,novela histórica,novela histórica,novela histórica,other,novela histórica,novela histórica
95,subgenre-theme,novela histórica,other,2000,word,tfidf,0,nh0171,other,other,other,other,other,other,other,other,other,other,other
96,subgenre-theme,novela histórica,other,2000,word,tfidf,0,nh0172,other,other,other,other,other,other,other,other,other,other,other
97,subgenre-theme,novela histórica,other,2000,word,tfidf,0,nh0176,novela histórica,novela histórica,novela histórica,novela histórica,novela histórica,novela histórica,novela histórica,novela histórica,novela histórica,novela histórica,novela histórica
98,subgenre-theme,novela histórica,other,2000,word,tfidf,0,nh0178,other,other,other,other,other,other,other,other,other,other,other
99,subgenre-theme,novela histórica,other,2000,word,tfidf,0,nh0180,novela histórica,novela histórica,novela histórica,novela histórica,novela histórica,novela histórica,novela histórica,novela histórica,novela histórica,novela histórica,novela histórica
100,subgenre-theme,novela histórica,other,2000,word,tfidf,0,nh0181,novela histórica,novela histórica,novela histórica,novela histórica,novela histórica,novela histórica,novela histórica,novela histórica,novela histórica,novela histórica,novela histórica
101,subgenre-theme,novela histórica,other,2000,word,tfidf,0,nh0182,novela histórica,novela histórica,novela histórica,novela histórica,novela histórica,novela histórica,novela histórica,novela histórica,novela histórica,other,novela histórica
102,subgenre-theme,novela histórica,other,2000,word,tfidf,0,nh0184,novela histórica,novela histórica,novela histórica,novela histórica,novela histórica,novela histórica,novela histórica,novela histórica,novela histórica,novela histórica,novela histórica
103,subgenre-theme,novela histórica,other,2000,word,tfidf,0,nh0186,other,other,other,other,other,other,other,other,other,other,other
104,subgenre-theme,novela histórica,other,2000,word,tfidf,0,nh0188,other,other,other,other,other,other,other,other,other,other,other
105,subgenre-theme,novela histórica,other,2000,word,tfidf,0,nh0189,other,other,other,other,other,other,other,other,other,other,other
106,subgenre-theme,novela histórica,other,2000,word,tfidf,0,nh0196,novela histórica,novela histórica,novela histórica,novela histórica,novela histórica,novela histórica,novela histórica,novela histórica,novela histórica,novela histórica,novela histórica
107,subgenre-theme,novela histórica,other,2000,word,tfidf,0,nh0200,other,other,other,other,other,other,other,other,novela histórica,other,other
108,subgenre-theme,novela histórica,other,2000,word,tfidf,0,nh0202,other,other,other,other,other,other,other,other,other,other,other
109,subgenre-theme,novela histórica,other,2000,word,tfidf,0,nh0203,novela histórica,novela histórica,novela histórica,novela histórica,novela histórica,novela histórica,novela histórica,novela histórica,novela histórica,novela histórica,novela histórica
110,subgenre-theme,novela histórica,other,2000,word,tfidf,0,nh0206,other,other,other,other,other,other,other,other,novela histórica,other,other
111,subgenre-theme,novela histórica,other,2000,word,tfidf,0,nh0208,novela histórica,novela histórica,novela histórica,novela histórica,novela histórica,novela histórica,novela histórica,novela histórica,novela histórica,novela histórica,novela histórica
112,subgenre-theme,novela histórica,other,2000,word,tfidf,0,nh0209,other,other,other,other,other,other,other,other,other,other,other
113,subgenre-theme,novela histórica,other,2000,word,tfidf,0,nh0210,novela histórica,novela histórica,novela histórica,novela histórica,novela histórica,novela histórica,novela histórica,novela histórica,novela histórica,novela histórica,novela histórica
114,subgenre-theme,novela histórica,other,2000,word,tfidf,0,nh0211,other,other,other,other,other,other,other,other,other,other,other
115,subgenre-theme,novela histórica,other,2000,word,tfidf,0,nh0213,other,other,other,other,other,other,other,other,other,other,other
116,subgenre-theme,novela histórica,other,2000,word,tfidf,0,nh0214,other,other,other,other,other,other,other,other,other,other,other
117,subgenre-theme,novela histórica,other,2000,word,tfidf,0,nh0216,other,other,other,other,other,other,other,other,other,other,other
118,subgenre-theme,novela histórica,other,2000,word,tfidf,0,nh0220,other,other,other,other,other,other,other,other,other,other,other
119,subgenre-theme,novela histórica,other,2000,word,tfidf,0,nh0222,novela histórica,novela histórica,novela histórica,novela histórica,novela histórica,novela histórica,novela histórica,novela histórica,novela histórica,novela histórica,novela histórica
120,subgenre-theme,novela histórica,other,2000,word,tfidf,0,nh0224,other,other,other,other,other,other,other,other,other,other,other
121,subgenre-theme,novela histórica,other,2000,word,tfidf,0,nh0225,other,other,other,other,other,other,other,other,other,other,novela histórica
122,subgenre-theme,novela histórica,other,2000,word,tfidf,0,nh0227,novela histórica,novela histórica,novela histórica,novela histórica,novela histórica,novela histórica,novela histórica,novela histórica,novela histórica,novela histórica,novela histórica
123,subgenre-theme,novela histórica,other,2000,word,tfidf,0,nh0229,other,other,other,other,other,other,other,other,other,other,other
124,subgenre-theme,novela histórica,other,2000,word,tfidf,0,nh0231,novela histórica,novela histórica,novela histórica,novela histórica,novela histórica,novela histórica,novela histórica,novela histórica,novela histórica,novela histórica,novela histórica
125,subgenre-theme,novela histórica,other,2000,word,tfidf,0,nh0232,other,other,other,other,other,other,other,other,other,other,other
126,subgenre-theme,novela histórica,other,2000,word,tfidf,0,nh0242,other,other,other,other,other,other,other,other,other,other,other
127,subgenre-theme,novela histórica,other,2000,word,tfidf,0,nh0243,novela histórica,novela histórica,novela histórica,novela histórica,novela histórica,novela histórica,novela histórica,novela histórica,novela histórica,novela histórica,novela histórica
128,subgenre-theme,novela histórica,other,2000,word,tfidf,0,nh0247,novela histórica,novela histórica,novela histórica,novela histórica,novela histórica,novela histórica,novela histórica,novela histórica,novela histórica,novela histórica,novela histórica
129,subgenre-theme,novela histórica,other,2000,word,tfidf,0,nh0248,novela histórica,novela histórica,novela histórica,novela histórica,novela histórica,novela histórica,novela histórica,novela histórica,novela histórica,novela histórica,novela histórica
130,subgenre-theme,novela histórica,other,2000,word,tfidf,0,nh0249,novela histórica,novela histórica,novela histórica,novela histórica,novela histórica,novela histórica,novela histórica,novela histórica,novela histórica,novela histórica,novela histórica
131,subgenre-theme,novela histórica,other,2000,word,tfidf,0,nh0251,other,other,other,other,other,other,other,other,other,other,other
132,subgenre-theme,novela histórica,other,2000,word,tfidf,0,nh0253,novela histórica,novela histórica,novela histórica,novela histórica,novela histórica,novela histórica,novela histórica,novela histórica,novela histórica,novela histórica,other
133,subgenre-theme,novela histórica,other,2000,word,tfidf,0,nh0254,other,other,other,other,other,other,other,other,other,other,other
134,subgenre-theme,novela histórica,other,2000,word,tfidf,1,nh0004,novela histórica,novela histórica,novela histórica,novela histórica,novela histórica,novela histórica,novela histórica,novela histórica,novela histórica,novela histórica,novela histórica
135,subgenre-theme,novela histórica,other,2000,word,tfidf,1,nh0005,other,other,other,other,other,other,other,other,other,other,other
136,subgenre-theme,novela histórica,other,2000,word,tfidf,1,nh0006,other,other,other,other,other,other,other,other,other,other,other
137,subgenre-theme,novela histórica,other,2000,word,tfidf,1,nh0007,novela histórica,novela histórica,novela histórica,novela histórica,novela histórica,novela histórica,novela histórica,novela histórica,novela histórica,novela histórica,novela histórica
138,subgenre-theme,novela histórica,other,2000,word,tfidf,1,nh0009,novela histórica,novela histórica,novela histórica,novela histórica,novela histórica,novela histórica,novela histórica,novela histórica,novela histórica,novela histórica,novela histórica
139,subgenre-theme,novela histórica,other,2000,word,tfidf,1,nh0011,other,other,other,other,other,other,other,other,other,other,other
140,subgenre-theme,novela histórica,other,2000,word,tfidf,1,nh0012,other,other,other,other,other,other,other,other,other,other,other
141,subgenre-theme,novela histórica,other,2000,word,tfidf,1,nh0015,novela histórica,novela histórica,novela histórica,novela histórica,novela histórica,novela histórica,novela histórica,novela histórica,novela histórica,novela histórica,novela histórica
142,subgenre-theme,novela histórica,other,2000,word,tfidf,1,nh0017,novela histórica,novela histórica,novela histórica,novela histórica,novela histórica,novela histórica,novela histórica,novela histórica,novela histórica,novela histórica,novela histórica
143,subgenre-theme,novela histórica,other,2000,word,tfidf,1,nh0018,other,other,other,other,other,other,other,other,other,other,other
144,subgenre-theme,novela histórica,other,2000,word,tfidf,1,nh0020,novela histórica,novela histórica,novela histórica,novela histórica,novela histórica,novela histórica,novela histórica,novela histórica,novela histórica,novela histórica,novela histórica
145,subgenre-theme,novela histórica,other,2000,word,tfidf,1,nh0022,novela histórica,novela histórica,novela histórica,novela histórica,novela histórica,novela histórica,novela histórica,novela histórica,novela histórica,novela histórica,novela histórica
146,subgenre-theme,novela histórica,other,2000,word,tfidf,1,nh0023,other,novela histórica,other,other,other,other,other,other,other,other,other
147,subgenre-theme,novela histórica,other,2000,word,tfidf,1,nh0024,other,other,other,other,other,other,other,other,other,other,other
148,subgenre-theme,novela histórica,other,2000,word,tfidf,1,nh0025,novela histórica,novela histórica,novela histórica,novela histórica,novela histórica,novela histórica,novela histórica,novela histórica,novela histórica,novela histórica,novela histórica
149,subgenre-theme,novela histórica,other,2000,word,tfidf,1,nh0026,novela histórica,novela histórica,novela histórica,novela histórica,novela histórica,novela histórica,novela histórica,novela histórica,novela histórica,novela histórica,novela histórica
150,subgenre-theme,novela histórica,other,2000,word,tfidf,1,nh0027,other,other,other,other,other,other,other,other,other,other,other
151,subgenre-theme,novela histórica,other,2000,word,tfidf,1,nh0028,other,other,other,other,other,other,other,other,other,other,other
152,subgenre-theme,novela histórica,other,2000,word,tfidf,1,nh0029,other,other,other,other,other,other,other,other,other,other,other
153,subgenre-theme,novela histórica,other,2000,word,tfidf,1,nh0031,other,other,novela histórica,other,other,other,other,other,other,other,other
154,subgenre-theme,novela histórica,other,2000,word,tfidf,1,nh0032,other,other,other,other,other,other,other,other,other,other,other
155,subgenre-theme,novela histórica,other,2000,word,tfidf,1,nh0034,other,other,other,other,other,other,other,other,other,other,other
156,subgenre-theme,novela histórica,other,2000,word,tfidf,1,nh0035,novela histórica,novela histórica,novela histórica,novela histórica,novela histórica,novela histórica,novela histórica,novela histórica,novela histórica,novela histórica,novela histórica
157,subgenre-theme,novela histórica,other,2000,word,tfidf,1,nh0036,other,other,other,other,other,other,other,other,other,other,other
158,subgenre-theme,novela histórica,other,2000,word,tfidf,1,nh0037,novela histórica,novela histórica,novela histórica,novela histórica,novela histórica,novela histórica,novela histórica,novela histórica,novela histórica,novela histórica,novela histórica
159,subgenre-theme,novela histórica,other,2000,word,tfidf,1,nh0038,other,other,other,other,other,other,other,other,other,other,other
160,subgenre-theme,novela histórica,other,2000,word,tfidf,1,nh0040,novela histórica,novela histórica,novela histórica,novela histórica,novela histórica,novela histórica,novela histórica,novela histórica,novela histórica,novela histórica,novela histórica
161,subgenre-theme,novela histórica,other,2000,word,tfidf,1,nh0041,novela histórica,novela histórica,novela histórica,novela histórica,novela histórica,novela histórica,novela histórica,novela histórica,novela histórica,novela histórica,novela histórica
162,subgenre-theme,novela histórica,other,2000,word,tfidf,1,nh0042,other,other,other,other,other,other,other,other,other,other,other
163,subgenre-theme,novela histórica,other,2000,word,tfidf,1,nh0043,other,other,other,other,other,other,other,other,other,other,other
164,subgenre-theme,novela histórica,other,2000,word,tfidf,1,nh0046,other,other,other,other,other,other,other,other,other,other,other
165,subgenre-theme,novela histórica,other,2000,word,tfidf,1,nh0047,other,other,other,other,other,other,other,other,other,other,other
166,subgenre-theme,novela histórica,other,2000,word,tfidf,1,nh0048,other,other,other,other,other,other,other,other,other,other,other
167,subgenre-theme,novela histórica,other,2000,word,tfidf,1,nh0049,novela histórica,novela histórica,novela histórica,novela histórica,novela histórica,novela histórica,novela histórica,novela histórica,novela histórica,novela histórica,novela histórica
168,subgenre-theme,novela histórica,other,2000,word,tfidf,1,nh0054,novela histórica,novela histórica,novela histórica,novela histórica,novela histórica,novela histórica,novela histórica,novela histórica,novela histórica,novela histórica,novela histórica
169,subgenre-theme,novela histórica,other,2000,word,tfidf,1,nh0055,novela histórica,novela histórica,novela histórica,novela histórica,novela histórica,novela histórica,novela histórica,novela histórica,novela histórica,novela histórica,novela histórica
170,subgenre-theme,novela histórica,other,2000,word,tfidf,1,nh0056,novela histórica,novela histórica,novela histórica,novela histórica,novela histórica,novela histórica,novela histórica,novela histórica,novela histórica,novela histórica,novela histórica
171,subgenre-theme,novela histórica,other,2000,word,tfidf,1,nh0057,other,other,other,other,other,other,other,other,other,other,other
172,subgenre-theme,novela histórica,other,2000,word,tfidf,1,nh0060,other,other,other,other,other,other,other,other,other,other,other
173,subgenre-theme,novela histórica,other,2000,word,tfidf,1,nh0062,other,other,other,other,other,other,other,other,other,other,other
174,subgenre-theme,novela histórica,other,2000,word,tfidf,1,nh0063,other,other,other,other,novela histórica,other,other,other,other,other,other
175,subgenre-theme,novela histórica,other,2000,word,tfidf,1,nh0064,novela histórica,novela histórica,novela histórica,novela histórica,novela histórica,novela histórica,novela histórica,novela histórica,novela histórica,novela histórica,novela histórica
176,subgenre-theme,novela histórica,other,2000,word,tfidf,1,nh0066,other,other,other,other,novela histórica,other,other,other,other,other,other
177,subgenre-theme,novela histórica,other,2000,word,tfidf,1,nh0069,novela histórica,novela histórica,novela histórica,novela histórica,novela histórica,novela histórica,novela histórica,novela histórica,novela histórica,novela histórica,novela histórica
178,subgenre-theme,novela histórica,other,2000,word,tfidf,1,nh0072,other,other,other,other,novela histórica,other,other,other,other,other,other
179,subgenre-theme,novela histórica,other,2000,word,tfidf,1,nh0078,other,other,other,other,other,other,other,other,other,other,other
180,subgenre-theme,novela histórica,other,2000,word,tfidf,1,nh0080,other,other,other,other,other,other,other,other,other,other,other
181,subgenre-theme,novela histórica,other,2000,word,tfidf,1,nh0081,novela histórica,novela histórica,novela histórica,novela histórica,novela histórica,novela histórica,novela histórica,novela histórica,novela histórica,novela histórica,novela histórica
182,subgenre-theme,novela histórica,other,2000,word,tfidf,1,nh0084,novela histórica,novela histórica,novela histórica,novela histórica,novela histórica,novela histórica,novela histórica,novela histórica,novela histórica,novela histórica,novela histórica
183,subgenre-theme,novela histórica,other,2000,word,tfidf,1,nh0085,other,other,other,other,other,novela histórica,other,other,other,other,other
184,subgenre-theme,novela histórica,other,2000,word,tfidf,1,nh0086,novela histórica,novela histórica,novela histórica,novela histórica,other,novela histórica,novela histórica,novela histórica,novela histórica,novela histórica,novela histórica
185,subgenre-theme,novela histórica,other,2000,word,tfidf,1,nh0089,other,other,other,other,other,other,other,other,other,other,other
186,subgenre-theme,novela histórica,other,2000,word,tfidf,1,nh0091,novela histórica,novela histórica,novela histórica,novela histórica,other,novela histórica,novela histórica,novela histórica,novela histórica,novela histórica,novela histórica
187,subgenre-theme,novela histórica,other,2000,word,tfidf,1,nh0093,other,other,other,other,other,novela histórica,other,other,other,other,other
188,subgenre-theme,novela histórica,other,2000,word,tfidf,1,nh0094,novela histórica,novela histórica,novela histórica,novela histórica,novela histórica,novela histórica,novela histórica,novela histórica,novela histórica,novela histórica,novela histórica
189,subgenre-theme,novela histórica,other,2000,word,tfidf,1,nh0097,novela histórica,novela histórica,novela histórica,novela histórica,novela histórica,novela histórica,novela histórica,novela histórica,novela histórica,novela histórica,novela histórica
190,subgenre-theme,novela histórica,other,2000,word,tfidf,1,nh0099,other,other,other,other,other,other,other,other,other,other,other
191,subgenre-theme,novela histórica,other,2000,word,tfidf,1,nh0100,novela histórica,novela histórica,novela histórica,novela histórica,novela histórica,novela histórica,novela histórica,novela histórica,novela histórica,novela histórica,novela histórica
192,subgenre-theme,novela histórica,other,2000,word,tfidf,1,nh0103,novela histórica,novela histórica,novela histórica,novela histórica,novela histórica,novela histórica,novela histórica,novela histórica,novela histórica,novela histórica,novela histórica
193,subgenre-theme,novela histórica,other,2000,word,tfidf,1,nh0104,other,other,other,other,other,other,other,other,other,other,other
194,subgenre-theme,novela histórica,other,2000,word,tfidf,1,nh0106,novela histórica,novela histórica,novela histórica,novela histórica,novela histórica,novela histórica,novela histórica,novela histórica,novela histórica,novela histórica,novela histórica
195,subgenre-theme,novela histórica,other,2000,word,tfidf,1,nh0107,novela histórica,novela histórica,novela histórica,novela histórica,novela histórica,novela histórica,novela histórica,novela histórica,novela histórica,novela histórica,novela histórica
196,subgenre-theme,novela histórica,other,2000,word,tfidf,1,nh0108,novela histórica,novela histórica,novela histórica,novela histórica,novela histórica,other,novela histórica,novela histórica,novela histórica,novela histórica,novela histórica
197,subgenre-theme,novela histórica,other,2000,word,tfidf,1,nh0111,novela histórica,novela histórica,novela histórica,novela histórica,novela histórica,novela histórica,novela histórica,novela histórica,novela histórica,novela histórica,novela histórica
198,subgenre-theme,novela histórica,other,2000,word,tfidf,1,nh0112,other,other,other,other,other,novela histórica,other,other,other,other,other
199,subgenre-theme,novela histórica,other,2000,word,tfidf,1,nh0115,novela histórica,novela histórica,novela histórica,novela histórica,novela histórica,novela histórica,novela histórica,novela histórica,novela histórica,novela histórica,novela histórica
200,subgenre-theme,novela histórica,other,2000,word,tfidf,1,nh0116,novela histórica,novela histórica,novela histórica,novela histórica,novela histórica,novela histórica,novela histórica,novela histórica,novela histórica,novela histórica,novela histórica
201,subgenre-theme,novela histórica,other,2000,word,tfidf,1,nh0117,novela histórica,novela histórica,novela histórica,novela histórica,novela histórica,novela histórica,novela histórica,novela histórica,novela histórica,novela histórica,novela histórica
202,subgenre-theme,novela histórica,other,2000,word,tfidf,1,nh0118,other,other,other,other,other,other,other,other,other,other,other
203,subgenre-theme,novela histórica,other,2000,word,tfidf,1,nh0122,novela histórica,novela histórica,novela histórica,novela histórica,novela histórica,novela histórica,novela histórica,novela histórica,novela histórica,novela histórica,novela histórica
204,subgenre-theme,novela histórica,other,2000,word,tfidf,1,nh0125,novela histórica,novela histórica,novela histórica,novela histórica,novela histórica,novela histórica,novela histórica,novela histórica,novela histórica,novela histórica,novela histórica
205,subgenre-theme,novela histórica,other,2000,word,tfidf,1,nh0126,other,other,other,other,other,other,other,other,other,other,other
206,subgenre-theme,novela histórica,other,2000,word,tfidf,1,nh0133,other,other,other,other,other,other,other,other,other,other,other
207,subgenre-theme,novela histórica,other,2000,word,tfidf,1,nh0135,other,other,other,other,other,other,other,other,other,other,other
208,subgenre-theme,novela histórica,other,2000,word,tfidf,1,nh0139,novela histórica,novela histórica,novela histórica,novela histórica,novela histórica,novela histórica,novela histórica,novela histórica,novela histórica,novela histórica,novela histórica
209,subgenre-theme,novela histórica,other,2000,word,tfidf,1,nh0140,other,other,other,other,other,other,other,other,other,other,other
210,subgenre-theme,novela histórica,other,2000,word,tfidf,1,nh0142,novela histórica,novela histórica,novela histórica,novela histórica,novela histórica,novela histórica,novela histórica,novela histórica,novela histórica,novela histórica,novela histórica
211,subgenre-theme,novela histórica,other,2000,word,tfidf,1,nh0143,novela histórica,novela histórica,novela histórica,novela histórica,novela histórica,novela histórica,novela histórica,novela histórica,novela histórica,novela histórica,novela histórica
212,subgenre-theme,novela histórica,other,2000,word,tfidf,1,nh0144,other,other,other,other,other,other,other,other,other,other,other
213,subgenre-theme,novela histórica,other,2000,word,tfidf,1,nh0149,novela histórica,novela histórica,novela histórica,novela histórica,novela histórica,novela histórica,novela histórica,novela histórica,novela histórica,novela histórica,novela histórica
214,subgenre-theme,novela histórica,other,2000,word,tfidf,1,nh0150,novela histórica,novela histórica,novela histórica,novela histórica,novela histórica,novela histórica,other,novela histórica,novela histórica,novela histórica,novela histórica
215,subgenre-theme,novela histórica,other,2000,word,tfidf,1,nh0152,novela histórica,novela histórica,novela histórica,novela histórica,novela histórica,novela histórica,novela histórica,novela histórica,novela histórica,novela histórica,novela histórica
216,subgenre-theme,novela histórica,other,2000,word,tfidf,1,nh0153,other,other,other,other,other,other,other,other,other,other,other
217,subgenre-theme,novela histórica,other,2000,word,tfidf,1,nh0158,novela histórica,novela histórica,novela histórica,novela histórica,novela histórica,novela histórica,novela histórica,novela histórica,novela histórica,novela histórica,novela histórica
218,subgenre-theme,novela histórica,other,2000,word,tfidf,1,nh0159,novela histórica,novela histórica,novela histórica,novela histórica,novela histórica,novela histórica,novela histórica,novela histórica,novela histórica,novela histórica,novela histórica
219,subgenre-theme,novela histórica,other,2000,word,tfidf,1,nh0160,novela histórica,novela histórica,novela histórica,novela histórica,novela histórica,novela histórica,novela histórica,other,novela histórica,novela histórica,novela histórica
220,subgenre-theme,novela histórica,other,2000,word,tfidf,1,nh0161,novela histórica,novela histórica,novela histórica,novela histórica,novela histórica,novela histórica,novela histórica,novela histórica,novela histórica,novela histórica,novela histórica
221,subgenre-theme,novela histórica,other,2000,word,tfidf,1,nh0165,novela histórica,novela histórica,novela histórica,novela histórica,novela histórica,novela histórica,novela histórica,other,novela histórica,novela histórica,novela histórica
222,subgenre-theme,novela histórica,other,2000,word,tfidf,1,nh0166,novela histórica,novela histórica,novela histórica,novela histórica,novela histórica,novela histórica,novela histórica,novela histórica,novela histórica,novela histórica,novela histórica
223,subgenre-theme,novela histórica,other,2000,word,tfidf,1,nh0167,other,other,other,other,other,other,other,other,other,other,other
224,subgenre-theme,novela histórica,other,2000,word,tfidf,1,nh0168,novela histórica,novela histórica,novela histórica,novela histórica,novela histórica,novela histórica,novela histórica,novela histórica,novela histórica,novela histórica,novela histórica
225,subgenre-theme,novela histórica,other,2000,word,tfidf,1,nh0169,novela histórica,novela histórica,novela histórica,novela histórica,novela histórica,novela histórica,novela histórica,novela histórica,other,novela histórica,novela histórica
226,subgenre-theme,novela histórica,other,2000,word,tfidf,1,nh0172,other,other,other,other,other,other,other,other,other,other,other
227,subgenre-theme,novela histórica,other,2000,word,tfidf,1,nh0176,novela histórica,novela histórica,novela histórica,novela histórica,novela histórica,novela histórica,novela histórica,novela histórica,novela histórica,novela histórica,novela histórica
228,subgenre-theme,novela histórica,other,2000,word,tfidf,1,nh0178,other,other,other,other,other,other,other,novela histórica,other,other,other
229,subgenre-theme,novela histórica,other,2000,word,tfidf,1,nh0179,other,other,other,other,other,other,other,other,other,other,other
230,subgenre-theme,novela histórica,other,2000,word,tfidf,1,nh0180,novela histórica,novela histórica,novela histórica,novela histórica,novela histórica,novela histórica,novela histórica,novela histórica,novela histórica,novela histórica,novela histórica
231,subgenre-theme,novela histórica,other,2000,word,tfidf,1,nh0181,novela histórica,novela histórica,novela histórica,novela histórica,novela histórica,novela histórica,novela histórica,novela histórica,novela histórica,novela histórica,novela histórica
232,subgenre-theme,novela histórica,other,2000,word,tfidf,1,nh0182,novela histórica,novela histórica,novela histórica,novela histórica,novela histórica,novela histórica,novela histórica,novela histórica,other,novela histórica,novela histórica
233,subgenre-theme,novela histórica,other,2000,word,tfidf,1,nh0183,other,other,other,other,other,other,other,other,other,other,other
234,subgenre-theme,novela histórica,other,2000,word,tfidf,1,nh0184,novela histórica,novela histórica,novela histórica,novela histórica,novela histórica,novela histórica,novela histórica,novela histórica,novela histórica,novela histórica,novela histórica
235,subgenre-theme,novela histórica,other,2000,word,tfidf,1,nh0188,other,other,other,other,other,other,other,other,other,other,other
236,subgenre-theme,novela histórica,other,2000,word,tfidf,1,nh0191,other,other,other,other,other,other,other,other,other,other,other
237,subgenre-theme,novela histórica,other,2000,word,tfidf,1,nh0193,other,other,other,other,other,other,other,other,other,other,other
238,subgenre-theme,novela histórica,other,2000,word,tfidf,1,nh0194,other,other,other,other,other,other,other,other,other,other,other
239,subgenre-theme,novela histórica,other,2000,word,tfidf,1,nh0195,other,other,other,other,other,other,other,other,novela histórica,other,other
240,subgenre-theme,novela histórica,other,2000,word,tfidf,1,nh0196,novela histórica,novela histórica,novela histórica,novela histórica,novela histórica,novela histórica,novela histórica,novela histórica,novela histórica,novela histórica,novela histórica
241,subgenre-theme,novela histórica,other,2000,word,tfidf,1,nh0197,other,other,other,other,other,other,other,other,other,other,other
242,subgenre-theme,novela histórica,other,2000,word,tfidf,1,nh0198,other,other,other,other,other,other,other,other,other,other,other
243,subgenre-theme,novela histórica,other,2000,word,tfidf,1,nh0200,other,other,other,other,other,other,other,other,other,novela histórica,other
244,subgenre-theme,novela histórica,other,2000,word,tfidf,1,nh0203,novela histórica,novela histórica,novela histórica,novela histórica,novela histórica,novela histórica,novela histórica,novela histórica,novela histórica,novela histórica,novela histórica
245,subgenre-theme,novela histórica,other,2000,word,tfidf,1,nh0204,other,other,other,other,other,other,other,other,other,novela histórica,other
246,subgenre-theme,novela histórica,other,2000,word,tfidf,1,nh0207,other,other,other,other,other,other,other,other,other,other,other
247,subgenre-theme,novela histórica,other,2000,word,tfidf,1,nh0208,novela histórica,novela histórica,novela histórica,novela histórica,novela histórica,novela histórica,novela histórica,novela histórica,novela histórica,novela histórica,novela histórica
248,subgenre-theme,novela histórica,other,2000,word,tfidf,1,nh0210,novela histórica,novela histórica,novela histórica,novela histórica,novela histórica,novela histórica,novela histórica,novela histórica,novela histórica,other,novela histórica
249,subgenre-theme,novela histórica,other,2000,word,tfidf,1,nh0218,other,other,other,other,other,other,other,other,other,other,other
250,subgenre-theme,novela histórica,other,2000,word,tfidf,1,nh0221,other,other,other,other,other,other,other,other,other,other,other
251,subgenre-theme,novela histórica,other,2000,word,tfidf,1,nh0222,novela histórica,novela histórica,novela histórica,novela histórica,novela histórica,novela histórica,novela histórica,novela histórica,novela histórica,novela histórica,novela histórica
252,subgenre-theme,novela histórica,other,2000,word,tfidf,1,nh0223,other,other,other,other,other,other,other,other,other,other,other
253,subgenre-theme,novela histórica,other,2000,word,tfidf,1,nh0227,novela histórica,novela histórica,novela histórica,novela histórica,novela histórica,novela histórica,novela histórica,novela histórica,novela histórica,novela histórica,novela histórica
254,subgenre-theme,novela histórica,other,2000,word,tfidf,1,nh0228,other,other,other,other,other,other,other,other,other,other,other
255,subgenre-theme,novela histórica,other,2000,word,tfidf,1,nh0230,other,other,other,other,other,other,other,other,other,other,other
256,subgenre-theme,novela histórica,other,2000,word,tfidf,1,nh0231,novela histórica,novela histórica,novela histórica,novela histórica,novela histórica,novela histórica,novela histórica,novela histórica,novela histórica,novela histórica,novela histórica
257,subgenre-theme,novela histórica,other,2000,word,tfidf,1,nh0232,other,other,other,other,other,other,other,other,other,other,other
258,subgenre-theme,novela histórica,other,2000,word,tfidf,1,nh0235,other,other,other,other,other,other,other,other,other,other,other
259,subgenre-theme,novela histórica,other,2000,word,tfidf,1,nh0236,other,other,other,other,other,other,other,other,other,other,other
260,subgenre-theme,novela histórica,other,2000,word,tfidf,1,nh0242,other,other,other,other,other,other,other,other,other,other,other
261,subgenre-theme,novela histórica,other,2000,word,tfidf,1,nh0243,novela histórica,novela histórica,novela histórica,novela histórica,novela histórica,novela histórica,novela histórica,novela histórica,novela histórica,novela histórica,novela histórica
262,subgenre-theme,novela histórica,other,2000,word,tfidf,1,nh0247,novela histórica,novela histórica,novela histórica,novela histórica,novela histórica,novela histórica,novela histórica,novela histórica,novela histórica,novela histórica,novela histórica
263,subgenre-theme,novela histórica,other,2000,word,tfidf,1,nh0248,novela histórica,novela histórica,novela histórica,novela histórica,novela histórica,novela histórica,novela histórica,novela histórica,novela histórica,novela histórica,other
264,subgenre-theme,novela histórica,other,2000,word,tfidf,1,nh0249,novela histórica,novela histórica,novela histórica,novela histórica,novela histórica,novela histórica,novela histórica,novela histórica,novela histórica,novela histórica,novela histórica
265,subgenre-theme,novela histórica,other,2000,word,tfidf,1,nh0250,other,other,other,other,other,other,other,other,other,other,other
266,subgenre-theme,novela histórica,other,2000,word,tfidf,1,nh0253,novela histórica,novela histórica,novela histórica,novela histórica,novela histórica,novela histórica,novela histórica,novela histórica,novela histórica,novela histórica,other
267,subgenre-theme,novela histórica,other,2000,word,tfidf,1,nh0255,other,other,other,other,other,other,other,other,other,other,other
268,subgenre-theme,novela histórica,other,2000,word,tfidf,2,nh0001,other,other,other,other,other,other,other,other,other,other,other
269,subgenre-theme,novela histórica,other,2000,word,tfidf,2,nh0004,novela histórica,novela histórica,novela histórica,novela histórica,novela histórica,novela histórica,novela histórica,novela histórica,novela histórica,novela histórica,novela histórica
270,subgenre-theme,novela histórica,other,2000,word,tfidf,2,nh0007,novela histórica,novela histórica,novela histórica,novela histórica,novela histórica,novela histórica,novela histórica,novela histórica,novela histórica,novela histórica,novela histórica
271,subgenre-theme,novela histórica,other,2000,word,tfidf,2,nh0009,novela histórica,novela histórica,novela histórica,novela histórica,novela histórica,novela histórica,novela histórica,novela histórica,novela histórica,novela histórica,novela histórica
272,subgenre-theme,novela histórica,other,2000,word,tfidf,2,nh0012,other,other,other,other,other,other,other,other,other,other,other
273,subgenre-theme,novela histórica,other,2000,word,tfidf,2,nh0015,novela histórica,novela histórica,novela histórica,novela histórica,novela histórica,novela histórica,novela histórica,novela histórica,novela histórica,novela histórica,novela histórica
274,subgenre-theme,novela histórica,other,2000,word,tfidf,2,nh0016,other,other,other,other,other,other,other,other,other,other,other
275,subgenre-theme,novela histórica,other,2000,word,tfidf,2,nh0017,novela histórica,novela histórica,novela histórica,novela histórica,novela histórica,novela histórica,novela histórica,novela histórica,novela histórica,novela histórica,novela histórica
276,subgenre-theme,novela histórica,other,2000,word,tfidf,2,nh0018,other,other,other,other,other,other,other,other,other,other,other
277,subgenre-theme,novela histórica,other,2000,word,tfidf,2,nh0020,novela histórica,other,novela histórica,novela histórica,novela histórica,novela histórica,novela histórica,novela histórica,novela histórica,novela histórica,novela histórica
278,subgenre-theme,novela histórica,other,2000,word,tfidf,2,nh0021,other,other,other,other,other,other,other,other,other,other,other
279,subgenre-theme,novela histórica,other,2000,word,tfidf,2,nh0022,novela histórica,novela histórica,novela histórica,novela histórica,novela histórica,novela histórica,novela histórica,novela histórica,novela histórica,novela histórica,novela histórica
280,subgenre-theme,novela histórica,other,2000,word,tfidf,2,nh0025,novela histórica,novela histórica,novela histórica,novela histórica,novela histórica,novela histórica,novela histórica,novela histórica,novela histórica,novela histórica,novela histórica
281,subgenre-theme,novela histórica,other,2000,word,tfidf,2,nh0026,novela histórica,novela histórica,novela histórica,novela histórica,novela histórica,novela histórica,novela histórica,novela histórica,novela histórica,novela histórica,novela histórica
282,subgenre-theme,novela histórica,other,2000,word,tfidf,2,nh0028,other,other,other,other,other,other,other,other,other,other,other
283,subgenre-theme,novela histórica,other,2000,word,tfidf,2,nh0030,other,other,other,other,other,other,other,other,other,other,other
284,subgenre-theme,novela histórica,other,2000,word,tfidf,2,nh0032,other,other,other,other,other,other,other,other,other,other,other
285,subgenre-theme,novela histórica,other,2000,word,tfidf,2,nh0033,other,other,other,other,other,other,other,other,other,other,other
286,subgenre-theme,novela histórica,other,2000,word,tfidf,2,nh0034,other,other,other,other,other,other,other,other,other,other,other
287,subgenre-theme,novela histórica,other,2000,word,tfidf,2,nh0035,novela histórica,novela histórica,novela histórica,novela histórica,novela histórica,novela histórica,novela histórica,novela histórica,novela histórica,novela histórica,novela histórica
288,subgenre-theme,novela histórica,other,2000,word,tfidf,2,nh0036,other,other,other,other,other,other,other,other,other,other,other
289,subgenre-theme,novela histórica,other,2000,word,tfidf,2,nh0037,novela histórica,novela histórica,novela histórica,novela histórica,novela histórica,novela histórica,novela histórica,novela histórica,novela histórica,novela histórica,novela histórica
290,subgenre-theme,novela histórica,other,2000,word,tfidf,2,nh0040,novela histórica,novela histórica,novela histórica,novela histórica,novela histórica,novela histórica,novela histórica,novela histórica,novela histórica,novela histórica,novela histórica
291,subgenre-theme,novela histórica,other,2000,word,tfidf,2,nh0041,novela histórica,novela histórica,novela histórica,novela histórica,novela histórica,novela histórica,novela histórica,novela histórica,novela histórica,novela histórica,novela histórica
292,subgenre-theme,novela histórica,other,2000,word,tfidf,2,nh0048,other,other,other,other,other,other,other,other,other,other,other
293,subgenre-theme,novela histórica,other,2000,word,tfidf,2,nh0049,novela histórica,novela histórica,novela histórica,novela histórica,novela histórica,novela histórica,novela histórica,novela histórica,novela histórica,novela histórica,novela histórica
294,subgenre-theme,novela histórica,other,2000,word,tfidf,2,nh0054,novela histórica,novela histórica,novela histórica,novela histórica,novela histórica,novela histórica,novela histórica,novela histórica,novela histórica,novela histórica,novela histórica
295,subgenre-theme,novela histórica,other,2000,word,tfidf,2,nh0055,novela histórica,novela histórica,novela histórica,novela histórica,novela histórica,novela histórica,novela histórica,novela histórica,novela histórica,novela histórica,novela histórica
296,subgenre-theme,novela histórica,other,2000,word,tfidf,2,nh0056,novela histórica,novela histórica,novela histórica,novela histórica,novela histórica,novela histórica,novela histórica,novela histórica,novela histórica,novela histórica,novela histórica
297,subgenre-theme,novela histórica,other,2000,word,tfidf,2,nh0064,novela histórica,novela histórica,novela histórica,novela histórica,novela histórica,novela histórica,novela histórica,novela histórica,novela histórica,novela histórica,novela histórica
298,subgenre-theme,novela histórica,other,2000,word,tfidf,2,nh0066,other,other,other,other,other,other,other,other,other,other,other
299,subgenre-theme,novela histórica,other,2000,word,tfidf,2,nh0069,novela histórica,novela histórica,novela histórica,novela histórica,novela histórica,novela histórica,novela histórica,novela histórica,novela histórica,novela histórica,novela histórica
300,subgenre-theme,novela histórica,other,2000,word,tfidf,2,nh0070,other,other,other,other,other,other,other,other,other,other,other
301,subgenre-theme,novela histórica,other,2000,word,tfidf,2,nh0075,other,other,other,other,other,other,other,other,other,other,other
302,subgenre-theme,novela histórica,other,2000,word,tfidf,2,nh0077,other,other,other,novela histórica,other,other,other,other,other,other,other
303,subgenre-theme,novela histórica,other,2000,word,tfidf,2,nh0080,other,other,other,other,other,other,other,other,other,other,other
304,subgenre-theme,novela histórica,other,2000,word,tfidf,2,nh0081,novela histórica,novela histórica,novela histórica,novela histórica,novela histórica,novela histórica,novela histórica,novela histórica,novela histórica,novela histórica,novela histórica
305,subgenre-theme,novela histórica,other,2000,word,tfidf,2,nh0084,novela histórica,novela histórica,novela histórica,novela histórica,novela histórica,novela histórica,novela histórica,novela histórica,novela histórica,novela histórica,novela histórica
306,subgenre-theme,novela histórica,other,2000,word,tfidf,2,nh0086,novela histórica,novela histórica,novela histórica,novela histórica,other,novela histórica,novela histórica,novela histórica,novela histórica,novela histórica,novela histórica
307,subgenre-theme,novela histórica,other,2000,word,tfidf,2,nh0088,other,other,other,other,other,other,other,other,other,other,other
308,subgenre-theme,novela histórica,other,2000,word,tfidf,2,nh0090,other,other,other,novela histórica,other,other,other,other,other,other,other
309,subgenre-theme,novela histórica,other,2000,word,tfidf,2,nh0091,novela histórica,novela histórica,novela histórica,novela histórica,other,novela histórica,novela histórica,novela histórica,novela histórica,novela histórica,novela histórica
310,subgenre-theme,novela histórica,other,2000,word,tfidf,2,nh0093,other,other,other,other,other,other,other,other,other,other,other
311,subgenre-theme,novela histórica,other,2000,word,tfidf,2,nh0094,novela histórica,novela histórica,novela histórica,novela histórica,novela histórica,novela histórica,novela histórica,novela histórica,novela histórica,novela histórica,novela histórica
312,subgenre-theme,novela histórica,other,2000,word,tfidf,2,nh0095,other,other,other,other,other,other,other,other,other,other,other
313,subgenre-theme,novela histórica,other,2000,word,tfidf,2,nh0096,other,other,other,other,novela histórica,other,other,other,other,other,other
314,subgenre-theme,novela histórica,other,2000,word,tfidf,2,nh0097,novela histórica,novela histórica,novela histórica,novela histórica,novela histórica,novela histórica,novela histórica,novela histórica,novela histórica,novela histórica,novela histórica
315,subgenre-theme,novela histórica,other,2000,word,tfidf,2,nh0099,other,other,other,other,other,other,other,other,other,other,other
316,subgenre-theme,novela histórica,other,2000,word,tfidf,2,nh0100,novela histórica,novela histórica,novela histórica,novela histórica,other,novela histórica,novela histórica,novela histórica,novela histórica,novela histórica,novela histórica
317,subgenre-theme,novela histórica,other,2000,word,tfidf,2,nh0101,other,other,other,other,other,other,other,other,other,other,other
318,subgenre-theme,novela histórica,other,2000,word,tfidf,2,nh0103,novela histórica,novela histórica,novela histórica,novela histórica,novela histórica,novela histórica,novela histórica,novela histórica,novela histórica,novela histórica,novela histórica
319,subgenre-theme,novela histórica,other,2000,word,tfidf,2,nh0106,novela histórica,novela histórica,novela histórica,novela histórica,novela histórica,novela histórica,novela histórica,novela histórica,novela histórica,novela histórica,novela histórica
320,subgenre-theme,novela histórica,other,2000,word,tfidf,2,nh0107,novela histórica,novela histórica,novela histórica,novela histórica,novela histórica,novela histórica,novela histórica,novela histórica,novela histórica,novela histórica,novela histórica
321,subgenre-theme,novela histórica,other,2000,word,tfidf,2,nh0108,novela histórica,novela histórica,novela histórica,novela histórica,novela histórica,novela histórica,novela histórica,novela histórica,novela histórica,novela histórica,novela histórica
322,subgenre-theme,novela histórica,other,2000,word,tfidf,2,nh0109,other,other,other,other,other,other,other,other,other,other,other
323,subgenre-theme,novela histórica,other,2000,word,tfidf,2,nh0110,other,other,other,other,novela histórica,other,other,other,other,other,other
324,subgenre-theme,novela histórica,other,2000,word,tfidf,2,nh0111,novela histórica,novela histórica,novela histórica,novela histórica,novela histórica,novela histórica,novela histórica,novela histórica,novela histórica,novela histórica,novela histórica
325,subgenre-theme,novela histórica,other,2000,word,tfidf,2,nh0112,other,other,other,other,other,other,other,other,other,other,other
326,subgenre-theme,novela histórica,other,2000,word,tfidf,2,nh0113,other,other,other,other,novela histórica,other,other,other,other,other,other
327,subgenre-theme,novela histórica,other,2000,word,tfidf,2,nh0115,novela histórica,novela histórica,novela histórica,novela histórica,novela histórica,novela histórica,novela histórica,novela histórica,novela histórica,novela histórica,novela histórica
328,subgenre-theme,novela histórica,other,2000,word,tfidf,2,nh0116,novela histórica,novela histórica,novela histórica,novela histórica,novela histórica,novela histórica,novela histórica,novela histórica,novela histórica,novela histórica,novela histórica
329,subgenre-theme,novela histórica,other,2000,word,tfidf,2,nh0117,novela histórica,novela histórica,novela histórica,novela histórica,novela histórica,novela histórica,novela histórica,novela histórica,novela histórica,novela histórica,novela histórica
330,subgenre-theme,novela histórica,other,2000,word,tfidf,2,nh0121,other,other,other,other,other,other,other,other,other,other,other
331,subgenre-theme,novela histórica,other,2000,word,tfidf,2,nh0122,novela histórica,novela histórica,novela histórica,novela histórica,novela histórica,novela histórica,novela histórica,novela histórica,novela histórica,novela histórica,novela histórica
332,subgenre-theme,novela histórica,other,2000,word,tfidf,2,nh0125,novela histórica,novela histórica,novela histórica,novela histórica,novela histórica,novela histórica,novela histórica,novela histórica,novela histórica,novela histórica,novela histórica
333,subgenre-theme,novela histórica,other,2000,word,tfidf,2,nh0127,other,other,other,other,other,novela histórica,other,other,other,other,other
334,subgenre-theme,novela histórica,other,2000,word,tfidf,2,nh0131,other,other,other,other,other,other,other,other,other,other,other
335,subgenre-theme,novela histórica,other,2000,word,tfidf,2,nh0132,other,other,other,other,other,other,other,other,other,other,other
336,subgenre-theme,novela histórica,other,2000,word,tfidf,2,nh0133,other,other,other,other,other,other,other,other,other,other,other
337,subgenre-theme,novela histórica,other,2000,word,tfidf,2,nh0136,other,other,other,other,other,other,other,other,other,other,other
338,subgenre-theme,novela histórica,other,2000,word,tfidf,2,nh0138,other,other,other,other,other,other,other,other,other,other,other
339,subgenre-theme,novela histórica,other,2000,word,tfidf,2,nh0139,novela histórica,novela histórica,novela histórica,novela histórica,novela histórica,novela histórica,other,novela histórica,novela histórica,novela histórica,novela histórica
340,subgenre-theme,novela histórica,other,2000,word,tfidf,2,nh0142,novela histórica,novela histórica,novela histórica,novela histórica,novela histórica,novela histórica,novela histórica,novela histórica,novela histórica,novela histórica,novela histórica
341,subgenre-theme,novela histórica,other,2000,word,tfidf,2,nh0143,novela histórica,novela histórica,novela histórica,novela histórica,novela histórica,novela histórica,novela histórica,novela histórica,novela histórica,novela histórica,novela histórica
342,subgenre-theme,novela histórica,other,2000,word,tfidf,2,nh0149,novela histórica,novela histórica,novela histórica,novela histórica,novela histórica,novela histórica,novela histórica,novela histórica,novela histórica,novela histórica,novela histórica
343,subgenre-theme,novela histórica,other,2000,word,tfidf,2,nh0150,novela histórica,novela histórica,novela histórica,novela histórica,novela histórica,novela histórica,novela histórica,other,novela histórica,novela histórica,novela histórica
344,subgenre-theme,novela histórica,other,2000,word,tfidf,2,nh0152,novela histórica,novela histórica,novela histórica,novela histórica,novela histórica,novela histórica,novela histórica,novela histórica,novela histórica,novela histórica,novela histórica
345,subgenre-theme,novela histórica,other,2000,word,tfidf,2,nh0153,other,other,other,other,other,other,other,other,other,other,other
346,subgenre-theme,novela histórica,other,2000,word,tfidf,2,nh0158,novela histórica,novela histórica,novela histórica,novela histórica,novela histórica,novela histórica,novela histórica,novela histórica,novela histórica,novela histórica,novela histórica
347,subgenre-theme,novela histórica,other,2000,word,tfidf,2,nh0159,novela histórica,novela histórica,novela histórica,novela histórica,novela histórica,novela histórica,novela histórica,novela histórica,novela histórica,novela histórica,novela histórica
348,subgenre-theme,novela histórica,other,2000,word,tfidf,2,nh0160,novela histórica,novela histórica,novela histórica,novela histórica,novela histórica,novela histórica,novela histórica,novela histórica,novela histórica,novela histórica,novela histórica
349,subgenre-theme,novela histórica,other,2000,word,tfidf,2,nh0161,novela histórica,novela histórica,novela histórica,novela histórica,novela histórica,novela histórica,novela histórica,novela histórica,novela histórica,novela histórica,novela histórica
350,subgenre-theme,novela histórica,other,2000,word,tfidf,2,nh0163,other,other,other,other,other,other,other,other,other,other,other
351,subgenre-theme,novela histórica,other,2000,word,tfidf,2,nh0164,other,other,other,other,other,other,other,other,other,other,other
352,subgenre-theme,novela histórica,other,2000,word,tfidf,2,nh0165,novela histórica,novela histórica,novela histórica,novela histórica,novela histórica,novela histórica,novela histórica,novela histórica,other,novela histórica,novela histórica
353,subgenre-theme,novela histórica,other,2000,word,tfidf,2,nh0166,novela histórica,novela histórica,novela histórica,novela histórica,novela histórica,novela histórica,novela histórica,novela histórica,novela histórica,novela histórica,novela histórica
354,subgenre-theme,novela histórica,other,2000,word,tfidf,2,nh0167,other,other,other,other,other,other,other,other,other,other,other
355,subgenre-theme,novela histórica,other,2000,word,tfidf,2,nh0168,novela histórica,novela histórica,novela histórica,novela histórica,novela histórica,novela histórica,novela histórica,novela histórica,novela histórica,novela histórica,novela histórica
356,subgenre-theme,novela histórica,other,2000,word,tfidf,2,nh0169,novela histórica,novela histórica,novela histórica,novela histórica,novela histórica,novela histórica,novela histórica,novela histórica,other,novela histórica,novela histórica
357,subgenre-theme,novela histórica,other,2000,word,tfidf,2,nh0171,other,other,other,other,other,other,other,other,other,other,other
358,subgenre-theme,novela histórica,other,2000,word,tfidf,2,nh0173,other,other,other,other,other,other,other,other,other,other,other
359,subgenre-theme,novela histórica,other,2000,word,tfidf,2,nh0176,novela histórica,novela histórica,novela histórica,novela histórica,novela histórica,novela histórica,novela histórica,novela histórica,novela histórica,novela histórica,novela histórica
360,subgenre-theme,novela histórica,other,2000,word,tfidf,2,nh0177,other,other,other,other,other,other,other,other,other,other,other
361,subgenre-theme,novela histórica,other,2000,word,tfidf,2,nh0179,other,other,other,other,other,other,other,other,other,other,other
362,subgenre-theme,novela histórica,other,2000,word,tfidf,2,nh0180,novela histórica,novela histórica,novela histórica,novela histórica,novela histórica,novela histórica,novela histórica,novela histórica,novela histórica,novela histórica,novela histórica
363,subgenre-theme,novela histórica,other,2000,word,tfidf,2,nh0181,novela histórica,novela histórica,novela histórica,novela histórica,novela histórica,novela histórica,novela histórica,novela histórica,novela histórica,novela histórica,novela histórica
364,subgenre-theme,novela histórica,other,2000,word,tfidf,2,nh0182,novela histórica,novela histórica,novela histórica,novela histórica,novela histórica,novela histórica,novela histórica,novela histórica,novela histórica,novela histórica,novela histórica
365,subgenre-theme,novela histórica,other,2000,word,tfidf,2,nh0183,other,other,other,other,other,other,other,other,other,other,other
366,subgenre-theme,novela histórica,other,2000,word,tfidf,2,nh0184,novela histórica,novela histórica,novela histórica,novela histórica,novela histórica,novela histórica,novela histórica,novela histórica,novela histórica,novela histórica,novela histórica
367,subgenre-theme,novela histórica,other,2000,word,tfidf,2,nh0186,other,other,other,other,other,other,other,other,other,other,other
368,subgenre-theme,novela histórica,other,2000,word,tfidf,2,nh0188,other,other,other,other,other,other,other,other,other,other,other
369,subgenre-theme,novela histórica,other,2000,word,tfidf,2,nh0189,other,other,other,other,other,other,other,other,other,other,other
370,subgenre-theme,novela histórica,other,2000,word,tfidf,2,nh0191,other,other,other,other,other,other,other,other,other,other,other
371,subgenre-theme,novela histórica,other,2000,word,tfidf,2,nh0192,other,other,other,other,other,other,other,other,other,other,other
372,subgenre-theme,novela histórica,other,2000,word,tfidf,2,nh0196,novela histórica,novela histórica,novela histórica,novela histórica,novela histórica,novela histórica,novela histórica,novela histórica,novela histórica,novela histórica,novela histórica
373,subgenre-theme,novela histórica,other,2000,word,tfidf,2,nh0200,other,other,other,other,other,other,other,other,novela histórica,other,other
374,subgenre-theme,novela histórica,other,2000,word,tfidf,2,nh0202,other,other,other,other,other,other,other,other,other,other,other
375,subgenre-theme,novela histórica,other,2000,word,tfidf,2,nh0203,novela histórica,novela histórica,novela histórica,novela histórica,novela histórica,novela histórica,novela histórica,novela histórica,novela histórica,novela histórica,novela histórica
376,subgenre-theme,novela histórica,other,2000,word,tfidf,2,nh0205,other,other,other,other,other,other,other,other,other,other,other
377,subgenre-theme,novela histórica,other,2000,word,tfidf,2,nh0208,novela histórica,novela histórica,novela histórica,novela histórica,novela histórica,novela histórica,novela histórica,novela histórica,novela histórica,novela histórica,novela histórica
378,subgenre-theme,novela histórica,other,2000,word,tfidf,2,nh0210,novela histórica,novela histórica,novela histórica,novela histórica,novela histórica,novela histórica,novela histórica,novela histórica,novela histórica,novela histórica,novela histórica
379,subgenre-theme,novela histórica,other,2000,word,tfidf,2,nh0211,other,other,other,other,other,other,other,other,other,other,other
380,subgenre-theme,novela histórica,other,2000,word,tfidf,2,nh0213,other,other,other,other,other,other,other,other,other,other,other
381,subgenre-theme,novela histórica,other,2000,word,tfidf,2,nh0215,other,other,other,other,other,other,other,other,novela histórica,other,other
382,subgenre-theme,novela histórica,other,2000,word,tfidf,2,nh0222,novela histórica,novela histórica,novela histórica,novela histórica,novela histórica,novela histórica,novela histórica,novela histórica,novela histórica,other,novela histórica
383,subgenre-theme,novela histórica,other,2000,word,tfidf,2,nh0223,other,other,other,other,other,other,other,other,other,other,other
384,subgenre-theme,novela histórica,other,2000,word,tfidf,2,nh0225,other,other,other,other,other,other,other,other,other,novela histórica,other
385,subgenre-theme,novela histórica,other,2000,word,tfidf,2,nh0227,novela histórica,novela histórica,novela histórica,novela histórica,novela histórica,novela histórica,novela histórica,novela histórica,novela histórica,novela histórica,novela histórica
386,subgenre-theme,novela histórica,other,2000,word,tfidf,2,nh0229,other,other,other,other,other,other,other,other,other,other,other
387,subgenre-theme,novela histórica,other,2000,word,tfidf,2,nh0231,novela histórica,novela histórica,novela histórica,novela histórica,novela histórica,novela histórica,novela histórica,novela histórica,novela histórica,novela histórica,novela histórica
388,subgenre-theme,novela histórica,other,2000,word,tfidf,2,nh0234,other,other,other,other,other,other,other,other,other,other,other
389,subgenre-theme,novela histórica,other,2000,word,tfidf,2,nh0236,other,other,other,other,other,other,other,other,other,other,other
390,subgenre-theme,novela histórica,other,2000,word,tfidf,2,nh0240,other,other,other,other,other,other,other,other,other,other,other
391,subgenre-theme,novela histórica,other,2000,word,tfidf,2,nh0243,novela histórica,novela histórica,novela histórica,novela histórica,novela histórica,novela histórica,novela histórica,novela histórica,novela histórica,novela histórica,novela histórica
392,subgenre-theme,novela histórica,other,2000,word,tfidf,2,nh0246,other,other,other,other,other,other,other,other,other,other,other
393,subgenre-theme,novela histórica,other,2000,word,tfidf,2,nh0247,novela histórica,novela histórica,novela histórica,novela histórica,novela histórica,novela histórica,novela histórica,novela histórica,novela histórica,novela histórica,novela histórica
394,subgenre-theme,novela histórica,other,2000,word,tfidf,2,nh0248,novela histórica,novela histórica,novela histórica,novela histórica,novela histórica,novela histórica,novela histórica,novela histórica,novela histórica,novela histórica,other
395,subgenre-theme,novela histórica,other,2000,word,tfidf,2,nh0249,novela histórica,novela histórica,novela histórica,novela histórica,novela histórica,novela histórica,novela histórica,novela histórica,novela histórica,novela histórica,novela histórica
396,subgenre-theme,novela histórica,other,2000,word,tfidf,2,nh0251,other,other,other,other,other,other,other,other,other,other,novela histórica
397,subgenre-theme,novela histórica,other,2000,word,tfidf,2,nh0252,other,other,other,other,other,other,other,other,other,other,other
398,subgenre-theme,novela histórica,other,2000,word,tfidf,2,nh0253,novela histórica,novela histórica,novela histórica,novela histórica,novela histórica,novela histórica,novela histórica,novela histórica,novela histórica,novela histórica,other
399,subgenre-theme,novela histórica,other,2000,word,tfidf,2,nh0254,other,other,other,other,other,other,other,other,other,other,other
400,subgenre-theme,novela histórica,other,2000,word,tfidf,2,nh0255,other,other,other,other,other,other,other,other,other,other,other
401,subgenre-theme,novela histórica,other,2000,word,tfidf,2,nh0256,other,other,other,other,other,other,other,other,other,other,other
402,subgenre-theme,novela histórica,other,2000,word,tfidf,3,nh0001,other,other,other,other,other,other,other,other,other,other,other
403,subgenre-theme,novela histórica,other,2000,word,tfidf,3,nh0003,other,other,other,other,other,other,other,other,other,other,other
404,subgenre-theme,novela histórica,other,2000,word,tfidf,3,nh0004,novela histórica,novela histórica,novela histórica,novela histórica,novela histórica,novela histórica,novela histórica,novela histórica,novela histórica,novela histórica,novela histórica
405,subgenre-theme,novela histórica,other,2000,word,tfidf,3,nh0007,novela histórica,novela histórica,novela histórica,novela histórica,novela histórica,novela histórica,novela histórica,novela histórica,novela histórica,novela histórica,novela histórica
406,subgenre-theme,novela histórica,other,2000,word,tfidf,3,nh0009,novela histórica,novela histórica,novela histórica,novela histórica,novela histórica,novela histórica,novela histórica,novela histórica,novela histórica,novela histórica,novela histórica
407,subgenre-theme,novela histórica,other,2000,word,tfidf,3,nh0011,other,other,other,other,other,other,other,other,other,other,other
408,subgenre-theme,novela histórica,other,2000,word,tfidf,3,nh0013,other,other,other,other,other,other,other,other,other,other,other
409,subgenre-theme,novela histórica,other,2000,word,tfidf,3,nh0014,other,novela histórica,other,other,other,other,other,other,other,other,other
410,subgenre-theme,novela histórica,other,2000,word,tfidf,3,nh0015,novela histórica,novela histórica,novela histórica,novela histórica,novela histórica,novela histórica,novela histórica,novela histórica,novela histórica,novela histórica,novela histórica
411,subgenre-theme,novela histórica,other,2000,word,tfidf,3,nh0017,novela histórica,novela histórica,novela histórica,novela histórica,novela histórica,novela histórica,novela histórica,novela histórica,novela histórica,novela histórica,novela histórica
412,subgenre-theme,novela histórica,other,2000,word,tfidf,3,nh0020,novela histórica,other,novela histórica,novela histórica,novela histórica,novela histórica,novela histórica,novela histórica,novela histórica,novela histórica,novela histórica
413,subgenre-theme,novela histórica,other,2000,word,tfidf,3,nh0022,novela histórica,novela histórica,novela histórica,novela histórica,novela histórica,novela histórica,novela histórica,novela histórica,novela histórica,novela histórica,novela histórica
414,subgenre-theme,novela histórica,other,2000,word,tfidf,3,nh0025,novela histórica,novela histórica,novela histórica,novela histórica,novela histórica,novela histórica,novela histórica,novela histórica,novela histórica,novela histórica,novela histórica
415,subgenre-theme,novela histórica,other,2000,word,tfidf,3,nh0026,novela histórica,novela histórica,novela histórica,novela histórica,novela histórica,novela histórica,novela histórica,novela histórica,novela histórica,novela histórica,novela histórica
416,subgenre-theme,novela histórica,other,2000,word,tfidf,3,nh0027,other,other,other,other,other,other,other,other,other,other,other
417,subgenre-theme,novela histórica,other,2000,word,tfidf,3,nh0031,other,other,other,other,other,other,other,other,other,other,other
418,subgenre-theme,novela histórica,other,2000,word,tfidf,3,nh0033,other,other,other,other,other,other,other,other,other,other,other
419,subgenre-theme,novela histórica,other,2000,word,tfidf,3,nh0034,other,other,other,other,other,other,other,other,other,other,other
420,subgenre-theme,novela histórica,other,2000,word,tfidf,3,nh0035,novela histórica,novela histórica,novela histórica,novela histórica,novela histórica,novela histórica,novela histórica,novela histórica,novela histórica,novela histórica,novela histórica
421,subgenre-theme,novela histórica,other,2000,word,tfidf,3,nh0037,novela histórica,novela histórica,novela histórica,novela histórica,novela histórica,novela histórica,novela histórica,novela histórica,novela histórica,novela histórica,novela histórica
422,subgenre-theme,novela histórica,other,2000,word,tfidf,3,nh0038,other,other,other,other,other,other,other,other,other,other,other
423,subgenre-theme,novela histórica,other,2000,word,tfidf,3,nh0039,other,other,other,other,other,other,other,other,other,other,other
424,subgenre-theme,novela histórica,other,2000,word,tfidf,3,nh0040,novela histórica,novela histórica,other,novela histórica,novela histórica,novela histórica,novela histórica,novela histórica,novela histórica,novela histórica,novela histórica
425,subgenre-theme,novela histórica,other,2000,word,tfidf,3,nh0041,novela histórica,novela histórica,novela histórica,novela histórica,novela histórica,novela histórica,novela histórica,novela histórica,novela histórica,novela histórica,novela histórica
426,subgenre-theme,novela histórica,other,2000,word,tfidf,3,nh0042,other,other,other,other,other,other,other,other,other,other,other
427,subgenre-theme,novela histórica,other,2000,word,tfidf,3,nh0044,other,other,other,other,other,other,other,other,other,other,other
428,subgenre-theme,novela histórica,other,2000,word,tfidf,3,nh0049,novela histórica,novela histórica,novela histórica,novela histórica,novela histórica,novela histórica,novela histórica,novela histórica,novela histórica,novela histórica,novela histórica
429,subgenre-theme,novela histórica,other,2000,word,tfidf,3,nh0051,other,other,other,other,other,other,other,other,other,other,other
430,subgenre-theme,novela histórica,other,2000,word,tfidf,3,nh0054,novela histórica,novela histórica,novela histórica,novela histórica,novela histórica,novela histórica,novela histórica,novela histórica,novela histórica,novela histórica,novela histórica
431,subgenre-theme,novela histórica,other,2000,word,tfidf,3,nh0055,novela histórica,novela histórica,novela histórica,novela histórica,novela histórica,novela histórica,novela histórica,novela histórica,novela histórica,novela histórica,novela histórica
432,subgenre-theme,novela histórica,other,2000,word,tfidf,3,nh0056,novela histórica,novela histórica,novela histórica,novela histórica,novela histórica,novela histórica,novela histórica,novela histórica,novela histórica,novela histórica,novela histórica
433,subgenre-theme,novela histórica,other,2000,word,tfidf,3,nh0058,other,other,other,other,other,other,other,other,other,other,other
434,subgenre-theme,novela histórica,other,2000,word,tfidf,3,nh0060,other,other,other,other,other,other,other,other,other,other,other
435,subgenre-theme,novela histórica,other,2000,word,tfidf,3,nh0062,other,other,other,other,other,other,other,other,other,other,other
436,subgenre-theme,novela histórica,other,2000,word,tfidf,3,nh0063,other,other,other,other,other,other,other,other,other,other,other
437,subgenre-theme,novela histórica,other,2000,word,tfidf,3,nh0064,novela histórica,novela histórica,novela histórica,novela histórica,novela histórica,novela histórica,novela histórica,novela histórica,novela histórica,novela histórica,novela histórica
438,subgenre-theme,novela histórica,other,2000,word,tfidf,3,nh0065,other,other,other,other,other,other,other,other,other,other,other
439,subgenre-theme,novela histórica,other,2000,word,tfidf,3,nh0067,other,other,other,novela histórica,other,other,other,other,other,other,other
440,subgenre-theme,novela histórica,other,2000,word,tfidf,3,nh0069,novela histórica,novela histórica,novela histórica,novela histórica,novela histórica,novela histórica,novela histórica,novela histórica,novela histórica,novela histórica,novela histórica
441,subgenre-theme,novela histórica,other,2000,word,tfidf,3,nh0070,other,other,other,other,other,other,other,other,other,other,other
442,subgenre-theme,novela histórica,other,2000,word,tfidf,3,nh0071,other,other,other,other,other,other,other,other,other,other,other
443,subgenre-theme,novela histórica,other,2000,word,tfidf,3,nh0072,other,other,other,other,novela histórica,other,other,other,other,other,other
444,subgenre-theme,novela histórica,other,2000,word,tfidf,3,nh0075,other,other,other,other,other,other,other,other,other,other,other
445,subgenre-theme,novela histórica,other,2000,word,tfidf,3,nh0078,other,other,other,other,other,other,other,other,other,other,other
446,subgenre-theme,novela histórica,other,2000,word,tfidf,3,nh0081,novela histórica,novela histórica,novela histórica,novela histórica,novela histórica,novela histórica,novela histórica,novela histórica,novela histórica,novela histórica,novela histórica
447,subgenre-theme,novela histórica,other,2000,word,tfidf,3,nh0082,other,other,other,other,other,other,other,other,other,other,other
448,subgenre-theme,novela histórica,other,2000,word,tfidf,3,nh0084,novela histórica,novela histórica,novela histórica,novela histórica,novela histórica,novela histórica,novela histórica,novela histórica,novela histórica,novela histórica,novela histórica
449,subgenre-theme,novela histórica,other,2000,word,tfidf,3,nh0086,novela histórica,novela histórica,novela histórica,novela histórica,other,novela histórica,novela histórica,novela histórica,novela histórica,novela histórica,novela histórica
450,subgenre-theme,novela histórica,other,2000,word,tfidf,3,nh0089,other,other,other,other,other,other,other,other,other,other,other
451,subgenre-theme,novela histórica,other,2000,word,tfidf,3,nh0090,other,other,other,other,novela histórica,other,other,other,other,other,other
452,subgenre-theme,novela histórica,other,2000,word,tfidf,3,nh0091,novela histórica,novela histórica,novela histórica,novela histórica,other,novela histórica,novela histórica,novela histórica,novela histórica,novela histórica,novela histórica
453,subgenre-theme,novela histórica,other,2000,word,tfidf,3,nh0092,other,other,other,other,other,other,other,other,other,other,other
454,subgenre-theme,novela histórica,other,2000,word,tfidf,3,nh0094,novela histórica,novela histórica,novela histórica,novela histórica,novela histórica,novela histórica,novela histórica,novela histórica,novela histórica,novela histórica,novela histórica
455,subgenre-theme,novela histórica,other,2000,word,tfidf,3,nh0097,novela histórica,novela histórica,novela histórica,novela histórica,novela histórica,novela histórica,novela histórica,novela histórica,novela histórica,novela histórica,novela histórica
456,subgenre-theme,novela histórica,other,2000,word,tfidf,3,nh0098,other,other,other,other,other,novela histórica,other,other,other,other,other
457,subgenre-theme,novela histórica,other,2000,word,tfidf,3,nh0099,other,other,other,other,other,other,other,other,other,other,other
458,subgenre-theme,novela histórica,other,2000,word,tfidf,3,nh0100,novela histórica,novela histórica,novela histórica,novela histórica,novela histórica,novela histórica,novela histórica,novela histórica,novela histórica,novela histórica,novela histórica
459,subgenre-theme,novela histórica,other,2000,word,tfidf,3,nh0103,novela histórica,novela histórica,novela histórica,novela histórica,other,novela histórica,novela histórica,novela histórica,novela histórica,novela histórica,novela histórica
460,subgenre-theme,novela histórica,other,2000,word,tfidf,3,nh0106,novela histórica,novela histórica,novela histórica,novela histórica,novela histórica,novela histórica,novela histórica,novela histórica,novela histórica,novela histórica,novela histórica
461,subgenre-theme,novela histórica,other,2000,word,tfidf,3,nh0107,novela histórica,novela histórica,novela histórica,novela histórica,novela histórica,novela histórica,novela histórica,novela histórica,novela histórica,novela histórica,novela histórica
462,subgenre-theme,novela histórica,other,2000,word,tfidf,3,nh0108,novela histórica,novela histórica,novela histórica,novela histórica,novela histórica,other,novela histórica,novela histórica,novela histórica,novela histórica,novela histórica
463,subgenre-theme,novela histórica,other,2000,word,tfidf,3,nh0111,novela histórica,novela histórica,novela histórica,novela histórica,novela histórica,novela histórica,novela histórica,novela histórica,novela histórica,novela histórica,novela histórica
464,subgenre-theme,novela histórica,other,2000,word,tfidf,3,nh0112,other,other,other,other,other,novela histórica,other,other,other,other,other
465,subgenre-theme,novela histórica,other,2000,word,tfidf,3,nh0115,novela histórica,novela histórica,novela histórica,novela histórica,novela histórica,novela histórica,novela histórica,novela histórica,novela histórica,novela histórica,novela histórica
466,subgenre-theme,novela histórica,other,2000,word,tfidf,3,nh0116,novela histórica,novela histórica,novela histórica,novela histórica,novela histórica,novela histórica,novela histórica,novela histórica,novela histórica,novela histórica,novela histórica
467,subgenre-theme,novela histórica,other,2000,word,tfidf,3,nh0117,novela histórica,novela histórica,novela histórica,novela histórica,novela histórica,novela histórica,novela histórica,novela histórica,novela histórica,novela histórica,novela histórica
468,subgenre-theme,novela histórica,other,2000,word,tfidf,3,nh0122,novela histórica,novela histórica,novela histórica,novela histórica,novela histórica,novela histórica,novela histórica,novela histórica,novela histórica,novela histórica,novela histórica
469,subgenre-theme,novela histórica,other,2000,word,tfidf,3,nh0125,novela histórica,novela histórica,novela histórica,novela histórica,novela histórica,novela histórica,novela histórica,novela histórica,novela histórica,novela histórica,novela histórica
470,subgenre-theme,novela histórica,other,2000,word,tfidf,3,nh0131,other,other,other,other,other,other,other,other,other,other,other
471,subgenre-theme,novela histórica,other,2000,word,tfidf,3,nh0132,other,other,other,other,other,other,other,other,other,other,other
472,subgenre-theme,novela histórica,other,2000,word,tfidf,3,nh0135,other,other,other,other,other,other,other,other,other,other,other
473,subgenre-theme,novela histórica,other,2000,word,tfidf,3,nh0137,other,other,other,other,other,other,other,other,other,other,other
474,subgenre-theme,novela histórica,other,2000,word,tfidf,3,nh0138,other,other,other,other,other,other,other,other,other,other,other
475,subgenre-theme,novela histórica,other,2000,word,tfidf,3,nh0139,novela histórica,novela histórica,novela histórica,novela histórica,novela histórica,novela histórica,novela histórica,novela histórica,novela histórica,novela histórica,novela histórica
476,subgenre-theme,novela histórica,other,2000,word,tfidf,3,nh0140,other,other,other,other,other,other,other,other,other,other,other
477,subgenre-theme,novela histórica,other,2000,word,tfidf,3,nh0141,other,other,other,other,other,other,novela histórica,other,other,other,other
478,subgenre-theme,novela histórica,other,2000,word,tfidf,3,nh0142,novela histórica,novela histórica,novela histórica,novela histórica,novela histórica,novela histórica,novela histórica,novela histórica,novela histórica,novela histórica,novela histórica
479,subgenre-theme,novela histórica,other,2000,word,tfidf,3,nh0143,novela histórica,novela histórica,novela histórica,novela histórica,novela histórica,novela histórica,novela histórica,novela histórica,novela histórica,novela histórica,novela histórica
480,subgenre-theme,novela histórica,other,2000,word,tfidf,3,nh0144,other,other,other,other,other,other,other,other,other,other,other
481,subgenre-theme,novela histórica,other,2000,word,tfidf,3,nh0149,novela histórica,novela histórica,novela histórica,novela histórica,novela histórica,novela histórica,novela histórica,novela histórica,novela histórica,novela histórica,novela histórica
482,subgenre-theme,novela histórica,other,2000,word,tfidf,3,nh0150,novela histórica,novela histórica,novela histórica,novela histórica,novela histórica,novela histórica,novela histórica,other,novela histórica,novela histórica,novela histórica
483,subgenre-theme,novela histórica,other,2000,word,tfidf,3,nh0151,other,other,other,other,other,other,other,other,other,other,other
484,subgenre-theme,novela histórica,other,2000,word,tfidf,3,nh0152,novela histórica,novela histórica,novela histórica,novela histórica,novela histórica,novela histórica,novela histórica,novela histórica,novela histórica,novela histórica,novela histórica
485,subgenre-theme,novela histórica,other,2000,word,tfidf,3,nh0153,other,other,other,other,other,other,other,other,other,other,other
486,subgenre-theme,novela histórica,other,2000,word,tfidf,3,nh0157,other,other,other,other,other,other,other,other,other,other,other
487,subgenre-theme,novela histórica,other,2000,word,tfidf,3,nh0158,novela histórica,novela histórica,novela histórica,novela histórica,novela histórica,novela histórica,novela histórica,novela histórica,novela histórica,novela histórica,novela histórica
488,subgenre-theme,novela histórica,other,2000,word,tfidf,3,nh0159,novela histórica,novela histórica,novela histórica,novela histórica,novela histórica,novela histórica,novela histórica,novela histórica,novela histórica,novela histórica,novela histórica
489,subgenre-theme,novela histórica,other,2000,word,tfidf,3,nh0160,novela histórica,novela histórica,novela histórica,novela histórica,novela histórica,novela histórica,novela histórica,novela histórica,novela histórica,novela histórica,novela histórica
490,subgenre-theme,novela histórica,other,2000,word,tfidf,3,nh0161,novela histórica,novela histórica,novela histórica,novela histórica,novela histórica,novela histórica,novela histórica,novela histórica,novela histórica,novela histórica,novela histórica
491,subgenre-theme,novela histórica,other,2000,word,tfidf,3,nh0163,other,other,other,other,other,other,other,other,other,other,other
492,subgenre-theme,novela histórica,other,2000,word,tfidf,3,nh0165,novela histórica,novela histórica,novela histórica,novela histórica,novela histórica,novela histórica,novela histórica,novela histórica,other,novela histórica,novela histórica
493,subgenre-theme,novela histórica,other,2000,word,tfidf,3,nh0166,novela histórica,novela histórica,novela histórica,novela histórica,novela histórica,novela histórica,novela histórica,novela histórica,novela histórica,novela histórica,novela histórica
494,subgenre-theme,novela histórica,other,2000,word,tfidf,3,nh0168,novela histórica,novela histórica,novela histórica,novela histórica,novela histórica,novela histórica,novela histórica,novela histórica,novela histórica,novela histórica,novela histórica
495,subgenre-theme,novela histórica,other,2000,word,tfidf,3,nh0169,novela histórica,novela histórica,novela histórica,novela histórica,novela histórica,novela histórica,novela histórica,novela histórica,novela histórica,novela histórica,novela histórica
496,subgenre-theme,novela histórica,other,2000,word,tfidf,3,nh0173,other,other,other,other,other,other,other,other,other,other,other
497,subgenre-theme,novela histórica,other,2000,word,tfidf,3,nh0176,novela histórica,novela histórica,novela histórica,novela histórica,novela histórica,novela histórica,novela histórica,novela histórica,novela histórica,novela histórica,novela histórica
498,subgenre-theme,novela histórica,other,2000,word,tfidf,3,nh0178,other,other,other,other,other,other,other,novela histórica,other,other,other
499,subgenre-theme,novela histórica,other,2000,word,tfidf,3,nh0179,other,other,other,other,other,other,other,other,other,other,other
500,subgenre-theme,novela histórica,other,2000,word,tfidf,3,nh0180,novela histórica,novela histórica,novela histórica,novela histórica,novela histórica,novela histórica,novela histórica,novela histórica,novela histórica,novela histórica,novela histórica
501,subgenre-theme,novela histórica,other,2000,word,tfidf,3,nh0181,novela histórica,novela histórica,novela histórica,novela histórica,novela histórica,novela histórica,novela histórica,novela histórica,novela histórica,novela histórica,novela histórica
502,subgenre-theme,novela histórica,other,2000,word,tfidf,3,nh0182,novela histórica,novela histórica,novela histórica,novela histórica,novela histórica,novela histórica,novela histórica,novela histórica,novela histórica,novela histórica,novela histórica
503,subgenre-theme,novela histórica,other,2000,word,tfidf,3,nh0183,other,other,other,other,other,other,other,other,other,other,other
504,subgenre-theme,novela histórica,other,2000,word,tfidf,3,nh0184,novela histórica,novela histórica,novela histórica,novela histórica,novela histórica,novela histórica,novela histórica,novela histórica,novela histórica,novela histórica,novela histórica
505,subgenre-theme,novela histórica,other,2000,word,tfidf,3,nh0188,other,other,other,other,other,other,other,other,other,other,other
506,subgenre-theme,novela histórica,other,2000,word,tfidf,3,nh0189,other,other,other,other,other,other,other,other,other,other,other
507,subgenre-theme,novela histórica,other,2000,word,tfidf,3,nh0191,other,other,other,other,other,other,other,other,other,other,other
508,subgenre-theme,novela histórica,other,2000,word,tfidf,3,nh0192,other,other,other,other,other,other,other,other,other,other,other
509,subgenre-theme,novela histórica,other,2000,word,tfidf,3,nh0196,novela histórica,novela histórica,novela histórica,novela histórica,novela histórica,novela histórica,novela histórica,novela histórica,novela histórica,novela histórica,novela histórica
510,subgenre-theme,novela histórica,other,2000,word,tfidf,3,nh0198,other,other,other,other,other,other,other,other,other,other,other
511,subgenre-theme,novela histórica,other,2000,word,tfidf,3,nh0202,other,other,other,other,other,other,other,other,other,other,other
512,subgenre-theme,novela histórica,other,2000,word,tfidf,3,nh0203,novela histórica,novela histórica,novela histórica,novela histórica,novela histórica,novela histórica,novela histórica,novela histórica,novela histórica,novela histórica,novela histórica
513,subgenre-theme,novela histórica,other,2000,word,tfidf,3,nh0204,other,other,other,other,other,other,other,other,other,other,other
514,subgenre-theme,novela histórica,other,2000,word,tfidf,3,nh0208,novela histórica,novela histórica,novela histórica,novela histórica,novela histórica,novela histórica,novela histórica,novela histórica,novela histórica,novela histórica,novela histórica
515,subgenre-theme,novela histórica,other,2000,word,tfidf,3,nh0209,other,other,other,other,other,other,other,other,other,other,other
516,subgenre-theme,novela histórica,other,2000,word,tfidf,3,nh0210,novela histórica,novela histórica,novela histórica,novela histórica,novela histórica,novela histórica,novela histórica,novela histórica,novela histórica,novela histórica,novela histórica
517,subgenre-theme,novela histórica,other,2000,word,tfidf,3,nh0215,other,other,other,other,other,other,other,other,other,other,other
518,subgenre-theme,novela histórica,other,2000,word,tfidf,3,nh0216,other,other,other,other,other,other,other,other,other,other,other
519,subgenre-theme,novela histórica,other,2000,word,tfidf,3,nh0217,other,other,other,other,other,other,other,other,other,other,other
520,subgenre-theme,novela histórica,other,2000,word,tfidf,3,nh0222,novela histórica,novela histórica,novela histórica,novela histórica,novela histórica,novela histórica,novela histórica,novela histórica,novela histórica,novela histórica,novela histórica
521,subgenre-theme,novela histórica,other,2000,word,tfidf,3,nh0227,novela histórica,novela histórica,novela histórica,novela histórica,novela histórica,novela histórica,novela histórica,novela histórica,novela histórica,novela histórica,novela histórica
522,subgenre-theme,novela histórica,other,2000,word,tfidf,3,nh0229,other,other,other,other,other,other,other,other,other,other,other
523,subgenre-theme,novela histórica,other,2000,word,tfidf,3,nh0231,novela histórica,novela histórica,novela histórica,novela histórica,novela histórica,novela histórica,novela histórica,novela histórica,novela histórica,novela histórica,novela histórica
524,subgenre-theme,novela histórica,other,2000,word,tfidf,3,nh0232,other,other,other,other,other,other,other,other,other,other,other
525,subgenre-theme,novela histórica,other,2000,word,tfidf,3,nh0234,other,other,other,other,other,other,other,other,other,other,other
526,subgenre-theme,novela histórica,other,2000,word,tfidf,3,nh0237,other,other,other,other,other,other,other,other,other,other,other
527,subgenre-theme,novela histórica,other,2000,word,tfidf,3,nh0240,other,other,other,other,other,other,other,other,other,other,other
528,subgenre-theme,novela histórica,other,2000,word,tfidf,3,nh0243,novela histórica,novela histórica,novela histórica,novela histórica,novela histórica,novela histórica,novela histórica,novela histórica,novela histórica,novela histórica,novela histórica
529,subgenre-theme,novela histórica,other,2000,word,tfidf,3,nh0244,other,other,other,other,other,other,other,other,other,other,novela histórica
530,subgenre-theme,novela histórica,other,2000,word,tfidf,3,nh0247,novela histórica,novela histórica,novela histórica,novela histórica,novela histórica,novela histórica,novela histórica,novela histórica,novela histórica,novela histórica,novela histórica
531,subgenre-theme,novela histórica,other,2000,word,tfidf,3,nh0248,novela histórica,novela histórica,novela histórica,novela histórica,novela histórica,novela histórica,novela histórica,novela histórica,novela histórica,novela histórica,novela histórica
532,subgenre-theme,novela histórica,other,2000,word,tfidf,3,nh0249,novela histórica,novela histórica,novela histórica,novela histórica,novela histórica,novela histórica,novela histórica,novela histórica,novela histórica,novela histórica,novela histórica
533,subgenre-theme,novela histórica,other,2000,word,tfidf,3,nh0253,novela histórica,novela histórica,novela histórica,novela histórica,novela histórica,novela histórica,novela histórica,novela histórica,novela histórica,novela histórica,other
534,subgenre-theme,novela histórica,other,2000,word,tfidf,3,nh0254,other,other,other,other,other,other,other,other,other,other,other
535,subgenre-theme,novela histórica,other,2000,word,tfidf,3,nh0255,other,other,other,other,other,other,other,other,other,other,other
536,subgenre-theme,novela histórica,other,2000,word,tfidf,4,nh0003,other,other,other,other,other,other,other,other,other,other,other
537,subgenre-theme,novela histórica,other,2000,word,tfidf,4,nh0004,novela histórica,novela histórica,novela histórica,novela histórica,novela histórica,novela histórica,novela histórica,novela histórica,novela histórica,novela histórica,novela histórica
538,subgenre-theme,novela histórica,other,2000,word,tfidf,4,nh0007,novela histórica,novela histórica,novela histórica,novela histórica,novela histórica,novela histórica,novela histórica,novela histórica,novela histórica,novela histórica,novela histórica
539,subgenre-theme,novela histórica,other,2000,word,tfidf,4,nh0009,novela histórica,novela histórica,novela histórica,novela histórica,novela histórica,novela histórica,novela histórica,novela histórica,novela histórica,novela histórica,novela histórica
540,subgenre-theme,novela histórica,other,2000,word,tfidf,4,nh0014,other,novela histórica,other,other,other,other,other,other,other,other,other
541,subgenre-theme,novela histórica,other,2000,word,tfidf,4,nh0015,novela histórica,novela histórica,novela histórica,novela histórica,novela histórica,novela histórica,novela histórica,novela histórica,novela histórica,novela histórica,novela histórica
542,subgenre-theme,novela histórica,other,2000,word,tfidf,4,nh0017,novela histórica,other,novela histórica,novela histórica,novela histórica,novela histórica,novela histórica,novela histórica,novela histórica,novela histórica,novela histórica
543,subgenre-theme,novela histórica,other,2000,word,tfidf,4,nh0020,novela histórica,novela histórica,novela histórica,novela histórica,novela histórica,novela histórica,novela histórica,novela histórica,novela histórica,novela histórica,novela histórica
544,subgenre-theme,novela histórica,other,2000,word,tfidf,4,nh0022,novela histórica,novela histórica,novela histórica,novela histórica,novela histórica,novela histórica,novela histórica,novela histórica,novela histórica,novela histórica,novela histórica
545,subgenre-theme,novela histórica,other,2000,word,tfidf,4,nh0025,novela histórica,novela histórica,novela histórica,novela histórica,novela histórica,novela histórica,novela histórica,novela histórica,novela histórica,novela histórica,novela histórica
546,subgenre-theme,novela histórica,other,2000,word,tfidf,4,nh0026,novela histórica,novela histórica,novela histórica,novela histórica,novela histórica,novela histórica,novela histórica,novela histórica,novela histórica,novela histórica,novela histórica
547,subgenre-theme,novela histórica,other,2000,word,tfidf,4,nh0027,other,other,other,other,other,other,other,other,other,other,other
548,subgenre-theme,novela histórica,other,2000,word,tfidf,4,nh0028,other,other,other,other,other,other,other,other,other,other,other
549,subgenre-theme,novela histórica,other,2000,word,tfidf,4,nh0032,other,other,other,other,other,other,other,other,other,other,other
550,subgenre-theme,novela histórica,other,2000,word,tfidf,4,nh0033,other,novela histórica,other,other,other,other,other,other,other,other,other
551,subgenre-theme,novela histórica,other,2000,word,tfidf,4,nh0034,other,other,other,other,other,other,other,other,other,other,other
552,subgenre-theme,novela histórica,other,2000,word,tfidf,4,nh0035,novela histórica,novela histórica,novela histórica,novela histórica,novela histórica,novela histórica,novela histórica,novela histórica,novela histórica,novela histórica,novela histórica
553,subgenre-theme,novela histórica,other,2000,word,tfidf,4,nh0036,other,other,other,other,other,other,other,other,other,other,other
554,subgenre-theme,novela histórica,other,2000,word,tfidf,4,nh0037,novela histórica,novela histórica,novela histórica,novela histórica,novela histórica,novela histórica,novela histórica,novela histórica,novela histórica,novela histórica,novela histórica
555,subgenre-theme,novela histórica,other,2000,word,tfidf,4,nh0040,novela histórica,novela histórica,other,novela histórica,novela histórica,novela histórica,novela histórica,novela histórica,novela histórica,novela histórica,novela histórica
556,subgenre-theme,novela histórica,other,2000,word,tfidf,4,nh0041,novela histórica,novela histórica,novela histórica,novela histórica,novela histórica,novela histórica,novela histórica,novela histórica,novela histórica,novela histórica,novela histórica
557,subgenre-theme,novela histórica,other,2000,word,tfidf,4,nh0042,other,other,other,other,other,other,other,other,other,other,other
558,subgenre-theme,novela histórica,other,2000,word,tfidf,4,nh0045,other,other,novela histórica,other,other,other,other,other,other,other,other
559,subgenre-theme,novela histórica,other,2000,word,tfidf,4,nh0048,other,other,other,other,other,other,other,other,other,other,other
560,subgenre-theme,novela histórica,other,2000,word,tfidf,4,nh0049,novela histórica,novela histórica,novela histórica,novela histórica,novela histórica,novela histórica,novela histórica,novela histórica,novela histórica,novela histórica,novela histórica
561,subgenre-theme,novela histórica,other,2000,word,tfidf,4,nh0051,other,other,other,other,other,other,other,other,other,other,other
562,subgenre-theme,novela histórica,other,2000,word,tfidf,4,nh0052,other,other,other,other,other,other,other,other,other,other,other
563,subgenre-theme,novela histórica,other,2000,word,tfidf,4,nh0054,novela histórica,novela histórica,novela histórica,novela histórica,novela histórica,novela histórica,novela histórica,novela histórica,novela histórica,novela histórica,novela histórica
564,subgenre-theme,novela histórica,other,2000,word,tfidf,4,nh0055,novela histórica,novela histórica,novela histórica,novela histórica,novela histórica,novela histórica,novela histórica,novela histórica,novela histórica,novela histórica,novela histórica
565,subgenre-theme,novela histórica,other,2000,word,tfidf,4,nh0056,novela histórica,novela histórica,novela histórica,novela histórica,novela histórica,novela histórica,novela histórica,novela histórica,novela histórica,novela histórica,novela histórica
566,subgenre-theme,novela histórica,other,2000,word,tfidf,4,nh0060,other,other,other,other,other,other,other,other,other,other,other
567,subgenre-theme,novela histórica,other,2000,word,tfidf,4,nh0062,other,other,other,other,other,other,other,other,other,other,other
568,subgenre-theme,novela histórica,other,2000,word,tfidf,4,nh0064,novela histórica,novela histórica,novela histórica,novela histórica,novela histórica,novela histórica,novela histórica,novela histórica,novela histórica,novela histórica,novela histórica
569,subgenre-theme,novela histórica,other,2000,word,tfidf,4,nh0067,other,other,other,novela histórica,other,other,other,other,other,other,other
570,subgenre-theme,novela histórica,other,2000,word,tfidf,4,nh0068,other,other,other,other,other,other,other,other,other,other,other
571,subgenre-theme,novela histórica,other,2000,word,tfidf,4,nh0069,novela histórica,novela histórica,novela histórica,novela histórica,novela histórica,novela histórica,novela histórica,novela histórica,novela histórica,novela histórica,novela histórica
572,subgenre-theme,novela histórica,other,2000,word,tfidf,4,nh0071,other,other,other,other,other,other,other,other,other,other,other
573,subgenre-theme,novela histórica,other,2000,word,tfidf,4,nh0077,other,other,other,other,other,other,other,other,other,other,other
574,subgenre-theme,novela histórica,other,2000,word,tfidf,4,nh0081,novela histórica,novela histórica,novela histórica,novela histórica,novela histórica,novela histórica,novela histórica,novela histórica,novela histórica,novela histórica,novela histórica
575,subgenre-theme,novela histórica,other,2000,word,tfidf,4,nh0082,other,other,other,other,other,other,other,other,other,other,other
576,subgenre-theme,novela histórica,other,2000,word,tfidf,4,nh0083,other,other,other,other,other,other,other,other,other,other,other
577,subgenre-theme,novela histórica,other,2000,word,tfidf,4,nh0084,novela histórica,novela histórica,novela histórica,novela histórica,novela histórica,novela histórica,novela histórica,novela histórica,novela histórica,novela histórica,novela histórica
578,subgenre-theme,novela histórica,other,2000,word,tfidf,4,nh0086,novela histórica,novela histórica,novela histórica,novela histórica,novela histórica,novela histórica,novela histórica,novela histórica,novela histórica,novela histórica,novela histórica
579,subgenre-theme,novela histórica,other,2000,word,tfidf,4,nh0089,other,other,other,other,other,other,other,other,other,other,other
580,subgenre-theme,novela histórica,other,2000,word,tfidf,4,nh0090,other,other,other,other,novela histórica,other,other,other,other,other,other
581,subgenre-theme,novela histórica,other,2000,word,tfidf,4,nh0091,novela histórica,novela histórica,novela histórica,novela histórica,other,novela histórica,novela histórica,novela histórica,novela histórica,novela histórica,novela histórica
582,subgenre-theme,novela histórica,other,2000,word,tfidf,4,nh0093,other,other,other,other,other,other,other,other,other,other,other
583,subgenre-theme,novela histórica,other,2000,word,tfidf,4,nh0094,novela histórica,novela histórica,novela histórica,novela histórica,novela histórica,novela histórica,novela histórica,novela histórica,novela histórica,novela histórica,novela histórica
584,subgenre-theme,novela histórica,other,2000,word,tfidf,4,nh0097,novela histórica,novela histórica,novela histórica,novela histórica,novela histórica,novela histórica,novela histórica,novela histórica,novela histórica,novela histórica,novela histórica
585,subgenre-theme,novela histórica,other,2000,word,tfidf,4,nh0099,other,other,other,other,other,other,other,other,other,other,other
586,subgenre-theme,novela histórica,other,2000,word,tfidf,4,nh0100,novela histórica,novela histórica,novela histórica,novela histórica,novela histórica,novela histórica,novela histórica,novela histórica,novela histórica,novela histórica,novela histórica
587,subgenre-theme,novela histórica,other,2000,word,tfidf,4,nh0103,novela histórica,novela histórica,novela histórica,novela histórica,other,novela histórica,novela histórica,novela histórica,novela histórica,novela histórica,novela histórica
588,subgenre-theme,novela histórica,other,2000,word,tfidf,4,nh0104,other,other,other,other,other,other,other,other,other,other,other
589,subgenre-theme,novela histórica,other,2000,word,tfidf,4,nh0106,novela histórica,novela histórica,novela histórica,novela histórica,novela histórica,novela histórica,novela histórica,novela histórica,novela histórica,novela histórica,novela histórica
590,subgenre-theme,novela histórica,other,2000,word,tfidf,4,nh0107,novela histórica,novela histórica,novela histórica,novela histórica,novela histórica,novela histórica,novela histórica,novela histórica,novela histórica,novela histórica,novela histórica
591,subgenre-theme,novela histórica,other,2000,word,tfidf,4,nh0108,novela histórica,novela histórica,novela histórica,novela histórica,novela histórica,other,novela histórica,novela histórica,novela histórica,novela histórica,novela histórica
592,subgenre-theme,novela histórica,other,2000,word,tfidf,4,nh0110,other,other,other,other,novela histórica,other,other,other,other,other,other
593,subgenre-theme,novela histórica,other,2000,word,tfidf,4,nh0111,novela histórica,novela histórica,novela histórica,novela histórica,novela histórica,novela histórica,novela histórica,novela histórica,novela histórica,novela histórica,novela histórica
594,subgenre-theme,novela histórica,other,2000,word,tfidf,4,nh0115,novela histórica,novela histórica,novela histórica,novela histórica,novela histórica,novela histórica,novela histórica,novela histórica,novela histórica,novela histórica,novela histórica
595,subgenre-theme,novela histórica,other,2000,word,tfidf,4,nh0116,novela histórica,novela histórica,novela histórica,novela histórica,novela histórica,novela histórica,novela histórica,novela histórica,novela histórica,novela histórica,novela histórica
596,subgenre-theme,novela histórica,other,2000,word,tfidf,4,nh0117,novela histórica,novela histórica,novela histórica,novela histórica,novela histórica,novela histórica,novela histórica,novela histórica,novela histórica,novela histórica,novela histórica
597,subgenre-theme,novela histórica,other,2000,word,tfidf,4,nh0122,novela histórica,novela histórica,novela histórica,novela histórica,novela histórica,novela histórica,novela histórica,novela histórica,novela histórica,novela histórica,novela histórica
598,subgenre-theme,novela histórica,other,2000,word,tfidf,4,nh0125,novela histórica,novela histórica,novela histórica,novela histórica,novela histórica,novela histórica,novela histórica,novela histórica,novela histórica,novela histórica,novela histórica
599,subgenre-theme,novela histórica,other,2000,word,tfidf,4,nh0126,other,other,other,other,other,other,other,other,other,other,other
600,subgenre-theme,novela histórica,other,2000,word,tfidf,4,nh0133,other,other,other,other,other,other,other,other,other,other,other
601,subgenre-theme,novela histórica,other,2000,word,tfidf,4,nh0134,other,other,other,other,other,other,other,other,other,other,other
602,subgenre-theme,novela histórica,other,2000,word,tfidf,4,nh0136,other,other,other,other,other,other,other,other,other,other,other
603,subgenre-theme,novela histórica,other,2000,word,tfidf,4,nh0137,other,other,other,other,other,novela histórica,other,other,other,other,other
604,subgenre-theme,novela histórica,other,2000,word,tfidf,4,nh0139,novela histórica,novela histórica,novela histórica,novela histórica,novela histórica,novela histórica,novela histórica,novela histórica,novela histórica,novela histórica,novela histórica
605,subgenre-theme,novela histórica,other,2000,word,tfidf,4,nh0140,other,other,other,other,other,other,other,other,other,other,other
606,subgenre-theme,novela histórica,other,2000,word,tfidf,4,nh0141,other,other,other,other,other,novela histórica,other,other,other,other,other
607,subgenre-theme,novela histórica,other,2000,word,tfidf,4,nh0142,novela histórica,novela histórica,novela histórica,novela histórica,novela histórica,novela histórica,novela histórica,novela histórica,novela histórica,novela histórica,novela histórica
608,subgenre-theme,novela histórica,other,2000,word,tfidf,4,nh0143,novela histórica,novela histórica,novela histórica,novela histórica,novela histórica,novela histórica,novela histórica,novela histórica,novela histórica,novela histórica,novela histórica
609,subgenre-theme,novela histórica,other,2000,word,tfidf,4,nh0147,other,other,other,other,other,novela histórica,other,other,other,other,other
610,subgenre-theme,novela histórica,other,2000,word,tfidf,4,nh0149,novela histórica,novela histórica,novela histórica,novela histórica,novela histórica,novela histórica,novela histórica,novela histórica,novela histórica,novela histórica,novela histórica
611,subgenre-theme,novela histórica,other,2000,word,tfidf,4,nh0150,novela histórica,novela histórica,novela histórica,novela histórica,novela histórica,novela histórica,novela histórica,other,novela histórica,novela histórica,novela histórica
612,subgenre-theme,novela histórica,other,2000,word,tfidf,4,nh0151,other,other,other,other,other,other,other,other,other,other,other
613,subgenre-theme,novela histórica,other,2000,word,tfidf,4,nh0152,novela histórica,novela histórica,novela histórica,novela histórica,novela histórica,novela histórica,novela histórica,novela histórica,novela histórica,novela histórica,novela histórica
614,subgenre-theme,novela histórica,other,2000,word,tfidf,4,nh0156,other,other,other,other,other,other,other,other,other,other,other
615,subgenre-theme,novela histórica,other,2000,word,tfidf,4,nh0158,novela histórica,novela histórica,novela histórica,novela histórica,novela histórica,novela histórica,novela histórica,novela histórica,novela histórica,novela histórica,novela histórica
616,subgenre-theme,novela histórica,other,2000,word,tfidf,4,nh0159,novela histórica,novela histórica,novela histórica,novela histórica,novela histórica,novela histórica,novela histórica,novela histórica,novela histórica,novela histórica,novela histórica
617,subgenre-theme,novela histórica,other,2000,word,tfidf,4,nh0160,novela histórica,novela histórica,novela histórica,novela histórica,novela histórica,novela histórica,novela histórica,novela histórica,novela histórica,novela histórica,novela histórica
618,subgenre-theme,novela histórica,other,2000,word,tfidf,4,nh0161,novela histórica,novela histórica,novela histórica,novela histórica,novela histórica,novela histórica,novela histórica,novela histórica,novela histórica,novela histórica,novela histórica
619,subgenre-theme,novela histórica,other,2000,word,tfidf,4,nh0163,other,other,other,other,other,other,other,other,other,other,other
620,subgenre-theme,novela histórica,other,2000,word,tfidf,4,nh0165,novela histórica,novela histórica,novela histórica,novela histórica,novela histórica,novela histórica,novela histórica,novela histórica,other,novela histórica,novela histórica
621,subgenre-theme,novela histórica,other,2000,word,tfidf,4,nh0166,novela histórica,novela histórica,novela histórica,novela histórica,novela histórica,novela histórica,novela histórica,novela histórica,novela histórica,novela histórica,novela histórica
622,subgenre-theme,novela histórica,other,2000,word,tfidf,4,nh0168,novela histórica,novela histórica,novela histórica,novela histórica,novela histórica,novela histórica,novela histórica,novela histórica,novela histórica,novela histórica,novela histórica
623,subgenre-theme,novela histórica,other,2000,word,tfidf,4,nh0169,novela histórica,novela histórica,novela histórica,novela histórica,novela histórica,novela histórica,novela histórica,novela histórica,other,novela histórica,novela histórica
624,subgenre-theme,novela histórica,other,2000,word,tfidf,4,nh0171,other,other,other,other,other,other,other,other,other,other,other
625,subgenre-theme,novela histórica,other,2000,word,tfidf,4,nh0174,other,other,other,other,other,other,other,other,other,other,other
626,subgenre-theme,novela histórica,other,2000,word,tfidf,4,nh0175,other,other,other,other,other,other,other,other,other,other,other
627,subgenre-theme,novela histórica,other,2000,word,tfidf,4,nh0176,novela histórica,novela histórica,novela histórica,novela histórica,novela histórica,novela histórica,novela histórica,novela histórica,novela histórica,novela histórica,novela histórica
628,subgenre-theme,novela histórica,other,2000,word,tfidf,4,nh0177,other,other,other,other,other,other,other,other,other,other,other
629,subgenre-theme,novela histórica,other,2000,word,tfidf,4,nh0179,other,other,other,other,other,other,other,other,other,other,other
630,subgenre-theme,novela histórica,other,2000,word,tfidf,4,nh0180,novela histórica,novela histórica,novela histórica,novela histórica,novela histórica,novela histórica,novela histórica,novela histórica,novela histórica,novela histórica,novela histórica
631,subgenre-theme,novela histórica,other,2000,word,tfidf,4,nh0181,novela histórica,novela histórica,novela histórica,novela histórica,novela histórica,novela histórica,novela histórica,novela histórica,novela histórica,novela histórica,novela histórica
632,subgenre-theme,novela histórica,other,2000,word,tfidf,4,nh0182,novela histórica,novela histórica,novela histórica,novela histórica,novela histórica,novela histórica,novela histórica,novela histórica,novela histórica,novela histórica,novela histórica
633,subgenre-theme,novela histórica,other,2000,word,tfidf,4,nh0184,novela histórica,novela histórica,novela histórica,novela histórica,novela histórica,novela histórica,novela histórica,novela histórica,novela histórica,novela histórica,novela histórica
634,subgenre-theme,novela histórica,other,2000,word,tfidf,4,nh0186,other,other,other,other,other,other,other,other,other,other,other
635,subgenre-theme,novela histórica,other,2000,word,tfidf,4,nh0188,other,other,other,other,other,other,other,other,other,other,other
636,subgenre-theme,novela histórica,other,2000,word,tfidf,4,nh0189,other,other,other,other,other,other,other,other,other,other,other
637,subgenre-theme,novela histórica,other,2000,word,tfidf,4,nh0196,novela histórica,novela histórica,novela histórica,novela histórica,novela histórica,novela histórica,novela histórica,novela histórica,novela histórica,novela histórica,novela histórica
638,subgenre-theme,novela histórica,other,2000,word,tfidf,4,nh0198,other,other,other,other,other,other,other,other,other,other,other
639,subgenre-theme,novela histórica,other,2000,word,tfidf,4,nh0199,other,other,other,other,other,other,other,other,other,other,other
640,subgenre-theme,novela histórica,other,2000,word,tfidf,4,nh0203,novela histórica,novela histórica,novela histórica,novela histórica,novela histórica,novela histórica,novela histórica,novela histórica,novela histórica,novela histórica,novela histórica
641,subgenre-theme,novela histórica,other,2000,word,tfidf,4,nh0204,other,other,other,other,other,other,other,other,other,other,other
642,subgenre-theme,novela histórica,other,2000,word,tfidf,4,nh0206,other,other,other,other,other,other,other,other,novela histórica,other,other
643,subgenre-theme,novela histórica,other,2000,word,tfidf,4,nh0208,novela histórica,novela histórica,novela histórica,novela histórica,novela histórica,novela histórica,novela histórica,novela histórica,novela histórica,novela histórica,novela histórica
644,subgenre-theme,novela histórica,other,2000,word,tfidf,4,nh0210,novela histórica,novela histórica,novela histórica,novela histórica,novela histórica,novela histórica,novela histórica,novela histórica,novela histórica,novela histórica,novela histórica
645,subgenre-theme,novela histórica,other,2000,word,tfidf,4,nh0213,other,other,other,other,other,other,other,other,novela histórica,other,other
646,subgenre-theme,novela histórica,other,2000,word,tfidf,4,nh0215,other,other,other,other,other,other,other,other,novela histórica,other,other
647,subgenre-theme,novela histórica,other,2000,word,tfidf,4,nh0217,other,other,other,other,other,other,other,other,other,other,other
648,subgenre-theme,novela histórica,other,2000,word,tfidf,4,nh0218,other,other,other,other,other,other,other,other,other,other,other
649,subgenre-theme,novela histórica,other,2000,word,tfidf,4,nh0219,other,other,other,other,other,other,other,other,novela histórica,other,other
650,subgenre-theme,novela histórica,other,2000,word,tfidf,4,nh0222,novela histórica,novela histórica,novela histórica,novela histórica,novela histórica,novela histórica,novela histórica,novela histórica,novela histórica,other,novela histórica
651,subgenre-theme,novela histórica,other,2000,word,tfidf,4,nh0223,other,other,other,other,other,other,other,other,other,other,other
652,subgenre-theme,novela histórica,other,2000,word,tfidf,4,nh0227,novela histórica,novela histórica,novela histórica,novela histórica,novela histórica,novela histórica,novela histórica,novela histórica,novela histórica,novela histórica,novela histórica
653,subgenre-theme,novela histórica,other,2000,word,tfidf,4,nh0230,other,other,other,other,other,other,other,other,other,other,other
654,subgenre-theme,novela histórica,other,2000,word,tfidf,4,nh0231,novela histórica,novela histórica,novela histórica,novela histórica,novela histórica,novela histórica,novela histórica,novela histórica,novela histórica,novela histórica,novela histórica
655,subgenre-theme,novela histórica,other,2000,word,tfidf,4,nh0235,other,other,other,other,other,other,other,other,other,other,other
656,subgenre-theme,novela histórica,other,2000,word,tfidf,4,nh0236,other,other,other,other,other,other,other,other,other,other,other
657,subgenre-theme,novela histórica,other,2000,word,tfidf,4,nh0238,other,other,other,other,other,other,other,other,other,other,other
658,subgenre-theme,novela histórica,other,2000,word,tfidf,4,nh0241,other,other,other,other,other,other,other,other,other,novela histórica,other
659,subgenre-theme,novela histórica,other,2000,word,tfidf,4,nh0243,novela histórica,novela histórica,novela histórica,novela histórica,novela histórica,novela histórica,novela histórica,novela histórica,novela histórica,novela histórica,novela histórica
660,subgenre-theme,novela histórica,other,2000,word,tfidf,4,nh0245,other,other,other,other,other,other,other,other,other,other,novela histórica
661,subgenre-theme,novela histórica,other,2000,word,tfidf,4,nh0246,other,other,other,other,other,other,other,other,other,other,other
662,subgenre-theme,novela histórica,other,2000,word,tfidf,4,nh0247,novela histórica,novela histórica,novela histórica,novela histórica,novela histórica,novela histórica,novela histórica,novela histórica,novela histórica,novela histórica,novela histórica
663,subgenre-theme,novela histórica,other,2000,word,tfidf,4,nh0248,novela histórica,novela histórica,novela histórica,novela histórica,novela histórica,novela histórica,novela histórica,novela histórica,novela histórica,novela histórica,other
664,subgenre-theme,novela histórica,other,2000,word,tfidf,4,nh0249,novela histórica,novela histórica,novela histórica,novela histórica,novela histórica,novela histórica,novela histórica,novela histórica,novela histórica,novela histórica,novela histórica
665,subgenre-theme,novela histórica,other,2000,word,tfidf,4,nh0250,other,other,other,other,other,other,other,other,other,other,other
666,subgenre-theme,novela histórica,other,2000,word,tfidf,4,nh0253,novela histórica,novela histórica,novela histórica,novela histórica,novela histórica,novela histórica,novela histórica,novela histórica,novela histórica,novela histórica,other
667,subgenre-theme,novela histórica,other,2000,word,tfidf,4,nh0254,other,other,other,other,other,other,other,other,other,other,other
668,subgenre-theme,novela histórica,other,2000,word,tfidf,4,nh0255,other,other,other,other,other,other,other,other,other,other,other
669,subgenre-theme,novela histórica,other,2000,word,tfidf,4,nh0256,other,other,other,other,other,other,other,other,other,other,other
670,subgenre-theme,novela histórica,other,2000,word,tfidf,5,nh0001,other,other,other,other,other,other,other,other,other,other,other
671,subgenre-theme,novela histórica,other,2000,word,tfidf,5,nh0002,other,other,other,other,other,other,other,other,other,other,other
672,subgenre-theme,novela histórica,other,2000,word,tfidf,5,nh0004,novela histórica,novela histórica,novela histórica,novela histórica,novela histórica,novela histórica,novela histórica,novela histórica,novela histórica,novela histórica,novela histórica
673,subgenre-theme,novela histórica,other,2000,word,tfidf,5,nh0007,novela histórica,novela histórica,novela histórica,novela histórica,novela histórica,novela histórica,novela histórica,novela histórica,novela histórica,novela histórica,novela histórica
674,subgenre-theme,novela histórica,other,2000,word,tfidf,5,nh0008,other,other,other,other,other,other,other,other,other,other,other
675,subgenre-theme,novela histórica,other,2000,word,tfidf,5,nh0009,novela histórica,novela histórica,novela histórica,novela histórica,novela histórica,novela histórica,novela histórica,novela histórica,novela histórica,novela histórica,novela histórica
676,subgenre-theme,novela histórica,other,2000,word,tfidf,5,nh0013,other,other,other,other,other,other,other,other,other,other,other
677,subgenre-theme,novela histórica,other,2000,word,tfidf,5,nh0014,other,novela histórica,other,other,other,other,other,other,other,other,other
678,subgenre-theme,novela histórica,other,2000,word,tfidf,5,nh0015,novela histórica,novela histórica,novela histórica,novela histórica,novela histórica,novela histórica,novela histórica,novela histórica,novela histórica,novela histórica,novela histórica
679,subgenre-theme,novela histórica,other,2000,word,tfidf,5,nh0016,other,other,other,other,other,other,other,other,other,other,other
680,subgenre-theme,novela histórica,other,2000,word,tfidf,5,nh0017,novela histórica,novela histórica,novela histórica,novela histórica,novela histórica,novela histórica,novela histórica,novela histórica,novela histórica,novela histórica,novela histórica
681,subgenre-theme,novela histórica,other,2000,word,tfidf,5,nh0020,novela histórica,novela histórica,novela histórica,novela histórica,novela histórica,novela histórica,novela histórica,novela histórica,novela histórica,novela histórica,novela histórica
682,subgenre-theme,novela histórica,other,2000,word,tfidf,5,nh0021,other,other,other,other,other,other,other,other,other,other,other
683,subgenre-theme,novela histórica,other,2000,word,tfidf,5,nh0022,novela histórica,novela histórica,novela histórica,novela histórica,novela histórica,novela histórica,novela histórica,novela histórica,novela histórica,novela histórica,novela histórica
684,subgenre-theme,novela histórica,other,2000,word,tfidf,5,nh0024,other,other,other,other,other,other,other,other,other,other,other
685,subgenre-theme,novela histórica,other,2000,word,tfidf,5,nh0025,novela histórica,novela histórica,other,novela histórica,novela histórica,novela histórica,novela histórica,novela histórica,novela histórica,novela histórica,novela histórica
686,subgenre-theme,novela histórica,other,2000,word,tfidf,5,nh0026,novela histórica,novela histórica,novela histórica,novela histórica,novela histórica,novela histórica,novela histórica,novela histórica,novela histórica,novela histórica,novela histórica
687,subgenre-theme,novela histórica,other,2000,word,tfidf,5,nh0027,other,other,other,other,other,other,other,other,other,other,other
688,subgenre-theme,novela histórica,other,2000,word,tfidf,5,nh0028,other,other,other,other,other,other,other,other,other,other,other
689,subgenre-theme,novela histórica,other,2000,word,tfidf,5,nh0032,other,other,other,other,other,other,other,other,other,other,other
690,subgenre-theme,novela histórica,other,2000,word,tfidf,5,nh0033,other,other,novela histórica,other,other,other,other,other,other,other,other
691,subgenre-theme,novela histórica,other,2000,word,tfidf,5,nh0035,novela histórica,novela histórica,novela histórica,novela histórica,novela histórica,novela histórica,novela histórica,novela histórica,novela histórica,novela histórica,novela histórica
692,subgenre-theme,novela histórica,other,2000,word,tfidf,5,nh0037,novela histórica,novela histórica,novela histórica,novela histórica,novela histórica,novela histórica,novela histórica,novela histórica,novela histórica,novela histórica,novela histórica
693,subgenre-theme,novela histórica,other,2000,word,tfidf,5,nh0038,other,other,other,other,other,other,other,other,other,other,other
694,subgenre-theme,novela histórica,other,2000,word,tfidf,5,nh0040,novela histórica,novela histórica,novela histórica,novela histórica,novela histórica,novela histórica,novela histórica,novela histórica,novela histórica,novela histórica,novela histórica
695,subgenre-theme,novela histórica,other,2000,word,tfidf,5,nh0041,novela histórica,novela histórica,novela histórica,novela histórica,novela histórica,novela histórica,novela histórica,novela histórica,novela histórica,novela histórica,novela histórica
696,subgenre-theme,novela histórica,other,2000,word,tfidf,5,nh0049,novela histórica,novela histórica,novela histórica,novela histórica,novela histórica,novela histórica,novela histórica,novela histórica,novela histórica,novela histórica,novela histórica
697,subgenre-theme,novela histórica,other,2000,word,tfidf,5,nh0053,other,other,other,other,other,other,other,other,other,other,other
698,subgenre-theme,novela histórica,other,2000,word,tfidf,5,nh0054,novela histórica,novela histórica,novela histórica,novela histórica,novela histórica,novela histórica,novela histórica,novela histórica,novela histórica,novela histórica,novela histórica
699,subgenre-theme,novela histórica,other,2000,word,tfidf,5,nh0055,novela histórica,novela histórica,novela histórica,novela histórica,novela histórica,novela histórica,novela histórica,novela histórica,novela histórica,novela histórica,novela histórica
700,subgenre-theme,novela histórica,other,2000,word,tfidf,5,nh0056,novela histórica,novela histórica,novela histórica,novela histórica,novela histórica,novela histórica,novela histórica,novela histórica,novela histórica,novela histórica,novela histórica
701,subgenre-theme,novela histórica,other,2000,word,tfidf,5,nh0059,other,other,other,other,other,other,other,other,other,other,other
702,subgenre-theme,novela histórica,other,2000,word,tfidf,5,nh0064,novela histórica,novela histórica,novela histórica,other,novela histórica,novela histórica,novela histórica,novela histórica,novela histórica,novela histórica,novela histórica
703,subgenre-theme,novela histórica,other,2000,word,tfidf,5,nh0069,novela histórica,novela histórica,novela histórica,novela histórica,novela histórica,novela histórica,novela histórica,novela histórica,novela histórica,novela histórica,novela histórica
704,subgenre-theme,novela histórica,other,2000,word,tfidf,5,nh0070,other,other,other,other,other,other,other,other,other,other,other
705,subgenre-theme,novela histórica,other,2000,word,tfidf,5,nh0075,other,other,other,other,other,other,other,other,other,other,other
706,subgenre-theme,novela histórica,other,2000,word,tfidf,5,nh0076,other,other,other,other,other,other,other,other,other,other,other
707,subgenre-theme,novela histórica,other,2000,word,tfidf,5,nh0078,other,other,other,other,other,other,other,other,other,other,other
708,subgenre-theme,novela histórica,other,2000,word,tfidf,5,nh0081,novela histórica,novela histórica,novela histórica,novela histórica,novela histórica,novela histórica,novela histórica,novela histórica,novela histórica,novela histórica,novela histórica
709,subgenre-theme,novela histórica,other,2000,word,tfidf,5,nh0084,novela histórica,novela histórica,novela histórica,novela histórica,novela histórica,novela histórica,novela histórica,novela histórica,novela histórica,novela histórica,novela histórica
710,subgenre-theme,novela histórica,other,2000,word,tfidf,5,nh0086,novela histórica,novela histórica,novela histórica,novela histórica,other,novela histórica,novela histórica,novela histórica,novela histórica,novela histórica,novela histórica
711,subgenre-theme,novela histórica,other,2000,word,tfidf,5,nh0087,other,other,other,other,other,other,other,other,other,other,other
712,subgenre-theme,novela histórica,other,2000,word,tfidf,5,nh0091,novela histórica,novela histórica,novela histórica,novela histórica,other,novela histórica,novela histórica,novela histórica,novela histórica,novela histórica,novela histórica
713,subgenre-theme,novela histórica,other,2000,word,tfidf,5,nh0094,novela histórica,novela histórica,novela histórica,novela histórica,novela histórica,novela histórica,novela histórica,novela histórica,novela histórica,novela histórica,novela histórica
714,subgenre-theme,novela histórica,other,2000,word,tfidf,5,nh0097,novela histórica,novela histórica,novela histórica,novela histórica,novela histórica,novela histórica,novela histórica,novela histórica,novela histórica,novela histórica,novela histórica
715,subgenre-theme,novela histórica,other,2000,word,tfidf,5,nh0100,novela histórica,novela histórica,novela histórica,novela histórica,other,novela histórica,novela histórica,novela histórica,novela histórica,novela histórica,novela histórica
716,subgenre-theme,novela histórica,other,2000,word,tfidf,5,nh0103,novela histórica,novela histórica,novela histórica,novela histórica,novela histórica,novela histórica,novela histórica,novela histórica,novela histórica,novela histórica,novela histórica
717,subgenre-theme,novela histórica,other,2000,word,tfidf,5,nh0106,novela histórica,novela histórica,novela histórica,novela histórica,novela histórica,novela histórica,novela histórica,novela histórica,novela histórica,novela histórica,novela histórica
718,subgenre-theme,novela histórica,other,2000,word,tfidf,5,nh0107,novela histórica,novela histórica,novela histórica,novela histórica,novela histórica,novela histórica,novela histórica,novela histórica,novela histórica,novela histórica,novela histórica
719,subgenre-theme,novela histórica,other,2000,word,tfidf,5,nh0108,novela histórica,novela histórica,novela histórica,novela histórica,novela histórica,novela histórica,novela histórica,novela histórica,novela histórica,novela histórica,novela histórica
720,subgenre-theme,novela histórica,other,2000,word,tfidf,5,nh0111,novela histórica,novela histórica,novela histórica,novela histórica,novela histórica,novela histórica,novela histórica,novela histórica,novela histórica,novela histórica,novela histórica
721,subgenre-theme,novela histórica,other,2000,word,tfidf,5,nh0112,other,other,other,other,other,other,other,other,other,other,other
722,subgenre-theme,novela histórica,other,2000,word,tfidf,5,nh0113,other,other,other,other,other,other,other,other,other,other,other
723,subgenre-theme,novela histórica,other,2000,word,tfidf,5,nh0115,novela histórica,novela histórica,novela histórica,novela histórica,novela histórica,novela histórica,novela histórica,novela histórica,novela histórica,novela histórica,novela histórica
724,subgenre-theme,novela histórica,other,2000,word,tfidf,5,nh0116,novela histórica,novela histórica,novela histórica,novela histórica,novela histórica,novela histórica,novela histórica,novela histórica,novela histórica,novela histórica,novela histórica
725,subgenre-theme,novela histórica,other,2000,word,tfidf,5,nh0117,novela histórica,novela histórica,novela histórica,novela histórica,novela histórica,novela histórica,novela histórica,novela histórica,novela histórica,novela histórica,novela histórica
726,subgenre-theme,novela histórica,other,2000,word,tfidf,5,nh0119,other,other,other,other,other,other,other,other,other,other,other
727,subgenre-theme,novela histórica,other,2000,word,tfidf,5,nh0120,other,other,other,other,novela histórica,other,other,other,other,other,other
728,subgenre-theme,novela histórica,other,2000,word,tfidf,5,nh0121,other,other,other,other,other,other,other,other,other,other,other
729,subgenre-theme,novela histórica,other,2000,word,tfidf,5,nh0122,novela histórica,novela histórica,novela histórica,novela histórica,novela histórica,novela histórica,novela histórica,novela histórica,novela histórica,novela histórica,novela histórica
730,subgenre-theme,novela histórica,other,2000,word,tfidf,5,nh0124,other,other,other,other,other,other,other,other,other,other,other
731,subgenre-theme,novela histórica,other,2000,word,tfidf,5,nh0125,novela histórica,novela histórica,novela histórica,novela histórica,novela histórica,novela histórica,novela histórica,novela histórica,novela histórica,novela histórica,novela histórica
732,subgenre-theme,novela histórica,other,2000,word,tfidf,5,nh0128,other,other,other,other,novela histórica,other,other,other,other,other,other
733,subgenre-theme,novela histórica,other,2000,word,tfidf,5,nh0135,other,other,other,other,other,other,other,other,other,other,other
734,subgenre-theme,novela histórica,other,2000,word,tfidf,5,nh0136,other,other,other,other,other,other,other,other,other,other,other
735,subgenre-theme,novela histórica,other,2000,word,tfidf,5,nh0139,novela histórica,novela histórica,novela histórica,novela histórica,novela histórica,novela histórica,novela histórica,novela histórica,novela histórica,novela histórica,novela histórica
736,subgenre-theme,novela histórica,other,2000,word,tfidf,5,nh0141,other,other,other,other,other,other,other,other,other,other,other
737,subgenre-theme,novela histórica,other,2000,word,tfidf,5,nh0142,novela histórica,novela histórica,novela histórica,novela histórica,novela histórica,novela histórica,novela histórica,novela histórica,novela histórica,novela histórica,novela histórica
738,subgenre-theme,novela histórica,other,2000,word,tfidf,5,nh0143,novela histórica,novela histórica,novela histórica,novela histórica,novela histórica,novela histórica,novela histórica,novela histórica,novela histórica,novela histórica,novela histórica
739,subgenre-theme,novela histórica,other,2000,word,tfidf,5,nh0149,novela histórica,novela histórica,novela histórica,novela histórica,novela histórica,novela histórica,novela histórica,novela histórica,novela histórica,novela histórica,novela histórica
740,subgenre-theme,novela histórica,other,2000,word,tfidf,5,nh0150,novela histórica,novela histórica,novela histórica,novela histórica,novela histórica,novela histórica,novela histórica,other,novela histórica,novela histórica,novela histórica
741,subgenre-theme,novela histórica,other,2000,word,tfidf,5,nh0152,novela histórica,novela histórica,novela histórica,novela histórica,novela histórica,novela histórica,novela histórica,novela histórica,novela histórica,novela histórica,novela histórica
742,subgenre-theme,novela histórica,other,2000,word,tfidf,5,nh0154,other,other,other,other,other,other,other,other,other,other,other
743,subgenre-theme,novela histórica,other,2000,word,tfidf,5,nh0155,other,other,other,other,other,other,other,other,other,other,other
744,subgenre-theme,novela histórica,other,2000,word,tfidf,5,nh0158,novela histórica,novela histórica,novela histórica,novela histórica,novela histórica,novela histórica,novela histórica,novela histórica,novela histórica,novela histórica,novela histórica
745,subgenre-theme,novela histórica,other,2000,word,tfidf,5,nh0159,novela histórica,novela histórica,novela histórica,novela histórica,novela histórica,novela histórica,novela histórica,novela histórica,novela histórica,novela histórica,novela histórica
746,subgenre-theme,novela histórica,other,2000,word,tfidf,5,nh0160,novela histórica,novela histórica,novela histórica,novela histórica,novela histórica,novela histórica,novela histórica,novela histórica,novela histórica,novela histórica,novela histórica
747,subgenre-theme,novela histórica,other,2000,word,tfidf,5,nh0161,novela histórica,novela histórica,novela histórica,novela histórica,novela histórica,novela histórica,novela histórica,novela histórica,novela histórica,novela histórica,novela histórica
748,subgenre-theme,novela histórica,other,2000,word,tfidf,5,nh0163,other,other,other,other,other,other,other,other,other,other,other
749,subgenre-theme,novela histórica,other,2000,word,tfidf,5,nh0165,novela histórica,novela histórica,novela histórica,novela histórica,novela histórica,novela histórica,novela histórica,novela histórica,novela histórica,novela histórica,novela histórica
750,subgenre-theme,novela histórica,other,2000,word,tfidf,5,nh0166,novela histórica,novela histórica,novela histórica,novela histórica,novela histórica,novela histórica,novela histórica,novela histórica,novela histórica,novela histórica,novela histórica
751,subgenre-theme,novela histórica,other,2000,word,tfidf,5,nh0167,other,other,other,other,other,other,other,other,other,other,other
752,subgenre-theme,novela histórica,other,2000,word,tfidf,5,nh0168,novela histórica,novela histórica,novela histórica,novela histórica,novela histórica,novela histórica,novela histórica,novela histórica,novela histórica,novela histórica,novela histórica
753,subgenre-theme,novela histórica,other,2000,word,tfidf,5,nh0169,novela histórica,novela histórica,novela histórica,novela histórica,novela histórica,novela histórica,novela histórica,novela histórica,other,novela histórica,novela histórica
754,subgenre-theme,novela histórica,other,2000,word,tfidf,5,nh0171,other,other,other,other,other,other,other,other,other,other,other
755,subgenre-theme,novela histórica,other,2000,word,tfidf,5,nh0172,other,other,other,other,other,other,other,other,other,other,other
756,subgenre-theme,novela histórica,other,2000,word,tfidf,5,nh0174,other,other,other,other,other,other,other,other,other,other,other
757,subgenre-theme,novela histórica,other,2000,word,tfidf,5,nh0175,other,other,other,other,other,other,other,other,other,other,other
758,subgenre-theme,novela histórica,other,2000,word,tfidf,5,nh0176,novela histórica,novela histórica,novela histórica,novela histórica,novela histórica,novela histórica,novela histórica,novela histórica,novela histórica,novela histórica,novela histórica
759,subgenre-theme,novela histórica,other,2000,word,tfidf,5,nh0178,other,other,other,other,other,other,novela histórica,other,other,other,other
760,subgenre-theme,novela histórica,other,2000,word,tfidf,5,nh0179,other,other,other,other,other,other,other,other,other,other,other
761,subgenre-theme,novela histórica,other,2000,word,tfidf,5,nh0180,novela histórica,novela histórica,novela histórica,novela histórica,novela histórica,novela histórica,novela histórica,novela histórica,novela histórica,novela histórica,novela histórica
762,subgenre-theme,novela histórica,other,2000,word,tfidf,5,nh0181,novela histórica,novela histórica,novela histórica,novela histórica,novela histórica,novela histórica,novela histórica,novela histórica,novela histórica,novela histórica,novela histórica
763,subgenre-theme,novela histórica,other,2000,word,tfidf,5,nh0182,novela histórica,novela histórica,novela histórica,novela histórica,novela histórica,novela histórica,novela histórica,novela histórica,novela histórica,other,novela histórica
764,subgenre-theme,novela histórica,other,2000,word,tfidf,5,nh0183,other,other,other,other,other,other,other,other,other,other,other
765,subgenre-theme,novela histórica,other,2000,word,tfidf,5,nh0184,novela histórica,novela histórica,novela histórica,novela histórica,novela histórica,novela histórica,novela histórica,novela histórica,novela histórica,novela histórica,novela histórica
766,subgenre-theme,novela histórica,other,2000,word,tfidf,5,nh0185,other,other,other,other,other,other,other,other,other,other,other
767,subgenre-theme,novela histórica,other,2000,word,tfidf,5,nh0187,other,other,other,other,other,other,other,other,other,other,other
768,subgenre-theme,novela histórica,other,2000,word,tfidf,5,nh0188,other,other,other,other,other,other,other,other,other,other,other
769,subgenre-theme,novela histórica,other,2000,word,tfidf,5,nh0191,other,other,other,other,other,other,other,other,other,other,other
770,subgenre-theme,novela histórica,other,2000,word,tfidf,5,nh0195,other,other,other,other,other,other,other,other,other,other,other
771,subgenre-theme,novela histórica,other,2000,word,tfidf,5,nh0196,novela histórica,novela histórica,novela histórica,novela histórica,novela histórica,novela histórica,novela histórica,novela histórica,novela histórica,novela histórica,novela histórica
772,subgenre-theme,novela histórica,other,2000,word,tfidf,5,nh0197,other,other,other,other,other,other,other,other,other,other,other
773,subgenre-theme,novela histórica,other,2000,word,tfidf,5,nh0200,other,other,other,other,other,other,other,other,other,other,other
774,subgenre-theme,novela histórica,other,2000,word,tfidf,5,nh0202,other,other,other,other,other,other,other,other,other,other,other
775,subgenre-theme,novela histórica,other,2000,word,tfidf,5,nh0203,novela histórica,novela histórica,novela histórica,novela histórica,novela histórica,novela histórica,novela histórica,novela histórica,novela histórica,novela histórica,novela histórica
776,subgenre-theme,novela histórica,other,2000,word,tfidf,5,nh0204,other,other,other,other,other,other,other,other,other,other,other
777,subgenre-theme,novela histórica,other,2000,word,tfidf,5,nh0206,other,other,other,other,other,other,other,other,other,other,other
778,subgenre-theme,novela histórica,other,2000,word,tfidf,5,nh0208,novela histórica,novela histórica,novela histórica,novela histórica,novela histórica,novela histórica,novela histórica,novela histórica,novela histórica,novela histórica,novela histórica
779,subgenre-theme,novela histórica,other,2000,word,tfidf,5,nh0209,other,other,other,other,other,other,other,other,other,other,other
780,subgenre-theme,novela histórica,other,2000,word,tfidf,5,nh0210,novela histórica,novela histórica,novela histórica,novela histórica,novela histórica,novela histórica,novela histórica,novela histórica,novela histórica,novela histórica,novela histórica
781,subgenre-theme,novela histórica,other,2000,word,tfidf,5,nh0212,other,other,other,other,other,other,other,other,other,other,other
782,subgenre-theme,novela histórica,other,2000,word,tfidf,5,nh0213,other,other,other,other,other,other,other,other,other,other,other
783,subgenre-theme,novela histórica,other,2000,word,tfidf,5,nh0214,other,other,other,other,other,other,other,other,other,other,other
784,subgenre-theme,novela histórica,other,2000,word,tfidf,5,nh0216,other,other,other,other,other,other,other,other,other,other,other
785,subgenre-theme,novela histórica,other,2000,word,tfidf,5,nh0217,other,other,other,other,other,other,other,other,other,other,other
786,subgenre-theme,novela histórica,other,2000,word,tfidf,5,nh0222,novela histórica,novela histórica,novela histórica,novela histórica,novela histórica,novela histórica,novela histórica,novela histórica,novela histórica,other,novela histórica
787,subgenre-theme,novela histórica,other,2000,word,tfidf,5,nh0224,other,other,other,other,other,other,other,other,other,novela histórica,other
788,subgenre-theme,novela histórica,other,2000,word,tfidf,5,nh0226,other,other,other,other,other,other,other,other,other,novela histórica,other
789,subgenre-theme,novela histórica,other,2000,word,tfidf,5,nh0227,novela histórica,novela histórica,novela histórica,novela histórica,novela histórica,novela histórica,novela histórica,novela histórica,novela histórica,novela histórica,novela histórica
790,subgenre-theme,novela histórica,other,2000,word,tfidf,5,nh0230,other,other,other,other,other,other,other,other,other,other,other
791,subgenre-theme,novela histórica,other,2000,word,tfidf,5,nh0231,novela histórica,novela histórica,novela histórica,novela histórica,novela histórica,novela histórica,novela histórica,novela histórica,novela histórica,novela histórica,novela histórica
792,subgenre-theme,novela histórica,other,2000,word,tfidf,5,nh0232,other,other,other,other,other,other,other,other,other,other,other
793,subgenre-theme,novela histórica,other,2000,word,tfidf,5,nh0236,other,other,other,other,other,other,other,other,other,other,other
794,subgenre-theme,novela histórica,other,2000,word,tfidf,5,nh0239,other,other,other,other,other,other,other,other,other,other,novela histórica
795,subgenre-theme,novela histórica,other,2000,word,tfidf,5,nh0242,other,other,other,other,other,other,other,other,other,other,other
796,subgenre-theme,novela histórica,other,2000,word,tfidf,5,nh0243,novela histórica,novela histórica,novela histórica,novela histórica,novela histórica,novela histórica,novela histórica,novela histórica,novela histórica,novela histórica,novela histórica
797,subgenre-theme,novela histórica,other,2000,word,tfidf,5,nh0246,other,other,other,other,other,other,other,other,other,other,other
798,subgenre-theme,novela histórica,other,2000,word,tfidf,5,nh0247,novela histórica,novela histórica,novela histórica,novela histórica,novela histórica,novela histórica,novela histórica,novela histórica,novela histórica,novela histórica,novela histórica
799,subgenre-theme,novela histórica,other,2000,word,tfidf,5,nh0248,novela histórica,novela histórica,novela histórica,novela histórica,novela histórica,novela histórica,novela histórica,novela histórica,novela histórica,novela histórica,other
800,subgenre-theme,novela histórica,other,2000,word,tfidf,5,nh0249,novela histórica,novela histórica,novela histórica,novela histórica,novela histórica,novela histórica,novela histórica,novela histórica,novela histórica,novela histórica,novela histórica
801,subgenre-theme,novela histórica,other,2000,word,tfidf,5,nh0251,other,other,other,other,other,other,other,other,other,other,other
802,subgenre-theme,novela histórica,other,2000,word,tfidf,5,nh0253,novela histórica,novela histórica,novela histórica,novela histórica,novela histórica,novela histórica,novela histórica,novela histórica,novela histórica,novela histórica,other
803,subgenre-theme,novela histórica,other,2000,word,tfidf,5,nh0256,other,other,other,other,other,other,other,other,other,other,other
804,subgenre-theme,novela histórica,other,2000,word,tfidf,6,nh0003,other,other,other,other,other,other,other,other,other,other,other
805,subgenre-theme,novela histórica,other,2000,word,tfidf,6,nh0004,novela histórica,novela histórica,novela histórica,novela histórica,novela histórica,novela histórica,novela histórica,novela histórica,novela histórica,novela histórica,novela histórica
806,subgenre-theme,novela histórica,other,2000,word,tfidf,6,nh0005,other,novela histórica,other,other,other,other,other,other,other,other,other
807,subgenre-theme,novela histórica,other,2000,word,tfidf,6,nh0006,other,other,other,other,other,other,other,other,other,other,other
808,subgenre-theme,novela histórica,other,2000,word,tfidf,6,nh0007,novela histórica,novela histórica,novela histórica,novela histórica,novela histórica,novela histórica,novela histórica,novela histórica,novela histórica,novela histórica,novela histórica
809,subgenre-theme,novela histórica,other,2000,word,tfidf,6,nh0008,other,other,other,other,other,other,other,other,other,other,other
810,subgenre-theme,novela histórica,other,2000,word,tfidf,6,nh0009,novela histórica,novela histórica,novela histórica,novela histórica,novela histórica,novela histórica,novela histórica,novela histórica,novela histórica,novela histórica,novela histórica
811,subgenre-theme,novela histórica,other,2000,word,tfidf,6,nh0010,other,other,other,other,other,other,other,other,other,other,other
812,subgenre-theme,novela histórica,other,2000,word,tfidf,6,nh0015,novela histórica,novela histórica,novela histórica,novela histórica,novela histórica,novela histórica,novela histórica,novela histórica,novela histórica,novela histórica,novela histórica
813,subgenre-theme,novela histórica,other,2000,word,tfidf,6,nh0016,other,other,other,other,other,other,other,other,other,other,other
814,subgenre-theme,novela histórica,other,2000,word,tfidf,6,nh0017,novela histórica,other,novela histórica,novela histórica,novela histórica,novela histórica,novela histórica,novela histórica,novela histórica,novela histórica,novela histórica
815,subgenre-theme,novela histórica,other,2000,word,tfidf,6,nh0019,other,other,other,other,other,other,other,other,other,other,other
816,subgenre-theme,novela histórica,other,2000,word,tfidf,6,nh0020,novela histórica,novela histórica,novela histórica,novela histórica,novela histórica,novela histórica,novela histórica,novela histórica,novela histórica,novela histórica,novela histórica
817,subgenre-theme,novela histórica,other,2000,word,tfidf,6,nh0022,novela histórica,novela histórica,novela histórica,novela histórica,novela histórica,novela histórica,novela histórica,novela histórica,novela histórica,novela histórica,novela histórica
818,subgenre-theme,novela histórica,other,2000,word,tfidf,6,nh0023,other,other,novela histórica,other,other,other,other,other,other,other,other
819,subgenre-theme,novela histórica,other,2000,word,tfidf,6,nh0025,novela histórica,novela histórica,novela histórica,novela histórica,novela histórica,novela histórica,novela histórica,novela histórica,novela histórica,novela histórica,novela histórica
820,subgenre-theme,novela histórica,other,2000,word,tfidf,6,nh0026,novela histórica,novela histórica,novela histórica,novela histórica,novela histórica,novela histórica,novela histórica,novela histórica,novela histórica,novela histórica,novela histórica
821,subgenre-theme,novela histórica,other,2000,word,tfidf,6,nh0027,other,other,other,other,other,other,other,other,other,other,other
822,subgenre-theme,novela histórica,other,2000,word,tfidf,6,nh0028,other,other,novela histórica,other,other,other,other,other,other,other,other
823,subgenre-theme,novela histórica,other,2000,word,tfidf,6,nh0031,other,other,novela histórica,other,other,other,other,other,other,other,other
824,subgenre-theme,novela histórica,other,2000,word,tfidf,6,nh0032,other,other,other,other,other,other,other,other,other,other,other
825,subgenre-theme,novela histórica,other,2000,word,tfidf,6,nh0035,novela histórica,novela histórica,novela histórica,novela histórica,novela histórica,novela histórica,novela histórica,novela histórica,novela histórica,novela histórica,novela histórica
826,subgenre-theme,novela histórica,other,2000,word,tfidf,6,nh0036,other,other,other,other,other,other,other,other,other,other,other
827,subgenre-theme,novela histórica,other,2000,word,tfidf,6,nh0037,novela histórica,novela histórica,novela histórica,novela histórica,novela histórica,novela histórica,novela histórica,novela histórica,novela histórica,novela histórica,novela histórica
828,subgenre-theme,novela histórica,other,2000,word,tfidf,6,nh0038,other,other,other,other,other,other,other,other,other,other,other
829,subgenre-theme,novela histórica,other,2000,word,tfidf,6,nh0040,novela histórica,novela histórica,other,novela histórica,novela histórica,novela histórica,novela histórica,novela histórica,novela histórica,novela histórica,novela histórica
830,subgenre-theme,novela histórica,other,2000,word,tfidf,6,nh0041,novela histórica,novela histórica,novela histórica,novela histórica,novela histórica,novela histórica,novela histórica,novela histórica,novela histórica,novela histórica,novela histórica
831,subgenre-theme,novela histórica,other,2000,word,tfidf,6,nh0045,other,other,other,novela histórica,other,other,other,other,other,other,other
832,subgenre-theme,novela histórica,other,2000,word,tfidf,6,nh0049,novela histórica,novela histórica,novela histórica,novela histórica,novela histórica,novela histórica,novela histórica,novela histórica,novela histórica,novela histórica,novela histórica
833,subgenre-theme,novela histórica,other,2000,word,tfidf,6,nh0051,other,other,other,other,other,other,other,other,other,other,other
834,subgenre-theme,novela histórica,other,2000,word,tfidf,6,nh0053,other,other,other,novela histórica,other,other,other,other,other,other,other
835,subgenre-theme,novela histórica,other,2000,word,tfidf,6,nh0054,novela histórica,novela histórica,novela histórica,novela histórica,novela histórica,novela histórica,novela histórica,novela histórica,novela histórica,novela histórica,novela histórica
836,subgenre-theme,novela histórica,other,2000,word,tfidf,6,nh0055,novela histórica,novela histórica,novela histórica,novela histórica,novela histórica,novela histórica,novela histórica,novela histórica,novela histórica,novela histórica,novela histórica
837,subgenre-theme,novela histórica,other,2000,word,tfidf,6,nh0056,novela histórica,novela histórica,novela histórica,novela histórica,novela histórica,novela histórica,novela histórica,novela histórica,novela histórica,novela histórica,novela histórica
838,subgenre-theme,novela histórica,other,2000,word,tfidf,6,nh0059,other,other,other,other,other,other,other,other,other,other,other
839,subgenre-theme,novela histórica,other,2000,word,tfidf,6,nh0062,other,other,other,other,other,other,other,other,other,other,other
840,subgenre-theme,novela histórica,other,2000,word,tfidf,6,nh0064,novela histórica,novela histórica,novela histórica,novela histórica,novela histórica,novela histórica,novela histórica,novela histórica,novela histórica,novela histórica,novela histórica
841,subgenre-theme,novela histórica,other,2000,word,tfidf,6,nh0065,other,other,other,other,other,other,other,other,other,other,other
842,subgenre-theme,novela histórica,other,2000,word,tfidf,6,nh0068,other,other,other,other,other,other,other,other,other,other,other
843,subgenre-theme,novela histórica,other,2000,word,tfidf,6,nh0069,novela histórica,novela histórica,novela histórica,novela histórica,novela histórica,novela histórica,novela histórica,novela histórica,novela histórica,novela histórica,novela histórica
844,subgenre-theme,novela histórica,other,2000,word,tfidf,6,nh0071,other,other,other,other,other,other,other,other,other,other,other
845,subgenre-theme,novela histórica,other,2000,word,tfidf,6,nh0076,other,other,other,other,other,other,other,other,other,other,other
846,subgenre-theme,novela histórica,other,2000,word,tfidf,6,nh0079,other,other,other,other,other,other,other,other,other,other,other
847,subgenre-theme,novela histórica,other,2000,word,tfidf,6,nh0080,other,other,other,other,other,other,other,other,other,other,other
848,subgenre-theme,novela histórica,other,2000,word,tfidf,6,nh0081,novela histórica,novela histórica,novela histórica,novela histórica,novela histórica,novela histórica,novela histórica,novela histórica,novela histórica,novela histórica,novela histórica
849,subgenre-theme,novela histórica,other,2000,word,tfidf,6,nh0084,novela histórica,novela histórica,novela histórica,novela histórica,novela histórica,novela histórica,novela histórica,novela histórica,novela histórica,novela histórica,novela histórica
850,subgenre-theme,novela histórica,other,2000,word,tfidf,6,nh0086,novela histórica,novela histórica,novela histórica,novela histórica,other,novela histórica,novela histórica,novela histórica,novela histórica,novela histórica,novela histórica
851,subgenre-theme,novela histórica,other,2000,word,tfidf,6,nh0089,other,other,other,other,other,other,other,other,other,other,other
852,subgenre-theme,novela histórica,other,2000,word,tfidf,6,nh0090,other,other,other,other,novela histórica,other,other,other,other,other,other
853,subgenre-theme,novela histórica,other,2000,word,tfidf,6,nh0091,novela histórica,novela histórica,novela histórica,novela histórica,other,novela histórica,novela histórica,novela histórica,novela histórica,novela histórica,novela histórica
854,subgenre-theme,novela histórica,other,2000,word,tfidf,6,nh0094,novela histórica,novela histórica,novela histórica,novela histórica,novela histórica,novela histórica,novela histórica,novela histórica,novela histórica,novela histórica,novela histórica
855,subgenre-theme,novela histórica,other,2000,word,tfidf,6,nh0095,other,other,other,other,other,other,other,other,other,other,other
856,subgenre-theme,novela histórica,other,2000,word,tfidf,6,nh0097,novela histórica,novela histórica,novela histórica,novela histórica,novela histórica,novela histórica,novela histórica,novela histórica,novela histórica,novela histórica,novela histórica
857,subgenre-theme,novela histórica,other,2000,word,tfidf,6,nh0098,other,other,other,other,other,other,other,other,other,other,other
858,subgenre-theme,novela histórica,other,2000,word,tfidf,6,nh0099,other,other,other,other,other,other,other,other,other,other,other
859,subgenre-theme,novela histórica,other,2000,word,tfidf,6,nh0100,novela histórica,novela histórica,novela histórica,novela histórica,other,novela histórica,novela histórica,novela histórica,novela histórica,novela histórica,novela histórica
860,subgenre-theme,novela histórica,other,2000,word,tfidf,6,nh0103,novela histórica,novela histórica,novela histórica,novela histórica,other,novela histórica,novela histórica,novela histórica,novela histórica,novela histórica,novela histórica
861,subgenre-theme,novela histórica,other,2000,word,tfidf,6,nh0106,novela histórica,novela histórica,novela histórica,novela histórica,novela histórica,novela histórica,novela histórica,novela histórica,novela histórica,novela histórica,novela histórica
862,subgenre-theme,novela histórica,other,2000,word,tfidf,6,nh0107,novela histórica,novela histórica,novela histórica,novela histórica,novela histórica,novela histórica,novela histórica,novela histórica,novela histórica,novela histórica,novela histórica
863,subgenre-theme,novela histórica,other,2000,word,tfidf,6,nh0108,novela histórica,novela histórica,novela histórica,novela histórica,novela histórica,other,novela histórica,novela histórica,novela histórica,novela histórica,novela histórica
864,subgenre-theme,novela histórica,other,2000,word,tfidf,6,nh0109,other,other,other,other,other,other,other,other,other,other,other
865,subgenre-theme,novela histórica,other,2000,word,tfidf,6,nh0110,other,other,other,other,other,novela histórica,other,other,other,other,other
866,subgenre-theme,novela histórica,other,2000,word,tfidf,6,nh0111,novela histórica,novela histórica,novela histórica,novela histórica,novela histórica,novela histórica,novela histórica,novela histórica,novela histórica,novela histórica,novela histórica
867,subgenre-theme,novela histórica,other,2000,word,tfidf,6,nh0113,other,other,other,other,other,novela histórica,other,other,other,other,other
868,subgenre-theme,novela histórica,other,2000,word,tfidf,6,nh0115,novela histórica,novela histórica,novela histórica,novela histórica,novela histórica,novela histórica,novela histórica,novela histórica,novela histórica,novela histórica,novela histórica
869,subgenre-theme,novela histórica,other,2000,word,tfidf,6,nh0116,novela histórica,novela histórica,novela histórica,novela histórica,novela histórica,novela histórica,novela histórica,novela histórica,novela histórica,novela histórica,novela histórica
870,subgenre-theme,novela histórica,other,2000,word,tfidf,6,nh0117,novela histórica,novela histórica,novela histórica,novela histórica,novela histórica,novela histórica,novela histórica,novela histórica,novela histórica,novela histórica,novela histórica
871,subgenre-theme,novela histórica,other,2000,word,tfidf,6,nh0118,other,other,other,other,other,other,other,other,other,other,other
872,subgenre-theme,novela histórica,other,2000,word,tfidf,6,nh0122,novela histórica,novela histórica,novela histórica,novela histórica,novela histórica,novela histórica,novela histórica,novela histórica,novela histórica,novela histórica,novela histórica
873,subgenre-theme,novela histórica,other,2000,word,tfidf,6,nh0125,novela histórica,novela histórica,novela histórica,novela histórica,novela histórica,novela histórica,novela histórica,novela histórica,novela histórica,novela histórica,novela histórica
874,subgenre-theme,novela histórica,other,2000,word,tfidf,6,nh0127,other,other,other,other,other,other,other,other,other,other,other
875,subgenre-theme,novela histórica,other,2000,word,tfidf,6,nh0128,other,other,other,other,other,other,novela histórica,other,other,other,other
876,subgenre-theme,novela histórica,other,2000,word,tfidf,6,nh0134,other,other,other,other,other,other,other,other,other,other,other
877,subgenre-theme,novela histórica,other,2000,word,tfidf,6,nh0137,other,other,other,other,other,other,novela histórica,other,other,other,other
878,subgenre-theme,novela histórica,other,2000,word,tfidf,6,nh0139,novela histórica,novela histórica,novela histórica,novela histórica,novela histórica,novela histórica,other,novela histórica,novela histórica,novela histórica,novela histórica
879,subgenre-theme,novela histórica,other,2000,word,tfidf,6,nh0141,other,other,other,other,other,other,novela histórica,other,other,other,other
880,subgenre-theme,novela histórica,other,2000,word,tfidf,6,nh0142,novela histórica,novela histórica,novela histórica,novela histórica,novela histórica,novela histórica,novela histórica,novela histórica,novela histórica,novela histórica,novela histórica
881,subgenre-theme,novela histórica,other,2000,word,tfidf,6,nh0143,novela histórica,novela histórica,novela histórica,novela histórica,novela histórica,novela histórica,novela histórica,novela histórica,novela histórica,novela histórica,novela histórica
882,subgenre-theme,novela histórica,other,2000,word,tfidf,6,nh0149,novela histórica,novela histórica,novela histórica,novela histórica,novela histórica,novela histórica,novela histórica,novela histórica,novela histórica,novela histórica,novela histórica
883,subgenre-theme,novela histórica,other,2000,word,tfidf,6,nh0150,novela histórica,novela histórica,novela histórica,novela histórica,novela histórica,novela histórica,novela histórica,other,novela histórica,novela histórica,novela histórica
884,subgenre-theme,novela histórica,other,2000,word,tfidf,6,nh0151,other,other,other,other,other,other,other,other,other,other,other
885,subgenre-theme,novela histórica,other,2000,word,tfidf,6,nh0152,novela histórica,novela histórica,novela histórica,novela histórica,novela histórica,novela histórica,novela histórica,novela histórica,novela histórica,novela histórica,novela histórica
886,subgenre-theme,novela histórica,other,2000,word,tfidf,6,nh0154,other,other,other,other,other,other,other,other,other,other,other
887,subgenre-theme,novela histórica,other,2000,word,tfidf,6,nh0158,novela histórica,novela histórica,novela histórica,novela histórica,novela histórica,novela histórica,novela histórica,novela histórica,novela histórica,novela histórica,novela histórica
888,subgenre-theme,novela histórica,other,2000,word,tfidf,6,nh0159,novela histórica,novela histórica,novela histórica,novela histórica,novela histórica,novela histórica,novela histórica,novela histórica,novela histórica,novela histórica,novela histórica
889,subgenre-theme,novela histórica,other,2000,word,tfidf,6,nh0160,novela histórica,novela histórica,novela histórica,novela histórica,novela histórica,novela histórica,novela histórica,novela histórica,novela histórica,novela histórica,novela histórica
890,subgenre-theme,novela histórica,other,2000,word,tfidf,6,nh0161,novela histórica,novela histórica,novela histórica,novela histórica,novela histórica,novela histórica,novela histórica,novela histórica,novela histórica,novela histórica,novela histórica
891,subgenre-theme,novela histórica,other,2000,word,tfidf,6,nh0165,novela histórica,novela histórica,novela histórica,novela histórica,novela histórica,novela histórica,novela histórica,novela histórica,novela histórica,novela histórica,novela histórica
892,subgenre-theme,novela histórica,other,2000,word,tfidf,6,nh0166,novela histórica,novela histórica,novela histórica,novela histórica,novela histórica,novela histórica,novela histórica,novela histórica,novela histórica,novela histórica,novela histórica
893,subgenre-theme,novela histórica,other,2000,word,tfidf,6,nh0168,novela histórica,novela histórica,novela histórica,novela histórica,novela histórica,novela histórica,novela histórica,novela histórica,novela histórica,novela histórica,novela histórica
894,subgenre-theme,novela histórica,other,2000,word,tfidf,6,nh0169,novela histórica,novela histórica,novela histórica,novela histórica,novela histórica,novela histórica,novela histórica,novela histórica,other,novela histórica,novela histórica
895,subgenre-theme,novela histórica,other,2000,word,tfidf,6,nh0172,other,other,other,other,other,other,other,other,other,other,other
896,subgenre-theme,novela histórica,other,2000,word,tfidf,6,nh0176,novela histórica,novela histórica,novela histórica,novela histórica,novela histórica,novela histórica,novela histórica,novela histórica,novela histórica,novela histórica,novela histórica
897,subgenre-theme,novela histórica,other,2000,word,tfidf,6,nh0180,novela histórica,novela histórica,novela histórica,novela histórica,novela histórica,novela histórica,novela histórica,novela histórica,novela histórica,novela histórica,novela histórica
898,subgenre-theme,novela histórica,other,2000,word,tfidf,6,nh0181,novela histórica,novela histórica,novela histórica,novela histórica,novela histórica,novela histórica,novela histórica,novela histórica,novela histórica,novela histórica,novela histórica
899,subgenre-theme,novela histórica,other,2000,word,tfidf,6,nh0182,novela histórica,novela histórica,novela histórica,novela histórica,novela histórica,novela histórica,novela histórica,novela histórica,novela histórica,other,novela histórica
900,subgenre-theme,novela histórica,other,2000,word,tfidf,6,nh0184,novela histórica,novela histórica,novela histórica,novela histórica,novela histórica,novela histórica,novela histórica,novela histórica,novela histórica,novela histórica,novela histórica
901,subgenre-theme,novela histórica,other,2000,word,tfidf,6,nh0185,other,other,other,other,other,other,other,novela histórica,other,other,other
902,subgenre-theme,novela histórica,other,2000,word,tfidf,6,nh0188,other,other,other,other,other,other,other,other,other,other,other
903,subgenre-theme,novela histórica,other,2000,word,tfidf,6,nh0191,other,other,other,other,other,other,other,other,other,other,other
904,subgenre-theme,novela histórica,other,2000,word,tfidf,6,nh0196,novela histórica,novela histórica,novela histórica,novela histórica,novela histórica,novela histórica,novela histórica,novela histórica,novela histórica,novela histórica,novela histórica
905,subgenre-theme,novela histórica,other,2000,word,tfidf,6,nh0197,other,other,other,other,other,other,other,other,other,other,other
906,subgenre-theme,novela histórica,other,2000,word,tfidf,6,nh0199,other,other,other,other,other,other,other,other,other,other,other
907,subgenre-theme,novela histórica,other,2000,word,tfidf,6,nh0203,novela histórica,novela histórica,novela histórica,novela histórica,novela histórica,novela histórica,novela histórica,novela histórica,novela histórica,novela histórica,novela histórica
908,subgenre-theme,novela histórica,other,2000,word,tfidf,6,nh0204,other,other,other,other,other,other,other,other,other,other,other
909,subgenre-theme,novela histórica,other,2000,word,tfidf,6,nh0205,other,other,other,other,other,other,other,other,other,other,other
910,subgenre-theme,novela histórica,other,2000,word,tfidf,6,nh0206,other,other,other,other,other,other,other,other,novela histórica,other,other
911,subgenre-theme,novela histórica,other,2000,word,tfidf,6,nh0207,other,other,other,other,other,other,other,other,other,other,other
912,subgenre-theme,novela histórica,other,2000,word,tfidf,6,nh0208,novela histórica,novela histórica,novela histórica,novela histórica,novela histórica,novela histórica,novela histórica,novela histórica,novela histórica,novela histórica,novela histórica
913,subgenre-theme,novela histórica,other,2000,word,tfidf,6,nh0210,novela histórica,novela histórica,novela histórica,novela histórica,novela histórica,novela histórica,novela histórica,novela histórica,novela histórica,novela histórica,novela histórica
914,subgenre-theme,novela histórica,other,2000,word,tfidf,6,nh0214,other,other,other,other,other,other,other,other,novela histórica,other,other
915,subgenre-theme,novela histórica,other,2000,word,tfidf,6,nh0216,other,other,other,other,other,other,other,other,other,other,other
916,subgenre-theme,novela histórica,other,2000,word,tfidf,6,nh0217,other,other,other,other,other,other,other,other,other,other,other
917,subgenre-theme,novela histórica,other,2000,word,tfidf,6,nh0219,other,other,other,other,other,other,other,other,novela histórica,other,other
918,subgenre-theme,novela histórica,other,2000,word,tfidf,6,nh0220,other,other,other,other,other,other,other,other,other,other,other
919,subgenre-theme,novela histórica,other,2000,word,tfidf,6,nh0222,novela histórica,novela histórica,novela histórica,novela histórica,novela histórica,novela histórica,novela histórica,novela histórica,novela histórica,novela histórica,novela histórica
920,subgenre-theme,novela histórica,other,2000,word,tfidf,6,nh0227,novela histórica,novela histórica,novela histórica,novela histórica,novela histórica,novela histórica,novela histórica,novela histórica,novela histórica,novela histórica,novela histórica
921,subgenre-theme,novela histórica,other,2000,word,tfidf,6,nh0231,novela histórica,novela histórica,novela histórica,novela histórica,novela histórica,novela histórica,novela histórica,novela histórica,novela histórica,novela histórica,novela histórica
922,subgenre-theme,novela histórica,other,2000,word,tfidf,6,nh0232,other,other,other,other,other,other,other,other,other,other,other
923,subgenre-theme,novela histórica,other,2000,word,tfidf,6,nh0233,other,other,other,other,other,other,other,other,other,other,other
924,subgenre-theme,novela histórica,other,2000,word,tfidf,6,nh0235,other,other,other,other,other,other,other,other,other,other,other
925,subgenre-theme,novela histórica,other,2000,word,tfidf,6,nh0236,other,other,other,other,other,other,other,other,other,other,other
926,subgenre-theme,novela histórica,other,2000,word,tfidf,6,nh0237,other,other,other,other,other,other,other,other,other,other,other
927,subgenre-theme,novela histórica,other,2000,word,tfidf,6,nh0241,other,other,other,other,other,other,other,other,other,other,other
928,subgenre-theme,novela histórica,other,2000,word,tfidf,6,nh0242,other,other,other,other,other,other,other,other,other,other,other
929,subgenre-theme,novela histórica,other,2000,word,tfidf,6,nh0243,novela histórica,novela histórica,novela histórica,novela histórica,novela histórica,novela histórica,novela histórica,novela histórica,novela histórica,novela histórica,novela histórica
930,subgenre-theme,novela histórica,other,2000,word,tfidf,6,nh0246,other,other,other,other,other,other,other,other,other,other,other
931,subgenre-theme,novela histórica,other,2000,word,tfidf,6,nh0247,novela histórica,novela histórica,novela histórica,novela histórica,novela histórica,novela histórica,novela histórica,novela histórica,novela histórica,novela histórica,novela histórica
932,subgenre-theme,novela histórica,other,2000,word,tfidf,6,nh0248,novela histórica,novela histórica,novela histórica,novela histórica,novela histórica,novela histórica,novela histórica,novela histórica,novela histórica,novela histórica,other
933,subgenre-theme,novela histórica,other,2000,word,tfidf,6,nh0249,novela histórica,novela histórica,novela histórica,novela histórica,novela histórica,novela histórica,novela histórica,novela histórica,novela histórica,novela histórica,novela histórica
934,subgenre-theme,novela histórica,other,2000,word,tfidf,6,nh0252,other,other,other,other,other,other,other,other,other,other,other
935,subgenre-theme,novela histórica,other,2000,word,tfidf,6,nh0253,novela histórica,novela histórica,novela histórica,novela histórica,novela histórica,novela histórica,novela histórica,novela histórica,novela histórica,novela histórica,other
936,subgenre-theme,novela histórica,other,2000,word,tfidf,6,nh0254,other,other,other,other,other,other,other,other,other,other,other
937,subgenre-theme,novela histórica,other,2000,word,tfidf,6,nh0255,other,other,other,other,other,other,other,other,other,other,other
938,subgenre-theme,novela histórica,other,2000,word,tfidf,7,nh0002,other,other,other,other,other,other,other,other,other,other,other
939,subgenre-theme,novela histórica,other,2000,word,tfidf,7,nh0003,other,other,other,other,other,other,other,other,other,other,other
940,subgenre-theme,novela histórica,other,2000,word,tfidf,7,nh0004,novela histórica,novela histórica,novela histórica,novela histórica,novela histórica,novela histórica,novela histórica,novela histórica,novela histórica,novela histórica,novela histórica
941,subgenre-theme,novela histórica,other,2000,word,tfidf,7,nh0005,other,novela histórica,other,other,other,other,other,other,other,other,other
942,subgenre-theme,novela histórica,other,2000,word,tfidf,7,nh0006,other,other,other,other,other,other,other,other,other,other,other
943,subgenre-theme,novela histórica,other,2000,word,tfidf,7,nh0007,novela histórica,novela histórica,novela histórica,novela histórica,novela histórica,novela histórica,novela histórica,novela histórica,novela histórica,novela histórica,novela histórica
944,subgenre-theme,novela histórica,other,2000,word,tfidf,7,nh0009,novela histórica,novela histórica,novela histórica,novela histórica,novela histórica,novela histórica,novela histórica,novela histórica,novela histórica,novela histórica,novela histórica
945,subgenre-theme,novela histórica,other,2000,word,tfidf,7,nh0010,other,other,other,other,other,other,other,other,other,other,other
946,subgenre-theme,novela histórica,other,2000,word,tfidf,7,nh0014,other,other,other,other,other,other,other,other,other,other,other
947,subgenre-theme,novela histórica,other,2000,word,tfidf,7,nh0015,novela histórica,novela histórica,novela histórica,novela histórica,novela histórica,novela histórica,novela histórica,novela histórica,novela histórica,novela histórica,novela histórica
948,subgenre-theme,novela histórica,other,2000,word,tfidf,7,nh0017,novela histórica,other,novela histórica,novela histórica,novela histórica,novela histórica,novela histórica,novela histórica,novela histórica,novela histórica,novela histórica
949,subgenre-theme,novela histórica,other,2000,word,tfidf,7,nh0018,other,other,other,other,other,other,other,other,other,other,other
950,subgenre-theme,novela histórica,other,2000,word,tfidf,7,nh0019,other,other,other,other,other,other,other,other,other,other,other
951,subgenre-theme,novela histórica,other,2000,word,tfidf,7,nh0020,novela histórica,novela histórica,novela histórica,novela histórica,novela histórica,novela histórica,novela histórica,novela histórica,novela histórica,novela histórica,novela histórica
952,subgenre-theme,novela histórica,other,2000,word,tfidf,7,nh0021,other,other,other,other,other,other,other,other,other,other,other
953,subgenre-theme,novela histórica,other,2000,word,tfidf,7,nh0022,novela histórica,novela histórica,novela histórica,novela histórica,novela histórica,novela histórica,novela histórica,novela histórica,novela histórica,novela histórica,novela histórica
954,subgenre-theme,novela histórica,other,2000,word,tfidf,7,nh0023,other,other,novela histórica,other,other,other,other,other,other,other,other
955,subgenre-theme,novela histórica,other,2000,word,tfidf,7,nh0025,novela histórica,novela histórica,novela histórica,novela histórica,novela histórica,novela histórica,novela histórica,novela histórica,novela histórica,novela histórica,novela histórica
956,subgenre-theme,novela histórica,other,2000,word,tfidf,7,nh0026,novela histórica,novela histórica,novela histórica,novela histórica,novela histórica,novela histórica,novela histórica,novela histórica,novela histórica,novela histórica,novela histórica
957,subgenre-theme,novela histórica,other,2000,word,tfidf,7,nh0031,other,other,novela histórica,other,other,other,other,other,other,other,other
958,subgenre-theme,novela histórica,other,2000,word,tfidf,7,nh0035,novela histórica,novela histórica,novela histórica,novela histórica,novela histórica,novela histórica,novela histórica,novela histórica,novela histórica,novela histórica,novela histórica
959,subgenre-theme,novela histórica,other,2000,word,tfidf,7,nh0036,other,other,other,other,other,other,other,other,other,other,other
960,subgenre-theme,novela histórica,other,2000,word,tfidf,7,nh0037,novela histórica,novela histórica,novela histórica,novela histórica,novela histórica,novela histórica,novela histórica,novela histórica,novela histórica,novela histórica,novela histórica
961,subgenre-theme,novela histórica,other,2000,word,tfidf,7,nh0040,novela histórica,novela histórica,other,novela histórica,novela histórica,novela histórica,novela histórica,novela histórica,novela histórica,novela histórica,novela histórica
962,subgenre-theme,novela histórica,other,2000,word,tfidf,7,nh0041,novela histórica,novela histórica,novela histórica,novela histórica,novela histórica,novela histórica,novela histórica,novela histórica,novela histórica,novela histórica,novela histórica
963,subgenre-theme,novela histórica,other,2000,word,tfidf,7,nh0045,other,other,novela histórica,other,other,other,other,other,other,other,other
964,subgenre-theme,novela histórica,other,2000,word,tfidf,7,nh0046,other,other,other,other,other,other,other,other,other,other,other
965,subgenre-theme,novela histórica,other,2000,word,tfidf,7,nh0047,other,other,other,other,other,other,other,other,other,other,other
966,subgenre-theme,novela histórica,other,2000,word,tfidf,7,nh0049,novela histórica,novela histórica,novela histórica,novela histórica,novela histórica,novela histórica,novela histórica,novela histórica,novela histórica,novela histórica,novela histórica
967,subgenre-theme,novela histórica,other,2000,word,tfidf,7,nh0054,novela histórica,novela histórica,novela histórica,novela histórica,novela histórica,novela histórica,novela histórica,novela histórica,novela histórica,novela histórica,novela histórica
968,subgenre-theme,novela histórica,other,2000,word,tfidf,7,nh0055,novela histórica,novela histórica,novela histórica,novela histórica,novela histórica,novela histórica,novela histórica,novela histórica,novela histórica,novela histórica,novela histórica
969,subgenre-theme,novela histórica,other,2000,word,tfidf,7,nh0056,novela histórica,novela histórica,novela histórica,novela histórica,novela histórica,novela histórica,novela histórica,novela histórica,novela histórica,novela histórica,novela histórica
970,subgenre-theme,novela histórica,other,2000,word,tfidf,7,nh0062,other,other,other,other,other,other,other,other,other,other,other
971,subgenre-theme,novela histórica,other,2000,word,tfidf,7,nh0064,novela histórica,novela histórica,novela histórica,novela histórica,novela histórica,novela histórica,novela histórica,novela histórica,novela histórica,novela histórica,novela histórica
972,subgenre-theme,novela histórica,other,2000,word,tfidf,7,nh0069,novela histórica,novela histórica,novela histórica,novela histórica,novela histórica,novela histórica,novela histórica,novela histórica,novela histórica,novela histórica,novela histórica
973,subgenre-theme,novela histórica,other,2000,word,tfidf,7,nh0070,other,other,other,other,other,other,other,other,other,other,other
974,subgenre-theme,novela histórica,other,2000,word,tfidf,7,nh0071,other,other,other,other,other,other,other,other,other,other,other
975,subgenre-theme,novela histórica,other,2000,word,tfidf,7,nh0072,other,other,other,novela histórica,other,other,other,other,other,other,other
976,subgenre-theme,novela histórica,other,2000,word,tfidf,7,nh0074,other,other,other,other,other,other,other,other,other,other,other
977,subgenre-theme,novela histórica,other,2000,word,tfidf,7,nh0077,other,other,other,other,other,other,other,other,other,other,other
978,subgenre-theme,novela histórica,other,2000,word,tfidf,7,nh0081,novela histórica,novela histórica,novela histórica,novela histórica,novela histórica,novela histórica,novela histórica,novela histórica,novela histórica,novela histórica,novela histórica
979,subgenre-theme,novela histórica,other,2000,word,tfidf,7,nh0084,novela histórica,novela histórica,novela histórica,novela histórica,novela histórica,novela histórica,novela histórica,novela histórica,novela histórica,novela histórica,novela histórica
980,subgenre-theme,novela histórica,other,2000,word,tfidf,7,nh0086,novela histórica,novela histórica,novela histórica,novela histórica,other,novela histórica,novela histórica,novela histórica,novela histórica,novela histórica,novela histórica
981,subgenre-theme,novela histórica,other,2000,word,tfidf,7,nh0087,other,other,other,other,other,other,other,other,other,other,other
982,subgenre-theme,novela histórica,other,2000,word,tfidf,7,nh0091,novela histórica,novela histórica,novela histórica,novela histórica,other,novela histórica,novela histórica,novela histórica,novela histórica,novela histórica,novela histórica
983,subgenre-theme,novela histórica,other,2000,word,tfidf,7,nh0093,other,other,other,other,other,other,other,other,other,other,other
984,subgenre-theme,novela histórica,other,2000,word,tfidf,7,nh0094,novela histórica,novela histórica,novela histórica,novela histórica,other,novela histórica,novela histórica,novela histórica,novela histórica,novela histórica,novela histórica
985,subgenre-theme,novela histórica,other,2000,word,tfidf,7,nh0096,other,other,other,other,other,other,other,other,other,other,other
986,subgenre-theme,novela histórica,other,2000,word,tfidf,7,nh0097,novela histórica,novela histórica,novela histórica,novela histórica,novela histórica,novela histórica,novela histórica,novela histórica,novela histórica,novela histórica,novela histórica
987,subgenre-theme,novela histórica,other,2000,word,tfidf,7,nh0098,other,other,other,other,other,other,other,other,other,other,other
988,subgenre-theme,novela histórica,other,2000,word,tfidf,7,nh0099,other,other,other,other,other,other,other,other,other,other,other
989,subgenre-theme,novela histórica,other,2000,word,tfidf,7,nh0100,novela histórica,novela histórica,novela histórica,novela histórica,other,novela histórica,novela histórica,novela histórica,novela histórica,novela histórica,novela histórica
990,subgenre-theme,novela histórica,other,2000,word,tfidf,7,nh0101,other,other,other,other,other,other,other,other,other,other,other
991,subgenre-theme,novela histórica,other,2000,word,tfidf,7,nh0102,other,other,other,other,other,other,other,other,other,other,other
992,subgenre-theme,novela histórica,other,2000,word,tfidf,7,nh0103,novela histórica,novela histórica,novela histórica,novela histórica,other,novela histórica,novela histórica,novela histórica,novela histórica,novela histórica,novela histórica
993,subgenre-theme,novela histórica,other,2000,word,tfidf,7,nh0104,other,other,other,other,other,other,other,other,other,other,other
994,subgenre-theme,novela histórica,other,2000,word,tfidf,7,nh0106,novela histórica,novela histórica,novela histórica,novela histórica,novela histórica,novela histórica,novela histórica,novela histórica,novela histórica,novela histórica,novela histórica
995,subgenre-theme,novela histórica,other,2000,word,tfidf,7,nh0107,novela histórica,novela histórica,novela histórica,novela histórica,novela histórica,novela histórica,novela histórica,novela histórica,novela histórica,novela histórica,novela histórica
996,subgenre-theme,novela histórica,other,2000,word,tfidf,7,nh0108,novela histórica,novela histórica,novela histórica,novela histórica,novela histórica,novela histórica,novela histórica,novela histórica,novela histórica,novela histórica,novela histórica
997,subgenre-theme,novela histórica,other,2000,word,tfidf,7,nh0111,novela histórica,novela histórica,novela histórica,novela histórica,novela histórica,novela histórica,novela histórica,novela histórica,novela histórica,novela histórica,novela histórica
998,subgenre-theme,novela histórica,other,2000,word,tfidf,7,nh0113,other,other,other,other,other,novela histórica,other,other,other,other,other
999,subgenre-theme,novela histórica,other,2000,word,tfidf,7,nh0115,novela histórica,novela histórica,novela histórica,novela histórica,novela histórica,novela histórica,novela histórica,novela histórica,novela histórica,novela histórica,novela histórica
1000,subgenre-theme,novela histórica,other,2000,word,tfidf,7,nh0116,novela histórica,novela histórica,novela histórica,novela histórica,novela histórica,novela histórica,novela histórica,novela histórica,novela histórica,novela histórica,novela histórica
1001,subgenre-theme,novela histórica,other,2000,word,tfidf,7,nh0117,novela histórica,novela histórica,novela histórica,novela histórica,novela histórica,novela histórica,novela histórica,novela histórica,novela histórica,novela histórica,novela histórica
1002,subgenre-theme,novela histórica,other,2000,word,tfidf,7,nh0118,other,other,other,other,other,other,other,other,other,other,other
1003,subgenre-theme,novela histórica,other,2000,word,tfidf,7,nh0120,other,other,other,other,other,other,other,other,other,other,other
1004,subgenre-theme,novela histórica,other,2000,word,tfidf,7,nh0122,novela histórica,novela histórica,novela histórica,novela histórica,novela histórica,novela histórica,novela histórica,novela histórica,novela histórica,novela histórica,novela histórica
1005,subgenre-theme,novela histórica,other,2000,word,tfidf,7,nh0123,other,other,other,other,other,other,other,other,other,other,other
1006,subgenre-theme,novela histórica,other,2000,word,tfidf,7,nh0125,novela histórica,novela histórica,novela histórica,novela histórica,novela histórica,novela histórica,novela histórica,novela histórica,novela histórica,novela histórica,novela histórica
1007,subgenre-theme,novela histórica,other,2000,word,tfidf,7,nh0131,other,other,other,other,other,other,other,other,other,other,other
1008,subgenre-theme,novela histórica,other,2000,word,tfidf,7,nh0135,other,other,other,other,other,other,other,other,other,other,other
1009,subgenre-theme,novela histórica,other,2000,word,tfidf,7,nh0139,novela histórica,novela histórica,novela histórica,novela histórica,novela histórica,novela histórica,other,novela histórica,novela histórica,novela histórica,novela histórica
1010,subgenre-theme,novela histórica,other,2000,word,tfidf,7,nh0140,other,other,other,other,other,other,other,other,other,other,other
1011,subgenre-theme,novela histórica,other,2000,word,tfidf,7,nh0141,other,other,other,other,other,other,novela histórica,other,other,other,other
1012,subgenre-theme,novela histórica,other,2000,word,tfidf,7,nh0142,novela histórica,novela histórica,novela histórica,novela histórica,novela histórica,novela histórica,novela histórica,novela histórica,novela histórica,novela histórica,novela histórica
1013,subgenre-theme,novela histórica,other,2000,word,tfidf,7,nh0143,novela histórica,novela histórica,novela histórica,novela histórica,novela histórica,novela histórica,novela histórica,novela histórica,novela histórica,novela histórica,novela histórica
1014,subgenre-theme,novela histórica,other,2000,word,tfidf,7,nh0144,other,other,other,other,other,other,other,other,other,other,other
1015,subgenre-theme,novela histórica,other,2000,word,tfidf,7,nh0145,other,other,other,other,other,other,other,other,other,other,other
1016,subgenre-theme,novela histórica,other,2000,word,tfidf,7,nh0149,novela histórica,novela histórica,novela histórica,novela histórica,novela histórica,novela histórica,novela histórica,novela histórica,novela histórica,novela histórica,novela histórica
1017,subgenre-theme,novela histórica,other,2000,word,tfidf,7,nh0150,novela histórica,novela histórica,novela histórica,novela histórica,novela histórica,novela histórica,novela histórica,other,novela histórica,novela histórica,novela histórica
1018,subgenre-theme,novela histórica,other,2000,word,tfidf,7,nh0152,novela histórica,novela histórica,novela histórica,novela histórica,novela histórica,novela histórica,novela histórica,novela histórica,novela histórica,novela histórica,novela histórica
1019,subgenre-theme,novela histórica,other,2000,word,tfidf,7,nh0154,other,other,other,other,other,other,other,other,other,other,other
1020,subgenre-theme,novela histórica,other,2000,word,tfidf,7,nh0157,other,other,other,other,other,other,other,other,other,other,other
1021,subgenre-theme,novela histórica,other,2000,word,tfidf,7,nh0158,novela histórica,novela histórica,novela histórica,novela histórica,novela histórica,novela histórica,novela histórica,novela histórica,novela histórica,novela histórica,novela histórica
1022,subgenre-theme,novela histórica,other,2000,word,tfidf,7,nh0159,novela histórica,novela histórica,novela histórica,novela histórica,novela histórica,novela histórica,novela histórica,novela histórica,novela histórica,novela histórica,novela histórica
1023,subgenre-theme,novela histórica,other,2000,word,tfidf,7,nh0160,novela histórica,novela histórica,novela histórica,novela histórica,novela histórica,novela histórica,novela histórica,other,novela histórica,novela histórica,novela histórica
1024,subgenre-theme,novela histórica,other,2000,word,tfidf,7,nh0161,novela histórica,novela histórica,novela histórica,novela histórica,novela histórica,novela histórica,novela histórica,novela histórica,novela histórica,novela histórica,novela histórica
1025,subgenre-theme,novela histórica,other,2000,word,tfidf,7,nh0162,other,other,other,other,other,other,other,other,other,other,other
1026,subgenre-theme,novela histórica,other,2000,word,tfidf,7,nh0165,novela histórica,novela histórica,novela histórica,novela histórica,novela histórica,novela histórica,novela histórica,novela histórica,novela histórica,novela histórica,novela histórica
1027,subgenre-theme,novela histórica,other,2000,word,tfidf,7,nh0166,novela histórica,novela histórica,novela histórica,novela histórica,novela histórica,novela histórica,novela histórica,novela histórica,novela histórica,novela histórica,novela histórica
1028,subgenre-theme,novela histórica,other,2000,word,tfidf,7,nh0168,novela histórica,novela histórica,novela histórica,novela histórica,novela histórica,novela histórica,novela histórica,novela histórica,novela histórica,novela histórica,novela histórica
1029,subgenre-theme,novela histórica,other,2000,word,tfidf,7,nh0169,novela histórica,novela histórica,novela histórica,novela histórica,novela histórica,novela histórica,novela histórica,novela histórica,other,novela histórica,novela histórica
1030,subgenre-theme,novela histórica,other,2000,word,tfidf,7,nh0174,other,other,other,other,other,other,other,other,other,other,other
1031,subgenre-theme,novela histórica,other,2000,word,tfidf,7,nh0176,novela histórica,novela histórica,novela histórica,novela histórica,novela histórica,novela histórica,novela histórica,novela histórica,novela histórica,novela histórica,novela histórica
1032,subgenre-theme,novela histórica,other,2000,word,tfidf,7,nh0179,other,other,other,other,other,other,other,other,other,other,other
1033,subgenre-theme,novela histórica,other,2000,word,tfidf,7,nh0180,novela histórica,novela histórica,novela histórica,novela histórica,novela histórica,novela histórica,novela histórica,novela histórica,novela histórica,novela histórica,novela histórica
1034,subgenre-theme,novela histórica,other,2000,word,tfidf,7,nh0181,novela histórica,novela histórica,novela histórica,novela histórica,novela histórica,novela histórica,novela histórica,novela histórica,novela histórica,novela histórica,novela histórica
1035,subgenre-theme,novela histórica,other,2000,word,tfidf,7,nh0182,novela histórica,novela histórica,novela histórica,novela histórica,novela histórica,novela histórica,novela histórica,novela histórica,novela histórica,novela histórica,novela histórica
1036,subgenre-theme,novela histórica,other,2000,word,tfidf,7,nh0184,novela histórica,novela histórica,novela histórica,novela histórica,novela histórica,novela histórica,novela histórica,novela histórica,novela histórica,novela histórica,novela histórica
1037,subgenre-theme,novela histórica,other,2000,word,tfidf,7,nh0188,other,other,other,other,other,other,other,other,other,other,other
1038,subgenre-theme,novela histórica,other,2000,word,tfidf,7,nh0192,other,other,other,other,other,other,other,other,other,other,other
1039,subgenre-theme,novela histórica,other,2000,word,tfidf,7,nh0194,other,other,other,other,other,other,other,other,other,other,other
1040,subgenre-theme,novela histórica,other,2000,word,tfidf,7,nh0196,novela histórica,novela histórica,novela histórica,novela histórica,novela histórica,novela histórica,novela histórica,novela histórica,novela histórica,novela histórica,novela histórica
1041,subgenre-theme,novela histórica,other,2000,word,tfidf,7,nh0200,other,other,other,other,other,other,other,novela histórica,other,other,other
1042,subgenre-theme,novela histórica,other,2000,word,tfidf,7,nh0203,novela histórica,novela histórica,novela histórica,novela histórica,novela histórica,novela histórica,novela histórica,novela histórica,novela histórica,novela histórica,novela histórica
1043,subgenre-theme,novela histórica,other,2000,word,tfidf,7,nh0207,other,other,other,other,other,other,other,other,other,other,other
1044,subgenre-theme,novela histórica,other,2000,word,tfidf,7,nh0208,novela histórica,novela histórica,novela histórica,novela histórica,novela histórica,novela histórica,novela histórica,novela histórica,novela histórica,novela histórica,novela histórica
1045,subgenre-theme,novela histórica,other,2000,word,tfidf,7,nh0209,other,other,other,other,other,other,other,other,other,other,other
1046,subgenre-theme,novela histórica,other,2000,word,tfidf,7,nh0210,novela histórica,novela histórica,novela histórica,novela histórica,novela histórica,novela histórica,novela histórica,novela histórica,novela histórica,other,novela histórica
1047,subgenre-theme,novela histórica,other,2000,word,tfidf,7,nh0211,other,other,other,other,other,other,other,other,novela histórica,other,other
1048,subgenre-theme,novela histórica,other,2000,word,tfidf,7,nh0212,other,other,other,other,other,other,other,other,novela histórica,other,other
1049,subgenre-theme,novela histórica,other,2000,word,tfidf,7,nh0214,other,other,other,other,other,other,other,other,novela histórica,other,other
1050,subgenre-theme,novela histórica,other,2000,word,tfidf,7,nh0215,other,other,other,other,other,other,other,other,novela histórica,other,other
1051,subgenre-theme,novela histórica,other,2000,word,tfidf,7,nh0217,other,other,other,other,other,other,other,other,other,other,other
1052,subgenre-theme,novela histórica,other,2000,word,tfidf,7,nh0218,other,other,other,other,other,other,other,other,other,other,other
1053,subgenre-theme,novela histórica,other,2000,word,tfidf,7,nh0219,other,other,other,other,other,other,other,other,other,novela histórica,other
1054,subgenre-theme,novela histórica,other,2000,word,tfidf,7,nh0222,novela histórica,novela histórica,novela histórica,novela histórica,novela histórica,novela histórica,novela histórica,novela histórica,novela histórica,novela histórica,novela histórica
1055,subgenre-theme,novela histórica,other,2000,word,tfidf,7,nh0227,novela histórica,novela histórica,novela histórica,novela histórica,novela histórica,novela histórica,novela histórica,novela histórica,novela histórica,novela histórica,novela histórica
1056,subgenre-theme,novela histórica,other,2000,word,tfidf,7,nh0230,other,other,other,other,other,other,other,other,other,other,other
1057,subgenre-theme,novela histórica,other,2000,word,tfidf,7,nh0231,novela histórica,novela histórica,novela histórica,novela histórica,novela histórica,novela histórica,novela histórica,novela histórica,novela histórica,novela histórica,novela histórica
1058,subgenre-theme,novela histórica,other,2000,word,tfidf,7,nh0233,other,other,other,other,other,other,other,other,other,other,other
1059,subgenre-theme,novela histórica,other,2000,word,tfidf,7,nh0234,other,other,other,other,other,other,other,other,other,novela histórica,other
1060,subgenre-theme,novela histórica,other,2000,word,tfidf,7,nh0238,other,other,other,other,other,other,other,other,other,novela histórica,other
1061,subgenre-theme,novela histórica,other,2000,word,tfidf,7,nh0239,other,other,other,other,other,other,other,other,other,other,novela histórica
1062,subgenre-theme,novela histórica,other,2000,word,tfidf,7,nh0240,other,other,other,other,other,other,other,other,other,other,other
1063,subgenre-theme,novela histórica,other,2000,word,tfidf,7,nh0241,other,other,other,other,other,other,other,other,other,other,other
1064,subgenre-theme,novela histórica,other,2000,word,tfidf,7,nh0242,other,other,other,other,other,other,other,other,other,other,other
1065,subgenre-theme,novela histórica,other,2000,word,tfidf,7,nh0243,novela histórica,novela histórica,novela histórica,novela histórica,novela histórica,novela histórica,novela histórica,novela histórica,novela histórica,novela histórica,novela histórica
1066,subgenre-theme,novela histórica,other,2000,word,tfidf,7,nh0246,other,other,other,other,other,other,other,other,other,other,other
1067,subgenre-theme,novela histórica,other,2000,word,tfidf,7,nh0247,novela histórica,novela histórica,novela histórica,novela histórica,novela histórica,novela histórica,novela histórica,novela histórica,novela histórica,novela histórica,novela histórica
1068,subgenre-theme,novela histórica,other,2000,word,tfidf,7,nh0248,novela histórica,novela histórica,novela histórica,novela histórica,novela histórica,novela histórica,novela histórica,novela histórica,novela histórica,novela histórica,novela histórica
1069,subgenre-theme,novela histórica,other,2000,word,tfidf,7,nh0249,novela histórica,novela histórica,novela histórica,novela histórica,novela histórica,novela histórica,novela histórica,novela histórica,novela histórica,novela histórica,novela histórica
1070,subgenre-theme,novela histórica,other,2000,word,tfidf,7,nh0252,other,other,other,other,other,other,other,other,other,other,other
1071,subgenre-theme,novela histórica,other,2000,word,tfidf,7,nh0253,novela histórica,novela histórica,novela histórica,novela histórica,novela histórica,novela histórica,novela histórica,novela histórica,novela histórica,novela histórica,other
1072,subgenre-theme,novela histórica,other,2000,word,tfidf,8,nh0004,novela histórica,novela histórica,novela histórica,novela histórica,novela histórica,novela histórica,novela histórica,novela histórica,novela histórica,novela histórica,novela histórica
1073,subgenre-theme,novela histórica,other,2000,word,tfidf,8,nh0007,novela histórica,novela histórica,novela histórica,novela histórica,novela histórica,novela histórica,novela histórica,novela histórica,novela histórica,novela histórica,novela histórica
1074,subgenre-theme,novela histórica,other,2000,word,tfidf,8,nh0009,novela histórica,novela histórica,novela histórica,novela histórica,novela histórica,novela histórica,novela histórica,novela histórica,novela histórica,novela histórica,novela histórica
1075,subgenre-theme,novela histórica,other,2000,word,tfidf,8,nh0010,other,other,other,other,other,other,other,other,other,other,other
1076,subgenre-theme,novela histórica,other,2000,word,tfidf,8,nh0013,other,other,other,other,other,other,other,other,other,other,other
1077,subgenre-theme,novela histórica,other,2000,word,tfidf,8,nh0015,novela histórica,novela histórica,novela histórica,novela histórica,novela histórica,novela histórica,novela histórica,novela histórica,novela histórica,novela histórica,novela histórica
1078,subgenre-theme,novela histórica,other,2000,word,tfidf,8,nh0016,other,other,other,other,other,other,other,other,other,other,other
1079,subgenre-theme,novela histórica,other,2000,word,tfidf,8,nh0017,novela histórica,novela histórica,novela histórica,novela histórica,novela histórica,novela histórica,novela histórica,novela histórica,novela histórica,novela histórica,novela histórica
1080,subgenre-theme,novela histórica,other,2000,word,tfidf,8,nh0020,novela histórica,novela histórica,novela histórica,novela histórica,novela histórica,novela histórica,novela histórica,novela histórica,novela histórica,novela histórica,novela histórica
1081,subgenre-theme,novela histórica,other,2000,word,tfidf,8,nh0021,other,other,other,other,other,other,other,other,other,other,other
1082,subgenre-theme,novela histórica,other,2000,word,tfidf,8,nh0022,novela histórica,novela histórica,novela histórica,novela histórica,novela histórica,novela histórica,novela histórica,novela histórica,novela histórica,novela histórica,novela histórica
1083,subgenre-theme,novela histórica,other,2000,word,tfidf,8,nh0025,novela histórica,novela histórica,novela histórica,novela histórica,novela histórica,novela histórica,novela histórica,novela histórica,novela histórica,novela histórica,novela histórica
1084,subgenre-theme,novela histórica,other,2000,word,tfidf,8,nh0026,novela histórica,novela histórica,novela histórica,novela histórica,novela histórica,novela histórica,novela histórica,novela histórica,novela histórica,novela histórica,novela histórica
1085,subgenre-theme,novela histórica,other,2000,word,tfidf,8,nh0030,other,novela histórica,other,other,other,other,other,other,other,other,other
1086,subgenre-theme,novela histórica,other,2000,word,tfidf,8,nh0031,other,novela histórica,other,other,other,other,other,other,other,other,other
1087,subgenre-theme,novela histórica,other,2000,word,tfidf,8,nh0033,other,novela histórica,other,other,other,other,other,other,other,other,other
1088,subgenre-theme,novela histórica,other,2000,word,tfidf,8,nh0035,novela histórica,novela histórica,novela histórica,novela histórica,novela histórica,novela histórica,novela histórica,novela histórica,novela histórica,novela histórica,novela histórica
1089,subgenre-theme,novela histórica,other,2000,word,tfidf,8,nh0036,other,other,novela histórica,other,other,other,other,other,other,other,other
1090,subgenre-theme,novela histórica,other,2000,word,tfidf,8,nh0037,novela histórica,novela histórica,novela histórica,novela histórica,novela histórica,novela histórica,novela histórica,novela histórica,novela histórica,novela histórica,novela histórica
1091,subgenre-theme,novela histórica,other,2000,word,tfidf,8,nh0038,other,other,other,other,other,other,other,other,other,other,other
1092,subgenre-theme,novela histórica,other,2000,word,tfidf,8,nh0040,novela histórica,novela histórica,novela histórica,novela histórica,novela histórica,novela histórica,novela histórica,novela histórica,novela histórica,novela histórica,novela histórica
1093,subgenre-theme,novela histórica,other,2000,word,tfidf,8,nh0041,novela histórica,novela histórica,novela histórica,novela histórica,novela histórica,novela histórica,novela histórica,novela histórica,novela histórica,novela histórica,novela histórica
1094,subgenre-theme,novela histórica,other,2000,word,tfidf,8,nh0045,other,other,novela histórica,other,other,other,other,other,other,other,other
1095,subgenre-theme,novela histórica,other,2000,word,tfidf,8,nh0046,other,other,other,other,other,other,other,other,other,other,other
1096,subgenre-theme,novela histórica,other,2000,word,tfidf,8,nh0047,other,other,other,other,other,other,other,other,other,other,other
1097,subgenre-theme,novela histórica,other,2000,word,tfidf,8,nh0049,novela histórica,novela histórica,novela histórica,novela histórica,novela histórica,novela histórica,novela histórica,novela histórica,novela histórica,novela histórica,novela histórica
1098,subgenre-theme,novela histórica,other,2000,word,tfidf,8,nh0052,other,other,other,other,other,other,other,other,other,other,other
1099,subgenre-theme,novela histórica,other,2000,word,tfidf,8,nh0054,novela histórica,novela histórica,novela histórica,novela histórica,novela histórica,novela histórica,novela histórica,novela histórica,novela histórica,novela histórica,novela histórica
1100,subgenre-theme,novela histórica,other,2000,word,tfidf,8,nh0055,novela histórica,novela histórica,novela histórica,novela histórica,novela histórica,novela histórica,novela histórica,novela histórica,novela histórica,novela histórica,novela histórica
1101,subgenre-theme,novela histórica,other,2000,word,tfidf,8,nh0056,novela histórica,novela histórica,novela histórica,novela histórica,novela histórica,novela histórica,novela histórica,novela histórica,novela histórica,novela histórica,novela histórica
1102,subgenre-theme,novela histórica,other,2000,word,tfidf,8,nh0057,other,other,other,other,other,other,other,other,other,other,other
1103,subgenre-theme,novela histórica,other,2000,word,tfidf,8,nh0059,other,other,other,other,other,other,other,other,other,other,other
1104,subgenre-theme,novela histórica,other,2000,word,tfidf,8,nh0060,other,other,other,other,other,other,other,other,other,other,other
1105,subgenre-theme,novela histórica,other,2000,word,tfidf,8,nh0061,other,other,other,novela histórica,other,other,other,other,other,other,other
1106,subgenre-theme,novela histórica,other,2000,word,tfidf,8,nh0063,other,other,other,other,other,other,other,other,other,other,other
1107,subgenre-theme,novela histórica,other,2000,word,tfidf,8,nh0064,novela histórica,novela histórica,novela histórica,novela histórica,novela histórica,novela histórica,novela histórica,novela histórica,novela histórica,novela histórica,novela histórica
1108,subgenre-theme,novela histórica,other,2000,word,tfidf,8,nh0066,other,other,other,other,other,other,other,other,other,other,other
1109,subgenre-theme,novela histórica,other,2000,word,tfidf,8,nh0068,other,other,other,other,other,other,other,other,other,other,other
1110,subgenre-theme,novela histórica,other,2000,word,tfidf,8,nh0069,novela histórica,novela histórica,novela histórica,novela histórica,novela histórica,novela histórica,novela histórica,novela histórica,novela histórica,novela histórica,novela histórica
1111,subgenre-theme,novela histórica,other,2000,word,tfidf,8,nh0074,other,other,other,other,other,other,other,other,other,other,other
1112,subgenre-theme,novela histórica,other,2000,word,tfidf,8,nh0075,other,other,other,other,other,other,other,other,other,other,other
1113,subgenre-theme,novela histórica,other,2000,word,tfidf,8,nh0078,other,other,other,other,other,other,other,other,other,other,other
1114,subgenre-theme,novela histórica,other,2000,word,tfidf,8,nh0081,novela histórica,novela histórica,novela histórica,other,novela histórica,novela histórica,novela histórica,novela histórica,novela histórica,novela histórica,novela histórica
1115,subgenre-theme,novela histórica,other,2000,word,tfidf,8,nh0082,other,other,other,other,other,other,other,other,other,other,other
1116,subgenre-theme,novela histórica,other,2000,word,tfidf,8,nh0084,novela histórica,novela histórica,novela histórica,novela histórica,novela histórica,novela histórica,novela histórica,novela histórica,novela histórica,novela histórica,novela histórica
1117,subgenre-theme,novela histórica,other,2000,word,tfidf,8,nh0085,other,other,other,other,novela histórica,other,other,other,other,other,other
1118,subgenre-theme,novela histórica,other,2000,word,tfidf,8,nh0086,novela histórica,novela histórica,novela histórica,novela histórica,other,novela histórica,novela histórica,novela histórica,novela histórica,novela histórica,novela histórica
1119,subgenre-theme,novela histórica,other,2000,word,tfidf,8,nh0089,other,other,other,other,other,other,other,other,other,other,other
1120,subgenre-theme,novela histórica,other,2000,word,tfidf,8,nh0091,novela histórica,novela histórica,novela histórica,novela histórica,other,novela histórica,novela histórica,novela histórica,novela histórica,novela histórica,novela histórica
1121,subgenre-theme,novela histórica,other,2000,word,tfidf,8,nh0094,novela histórica,novela histórica,novela histórica,novela histórica,novela histórica,novela histórica,novela histórica,novela histórica,novela histórica,novela histórica,novela histórica
1122,subgenre-theme,novela histórica,other,2000,word,tfidf,8,nh0097,novela histórica,novela histórica,novela histórica,novela histórica,novela histórica,novela histórica,novela histórica,novela histórica,novela histórica,novela histórica,novela histórica
1123,subgenre-theme,novela histórica,other,2000,word,tfidf,8,nh0098,other,other,other,other,other,other,other,other,other,other,other
1124,subgenre-theme,novela histórica,other,2000,word,tfidf,8,nh0100,novela histórica,novela histórica,novela histórica,novela histórica,novela histórica,novela histórica,novela histórica,novela histórica,novela histórica,novela histórica,novela histórica
1125,subgenre-theme,novela histórica,other,2000,word,tfidf,8,nh0101,other,other,other,other,other,other,other,other,other,other,other
1126,subgenre-theme,novela histórica,other,2000,word,tfidf,8,nh0103,novela histórica,novela histórica,novela histórica,novela histórica,novela histórica,novela histórica,novela histórica,novela histórica,novela histórica,novela histórica,novela histórica
1127,subgenre-theme,novela histórica,other,2000,word,tfidf,8,nh0106,novela histórica,novela histórica,novela histórica,novela histórica,novela histórica,novela histórica,novela histórica,novela histórica,novela histórica,novela histórica,novela histórica
1128,subgenre-theme,novela histórica,other,2000,word,tfidf,8,nh0107,novela histórica,novela histórica,novela histórica,novela histórica,novela histórica,novela histórica,novela histórica,novela histórica,novela histórica,novela histórica,novela histórica
1129,subgenre-theme,novela histórica,other,2000,word,tfidf,8,nh0108,novela histórica,novela histórica,novela histórica,novela histórica,novela histórica,novela histórica,novela histórica,novela histórica,novela histórica,novela histórica,novela histórica
1130,subgenre-theme,novela histórica,other,2000,word,tfidf,8,nh0111,novela histórica,novela histórica,novela histórica,novela histórica,novela histórica,novela histórica,novela histórica,novela histórica,novela histórica,novela histórica,novela histórica
1131,subgenre-theme,novela histórica,other,2000,word,tfidf,8,nh0115,novela histórica,novela histórica,novela histórica,novela histórica,novela histórica,novela histórica,novela histórica,novela histórica,novela histórica,novela histórica,novela histórica
1132,subgenre-theme,novela histórica,other,2000,word,tfidf,8,nh0116,novela histórica,novela histórica,novela histórica,novela histórica,novela histórica,novela histórica,novela histórica,novela histórica,novela histórica,novela histórica,novela histórica
1133,subgenre-theme,novela histórica,other,2000,word,tfidf,8,nh0117,novela histórica,novela histórica,novela histórica,novela histórica,novela histórica,novela histórica,novela histórica,novela histórica,novela histórica,novela histórica,novela histórica
1134,subgenre-theme,novela histórica,other,2000,word,tfidf,8,nh0118,other,other,other,other,other,other,other,other,other,other,other
1135,subgenre-theme,novela histórica,other,2000,word,tfidf,8,nh0120,other,other,other,other,other,other,other,other,other,other,other
1136,subgenre-theme,novela histórica,other,2000,word,tfidf,8,nh0122,novela histórica,novela histórica,novela histórica,novela histórica,novela histórica,novela histórica,novela histórica,novela histórica,novela histórica,novela histórica,novela histórica
1137,subgenre-theme,novela histórica,other,2000,word,tfidf,8,nh0124,other,other,other,other,other,other,other,other,other,other,other
1138,subgenre-theme,novela histórica,other,2000,word,tfidf,8,nh0125,novela histórica,novela histórica,novela histórica,novela histórica,novela histórica,novela histórica,novela histórica,novela histórica,novela histórica,novela histórica,novela histórica
1139,subgenre-theme,novela histórica,other,2000,word,tfidf,8,nh0126,other,other,other,other,other,other,other,other,other,other,other
1140,subgenre-theme,novela histórica,other,2000,word,tfidf,8,nh0128,other,other,other,other,other,novela histórica,other,other,other,other,other
1141,subgenre-theme,novela histórica,other,2000,word,tfidf,8,nh0133,other,other,other,other,other,other,other,other,other,other,other
1142,subgenre-theme,novela histórica,other,2000,word,tfidf,8,nh0135,other,other,other,other,other,other,other,other,other,other,other
1143,subgenre-theme,novela histórica,other,2000,word,tfidf,8,nh0136,other,other,other,other,other,other,other,other,other,other,other
1144,subgenre-theme,novela histórica,other,2000,word,tfidf,8,nh0137,other,other,other,other,other,other,novela histórica,other,other,other,other
1145,subgenre-theme,novela histórica,other,2000,word,tfidf,8,nh0139,novela histórica,novela histórica,novela histórica,novela histórica,novela histórica,novela histórica,novela histórica,novela histórica,novela histórica,novela histórica,novela histórica
1146,subgenre-theme,novela histórica,other,2000,word,tfidf,8,nh0140,other,other,other,other,other,other,other,other,other,other,other
1147,subgenre-theme,novela histórica,other,2000,word,tfidf,8,nh0142,novela histórica,novela histórica,novela histórica,novela histórica,novela histórica,novela histórica,novela histórica,novela histórica,novela histórica,novela histórica,novela histórica
1148,subgenre-theme,novela histórica,other,2000,word,tfidf,8,nh0143,novela histórica,novela histórica,novela histórica,novela histórica,novela histórica,novela histórica,novela histórica,novela histórica,novela histórica,novela histórica,novela histórica
1149,subgenre-theme,novela histórica,other,2000,word,tfidf,8,nh0149,novela histórica,novela histórica,novela histórica,novela histórica,novela histórica,novela histórica,novela histórica,novela histórica,novela histórica,novela histórica,novela histórica
1150,subgenre-theme,novela histórica,other,2000,word,tfidf,8,nh0150,novela histórica,novela histórica,novela histórica,novela histórica,novela histórica,novela histórica,other,novela histórica,novela histórica,novela histórica,novela histórica
1151,subgenre-theme,novela histórica,other,2000,word,tfidf,8,nh0152,novela histórica,novela histórica,novela histórica,novela histórica,novela histórica,novela histórica,novela histórica,novela histórica,novela histórica,novela histórica,novela histórica
1152,subgenre-theme,novela histórica,other,2000,word,tfidf,8,nh0155,other,other,other,other,other,other,other,other,other,other,other
1153,subgenre-theme,novela histórica,other,2000,word,tfidf,8,nh0157,other,other,other,other,other,other,other,other,other,other,other
1154,subgenre-theme,novela histórica,other,2000,word,tfidf,8,nh0158,novela histórica,novela histórica,novela histórica,novela histórica,novela histórica,novela histórica,novela histórica,novela histórica,novela histórica,novela histórica,novela histórica
1155,subgenre-theme,novela histórica,other,2000,word,tfidf,8,nh0159,novela histórica,novela histórica,novela histórica,novela histórica,novela histórica,novela histórica,novela histórica,novela histórica,novela histórica,novela histórica,novela histórica
1156,subgenre-theme,novela histórica,other,2000,word,tfidf,8,nh0160,novela histórica,novela histórica,novela histórica,novela histórica,novela histórica,novela histórica,novela histórica,novela histórica,novela histórica,novela histórica,novela histórica
1157,subgenre-theme,novela histórica,other,2000,word,tfidf,8,nh0161,novela histórica,novela histórica,novela histórica,novela histórica,novela histórica,novela histórica,novela histórica,novela histórica,novela histórica,novela histórica,novela histórica
1158,subgenre-theme,novela histórica,other,2000,word,tfidf,8,nh0162,other,other,other,other,other,other,other,other,other,other,other
1159,subgenre-theme,novela histórica,other,2000,word,tfidf,8,nh0163,other,other,other,other,other,other,other,other,other,other,other
1160,subgenre-theme,novela histórica,other,2000,word,tfidf,8,nh0165,novela histórica,novela histórica,novela histórica,novela histórica,novela histórica,novela histórica,novela histórica,other,novela histórica,novela histórica,novela histórica
1161,subgenre-theme,novela histórica,other,2000,word,tfidf,8,nh0166,novela histórica,novela histórica,novela histórica,novela histórica,novela histórica,novela histórica,novela histórica,novela histórica,novela histórica,novela histórica,novela histórica
1162,subgenre-theme,novela histórica,other,2000,word,tfidf,8,nh0168,novela histórica,novela histórica,novela histórica,novela histórica,novela histórica,novela histórica,novela histórica,novela histórica,novela histórica,novela histórica,novela histórica
1163,subgenre-theme,novela histórica,other,2000,word,tfidf,8,nh0169,novela histórica,novela histórica,novela histórica,novela histórica,novela histórica,novela histórica,novela histórica,novela histórica,other,novela histórica,novela histórica
1164,subgenre-theme,novela histórica,other,2000,word,tfidf,8,nh0172,other,other,other,other,other,other,other,other,other,other,other
1165,subgenre-theme,novela histórica,other,2000,word,tfidf,8,nh0173,other,other,other,other,other,other,other,other,other,other,other
1166,subgenre-theme,novela histórica,other,2000,word,tfidf,8,nh0174,other,other,other,other,other,other,other,other,other,other,other
1167,subgenre-theme,novela histórica,other,2000,word,tfidf,8,nh0176,novela histórica,novela histórica,novela histórica,novela histórica,novela histórica,novela histórica,novela histórica,novela histórica,novela histórica,novela histórica,novela histórica
1168,subgenre-theme,novela histórica,other,2000,word,tfidf,8,nh0180,novela histórica,novela histórica,novela histórica,novela histórica,novela histórica,novela histórica,novela histórica,novela histórica,novela histórica,novela histórica,novela histórica
1169,subgenre-theme,novela histórica,other,2000,word,tfidf,8,nh0181,novela histórica,novela histórica,novela histórica,novela histórica,novela histórica,novela histórica,novela histórica,novela histórica,novela histórica,novela histórica,novela histórica
1170,subgenre-theme,novela histórica,other,2000,word,tfidf,8,nh0182,novela histórica,novela histórica,novela histórica,novela histórica,novela histórica,novela histórica,novela histórica,novela histórica,novela histórica,novela histórica,novela histórica
1171,subgenre-theme,novela histórica,other,2000,word,tfidf,8,nh0183,other,other,other,other,other,other,other,other,other,other,other
1172,subgenre-theme,novela histórica,other,2000,word,tfidf,8,nh0184,novela histórica,novela histórica,novela histórica,novela histórica,novela histórica,novela histórica,novela histórica,novela histórica,novela histórica,novela histórica,novela histórica
1173,subgenre-theme,novela histórica,other,2000,word,tfidf,8,nh0189,other,other,other,other,other,other,other,other,other,other,other
1174,subgenre-theme,novela histórica,other,2000,word,tfidf,8,nh0192,other,other,other,other,other,other,other,other,other,other,other
1175,subgenre-theme,novela histórica,other,2000,word,tfidf,8,nh0196,novela histórica,novela histórica,novela histórica,novela histórica,novela histórica,novela histórica,novela histórica,novela histórica,novela histórica,novela histórica,novela histórica
1176,subgenre-theme,novela histórica,other,2000,word,tfidf,8,nh0197,other,other,other,other,other,other,other,other,other,other,other
1177,subgenre-theme,novela histórica,other,2000,word,tfidf,8,nh0199,other,other,other,other,other,other,other,other,other,other,other
1178,subgenre-theme,novela histórica,other,2000,word,tfidf,8,nh0201,other,other,other,other,other,other,other,other,other,other,other
1179,subgenre-theme,novela histórica,other,2000,word,tfidf,8,nh0203,novela histórica,novela histórica,novela histórica,novela histórica,novela histórica,novela histórica,novela histórica,novela histórica,novela histórica,novela histórica,novela histórica
1180,subgenre-theme,novela histórica,other,2000,word,tfidf,8,nh0207,other,other,other,other,other,other,other,other,other,other,other
1181,subgenre-theme,novela histórica,other,2000,word,tfidf,8,nh0208,novela histórica,novela histórica,novela histórica,novela histórica,novela histórica,novela histórica,novela histórica,novela histórica,novela histórica,novela histórica,novela histórica
1182,subgenre-theme,novela histórica,other,2000,word,tfidf,8,nh0210,novela histórica,novela histórica,novela histórica,novela histórica,novela histórica,novela histórica,novela histórica,novela histórica,novela histórica,other,novela histórica
1183,subgenre-theme,novela histórica,other,2000,word,tfidf,8,nh0212,other,other,other,other,other,other,other,other,other,other,other
1184,subgenre-theme,novela histórica,other,2000,word,tfidf,8,nh0213,other,other,other,other,other,other,other,other,other,novela histórica,other
1185,subgenre-theme,novela histórica,other,2000,word,tfidf,8,nh0217,other,other,other,other,other,other,other,other,other,other,other
1186,subgenre-theme,novela histórica,other,2000,word,tfidf,8,nh0218,other,other,other,other,other,other,other,other,other,other,other
1187,subgenre-theme,novela histórica,other,2000,word,tfidf,8,nh0219,other,other,other,other,other,other,other,other,other,novela histórica,other
1188,subgenre-theme,novela histórica,other,2000,word,tfidf,8,nh0222,novela histórica,novela histórica,novela histórica,novela histórica,novela histórica,novela histórica,novela histórica,novela histórica,novela histórica,novela histórica,novela histórica
1189,subgenre-theme,novela histórica,other,2000,word,tfidf,8,nh0224,other,other,other,other,other,other,other,other,other,novela histórica,other
1190,subgenre-theme,novela histórica,other,2000,word,tfidf,8,nh0225,other,other,other,other,other,other,other,other,other,novela histórica,other
1191,subgenre-theme,novela histórica,other,2000,word,tfidf,8,nh0226,other,other,other,other,other,other,other,other,other,novela histórica,other
1192,subgenre-theme,novela histórica,other,2000,word,tfidf,8,nh0227,novela histórica,novela histórica,novela histórica,novela histórica,novela histórica,novela histórica,novela histórica,novela histórica,novela histórica,novela histórica,novela histórica
1193,subgenre-theme,novela histórica,other,2000,word,tfidf,8,nh0231,novela histórica,novela histórica,novela histórica,novela histórica,novela histórica,novela histórica,novela histórica,novela histórica,novela histórica,novela histórica,novela histórica
1194,subgenre-theme,novela histórica,other,2000,word,tfidf,8,nh0233,other,other,other,other,other,other,other,other,other,other,other
1195,subgenre-theme,novela histórica,other,2000,word,tfidf,8,nh0235,other,other,other,other,other,other,other,other,other,other,other
1196,subgenre-theme,novela histórica,other,2000,word,tfidf,8,nh0237,other,other,other,other,other,other,other,other,other,other,other
1197,subgenre-theme,novela histórica,other,2000,word,tfidf,8,nh0239,other,other,other,other,other,other,other,other,other,other,novela histórica
1198,subgenre-theme,novela histórica,other,2000,word,tfidf,8,nh0240,other,other,other,other,other,other,other,other,other,other,other
1199,subgenre-theme,novela histórica,other,2000,word,tfidf,8,nh0243,novela histórica,novela histórica,novela histórica,novela histórica,novela histórica,novela histórica,novela histórica,novela histórica,novela histórica,novela histórica,novela histórica
1200,subgenre-theme,novela histórica,other,2000,word,tfidf,8,nh0245,other,other,other,other,other,other,other,other,other,other,other
1201,subgenre-theme,novela histórica,other,2000,word,tfidf,8,nh0247,novela histórica,novela histórica,novela histórica,novela histórica,novela histórica,novela histórica,novela histórica,novela histórica,novela histórica,novela histórica,novela histórica
1202,subgenre-theme,novela histórica,other,2000,word,tfidf,8,nh0248,novela histórica,novela histórica,novela histórica,novela histórica,novela histórica,novela histórica,novela histórica,novela histórica,novela histórica,novela histórica,other
1203,subgenre-theme,novela histórica,other,2000,word,tfidf,8,nh0249,novela histórica,novela histórica,novela histórica,novela histórica,novela histórica,novela histórica,novela histórica,novela histórica,novela histórica,novela histórica,novela histórica
1204,subgenre-theme,novela histórica,other,2000,word,tfidf,8,nh0252,other,other,other,other,other,other,other,other,other,other,other
1205,subgenre-theme,novela histórica,other,2000,word,tfidf,8,nh0253,novela histórica,novela histórica,novela histórica,novela histórica,novela histórica,novela histórica,novela histórica,novela histórica,novela histórica,novela histórica,other
1206,subgenre-theme,novela histórica,other,2000,word,tfidf,9,nh0001,other,other,other,other,other,other,other,other,other,other,other
1207,subgenre-theme,novela histórica,other,2000,word,tfidf,9,nh0002,other,other,other,other,other,other,other,other,other,other,other
1208,subgenre-theme,novela histórica,other,2000,word,tfidf,9,nh0003,other,other,other,other,other,other,other,other,other,other,other
1209,subgenre-theme,novela histórica,other,2000,word,tfidf,9,nh0004,novela histórica,novela histórica,novela histórica,novela histórica,novela histórica,novela histórica,novela histórica,novela histórica,novela histórica,novela histórica,novela histórica
1210,subgenre-theme,novela histórica,other,2000,word,tfidf,9,nh0005,other,other,other,other,other,other,other,other,other,other,other
1211,subgenre-theme,novela histórica,other,2000,word,tfidf,9,nh0007,novela histórica,novela histórica,novela histórica,novela histórica,novela histórica,novela histórica,novela histórica,novela histórica,novela histórica,novela histórica,novela histórica
1212,subgenre-theme,novela histórica,other,2000,word,tfidf,9,nh0009,novela histórica,novela histórica,novela histórica,novela histórica,novela histórica,novela histórica,novela histórica,novela histórica,novela histórica,novela histórica,novela histórica
1213,subgenre-theme,novela histórica,other,2000,word,tfidf,9,nh0015,novela histórica,novela histórica,novela histórica,novela histórica,novela histórica,novela histórica,novela histórica,novela histórica,novela histórica,novela histórica,novela histórica
1214,subgenre-theme,novela histórica,other,2000,word,tfidf,9,nh0017,novela histórica,novela histórica,novela histórica,novela histórica,novela histórica,novela histórica,novela histórica,novela histórica,novela histórica,novela histórica,novela histórica
1215,subgenre-theme,novela histórica,other,2000,word,tfidf,9,nh0019,other,other,other,other,other,other,other,other,other,other,other
1216,subgenre-theme,novela histórica,other,2000,word,tfidf,9,nh0020,novela histórica,other,novela histórica,novela histórica,novela histórica,novela histórica,novela histórica,novela histórica,novela histórica,novela histórica,novela histórica
1217,subgenre-theme,novela histórica,other,2000,word,tfidf,9,nh0022,novela histórica,novela histórica,novela histórica,novela histórica,novela histórica,novela histórica,novela histórica,novela histórica,novela histórica,novela histórica,novela histórica
1218,subgenre-theme,novela histórica,other,2000,word,tfidf,9,nh0024,other,other,other,other,other,other,other,other,other,other,other
1219,subgenre-theme,novela histórica,other,2000,word,tfidf,9,nh0025,novela histórica,novela histórica,novela histórica,novela histórica,novela histórica,novela histórica,novela histórica,novela histórica,novela histórica,novela histórica,novela histórica
1220,subgenre-theme,novela histórica,other,2000,word,tfidf,9,nh0026,novela histórica,novela histórica,novela histórica,novela histórica,novela histórica,novela histórica,novela histórica,novela histórica,novela histórica,novela histórica,novela histórica
1221,subgenre-theme,novela histórica,other,2000,word,tfidf,9,nh0035,novela histórica,novela histórica,novela histórica,novela histórica,novela histórica,novela histórica,novela histórica,novela histórica,novela histórica,novela histórica,novela histórica
1222,subgenre-theme,novela histórica,other,2000,word,tfidf,9,nh0036,other,novela histórica,other,other,other,other,other,other,other,other,other
1223,subgenre-theme,novela histórica,other,2000,word,tfidf,9,nh0037,novela histórica,novela histórica,novela histórica,novela histórica,novela histórica,novela histórica,novela histórica,novela histórica,novela histórica,novela histórica,novela histórica
1224,subgenre-theme,novela histórica,other,2000,word,tfidf,9,nh0039,other,other,other,other,other,other,other,other,other,other,other
1225,subgenre-theme,novela histórica,other,2000,word,tfidf,9,nh0040,novela histórica,novela histórica,novela histórica,novela histórica,novela histórica,novela histórica,novela histórica,novela histórica,novela histórica,novela histórica,novela histórica
1226,subgenre-theme,novela histórica,other,2000,word,tfidf,9,nh0041,novela histórica,novela histórica,novela histórica,novela histórica,novela histórica,novela histórica,novela histórica,novela histórica,novela histórica,novela histórica,novela histórica
1227,subgenre-theme,novela histórica,other,2000,word,tfidf,9,nh0043,other,other,other,other,other,other,other,other,other,other,other
1228,subgenre-theme,novela histórica,other,2000,word,tfidf,9,nh0046,other,other,other,other,other,other,other,other,other,other,other
1229,subgenre-theme,novela histórica,other,2000,word,tfidf,9,nh0049,novela histórica,novela histórica,novela histórica,novela histórica,novela histórica,novela histórica,novela histórica,novela histórica,novela histórica,novela histórica,novela histórica
1230,subgenre-theme,novela histórica,other,2000,word,tfidf,9,nh0050,other,other,other,other,other,other,other,other,other,other,other
1231,subgenre-theme,novela histórica,other,2000,word,tfidf,9,nh0053,other,other,other,other,other,other,other,other,other,other,other
1232,subgenre-theme,novela histórica,other,2000,word,tfidf,9,nh0054,novela histórica,novela histórica,novela histórica,novela histórica,novela histórica,novela histórica,novela histórica,novela histórica,novela histórica,novela histórica,novela histórica
1233,subgenre-theme,novela histórica,other,2000,word,tfidf,9,nh0055,novela histórica,novela histórica,novela histórica,novela histórica,novela histórica,novela histórica,novela histórica,novela histórica,novela histórica,novela histórica,novela histórica
1234,subgenre-theme,novela histórica,other,2000,word,tfidf,9,nh0056,novela histórica,novela histórica,novela histórica,novela histórica,novela histórica,novela histórica,novela histórica,novela histórica,novela histórica,novela histórica,novela histórica
1235,subgenre-theme,novela histórica,other,2000,word,tfidf,9,nh0057,other,other,other,other,other,other,other,other,other,other,other
1236,subgenre-theme,novela histórica,other,2000,word,tfidf,9,nh0058,other,other,other,other,other,other,other,other,other,other,other
1237,subgenre-theme,novela histórica,other,2000,word,tfidf,9,nh0061,other,other,other,novela histórica,other,other,other,other,other,other,other
1238,subgenre-theme,novela histórica,other,2000,word,tfidf,9,nh0064,novela histórica,novela histórica,novela histórica,novela histórica,novela histórica,novela histórica,novela histórica,novela histórica,novela histórica,novela histórica,novela histórica
1239,subgenre-theme,novela histórica,other,2000,word,tfidf,9,nh0066,other,other,other,other,other,other,other,other,other,other,other
1240,subgenre-theme,novela histórica,other,2000,word,tfidf,9,nh0067,other,other,other,other,other,other,other,other,other,other,other
1241,subgenre-theme,novela histórica,other,2000,word,tfidf,9,nh0068,other,other,other,other,other,other,other,other,other,other,other
1242,subgenre-theme,novela histórica,other,2000,word,tfidf,9,nh0069,novela histórica,novela histórica,novela histórica,novela histórica,novela histórica,novela histórica,novela histórica,novela histórica,novela histórica,novela histórica,novela histórica
1243,subgenre-theme,novela histórica,other,2000,word,tfidf,9,nh0071,other,other,other,other,other,other,other,other,other,other,other
1244,subgenre-theme,novela histórica,other,2000,word,tfidf,9,nh0072,other,other,other,novela histórica,other,other,other,other,other,other,other
1245,subgenre-theme,novela histórica,other,2000,word,tfidf,9,nh0078,other,other,other,other,other,other,other,other,other,other,other
1246,subgenre-theme,novela histórica,other,2000,word,tfidf,9,nh0079,other,other,other,other,other,other,other,other,other,other,other
1247,subgenre-theme,novela histórica,other,2000,word,tfidf,9,nh0081,novela histórica,novela histórica,novela histórica,other,novela histórica,novela histórica,novela histórica,novela histórica,novela histórica,novela histórica,novela histórica
1248,subgenre-theme,novela histórica,other,2000,word,tfidf,9,nh0082,other,other,other,other,other,other,other,other,other,other,other
1249,subgenre-theme,novela histórica,other,2000,word,tfidf,9,nh0083,other,other,other,other,other,other,other,other,other,other,other
1250,subgenre-theme,novela histórica,other,2000,word,tfidf,9,nh0084,novela histórica,novela histórica,novela histórica,novela histórica,novela histórica,novela histórica,novela histórica,novela histórica,novela histórica,novela histórica,novela histórica
1251,subgenre-theme,novela histórica,other,2000,word,tfidf,9,nh0085,other,other,other,other,novela histórica,other,other,other,other,other,other
1252,subgenre-theme,novela histórica,other,2000,word,tfidf,9,nh0086,novela histórica,novela histórica,novela histórica,novela histórica,novela histórica,novela histórica,novela histórica,novela histórica,novela histórica,novela histórica,novela histórica
1253,subgenre-theme,novela histórica,other,2000,word,tfidf,9,nh0088,other,other,other,other,other,other,other,other,other,other,other
1254,subgenre-theme,novela histórica,other,2000,word,tfidf,9,nh0089,other,other,other,other,other,other,other,other,other,other,other
1255,subgenre-theme,novela histórica,other,2000,word,tfidf,9,nh0091,novela histórica,novela histórica,novela histórica,novela histórica,other,novela histórica,novela histórica,novela histórica,novela histórica,novela histórica,novela histórica
1256,subgenre-theme,novela histórica,other,2000,word,tfidf,9,nh0092,other,other,other,other,other,other,other,other,other,other,other
1257,subgenre-theme,novela histórica,other,2000,word,tfidf,9,nh0094,novela histórica,novela histórica,novela histórica,novela histórica,novela histórica,novela histórica,novela histórica,novela histórica,novela histórica,novela histórica,novela histórica
1258,subgenre-theme,novela histórica,other,2000,word,tfidf,9,nh0095,other,other,other,other,other,other,other,other,other,other,other
1259,subgenre-theme,novela histórica,other,2000,word,tfidf,9,nh0097,novela histórica,novela histórica,novela histórica,novela histórica,novela histórica,novela histórica,novela histórica,novela histórica,novela histórica,novela histórica,novela histórica
1260,subgenre-theme,novela histórica,other,2000,word,tfidf,9,nh0098,other,other,other,other,other,other,other,other,other,other,other
1261,subgenre-theme,novela histórica,other,2000,word,tfidf,9,nh0100,novela histórica,novela histórica,novela histórica,novela histórica,other,novela histórica,novela histórica,novela histórica,novela histórica,novela histórica,novela histórica
1262,subgenre-theme,novela histórica,other,2000,word,tfidf,9,nh0103,novela histórica,novela histórica,novela histórica,novela histórica,other,novela histórica,novela histórica,novela histórica,novela histórica,novela histórica,novela histórica
1263,subgenre-theme,novela histórica,other,2000,word,tfidf,9,nh0104,other,other,other,other,other,other,other,other,other,other,other
1264,subgenre-theme,novela histórica,other,2000,word,tfidf,9,nh0106,novela histórica,novela histórica,novela histórica,novela histórica,novela histórica,novela histórica,novela histórica,novela histórica,novela histórica,novela histórica,novela histórica
1265,subgenre-theme,novela histórica,other,2000,word,tfidf,9,nh0107,novela histórica,novela histórica,novela histórica,novela histórica,novela histórica,novela histórica,novela histórica,novela histórica,novela histórica,novela histórica,novela histórica
1266,subgenre-theme,novela histórica,other,2000,word,tfidf,9,nh0108,novela histórica,novela histórica,novela histórica,novela histórica,novela histórica,other,novela histórica,novela histórica,novela histórica,novela histórica,novela histórica
1267,subgenre-theme,novela histórica,other,2000,word,tfidf,9,nh0109,other,other,other,other,other,other,other,other,other,other,other
1268,subgenre-theme,novela histórica,other,2000,word,tfidf,9,nh0111,novela histórica,novela histórica,novela histórica,novela histórica,novela histórica,novela histórica,novela histórica,novela histórica,novela histórica,novela histórica,novela histórica
1269,subgenre-theme,novela histórica,other,2000,word,tfidf,9,nh0112,other,other,other,other,other,other,other,other,other,other,other
1270,subgenre-theme,novela histórica,other,2000,word,tfidf,9,nh0115,novela histórica,novela histórica,novela histórica,novela histórica,novela histórica,novela histórica,novela histórica,novela histórica,novela histórica,novela histórica,novela histórica
1271,subgenre-theme,novela histórica,other,2000,word,tfidf,9,nh0116,novela histórica,novela histórica,novela histórica,novela histórica,novela histórica,novela histórica,novela histórica,novela histórica,novela histórica,novela histórica,novela histórica
1272,subgenre-theme,novela histórica,other,2000,word,tfidf,9,nh0117,novela histórica,novela histórica,novela histórica,novela histórica,novela histórica,novela histórica,novela histórica,novela histórica,novela histórica,novela histórica,novela histórica
1273,subgenre-theme,novela histórica,other,2000,word,tfidf,9,nh0119,other,other,other,other,other,other,other,other,other,other,other
1274,subgenre-theme,novela histórica,other,2000,word,tfidf,9,nh0120,other,other,other,other,other,novela histórica,other,other,other,other,other
1275,subgenre-theme,novela histórica,other,2000,word,tfidf,9,nh0122,novela histórica,novela histórica,novela histórica,novela histórica,novela histórica,novela histórica,novela histórica,novela histórica,novela histórica,novela histórica,novela histórica
1276,subgenre-theme,novela histórica,other,2000,word,tfidf,9,nh0125,novela histórica,novela histórica,novela histórica,novela histórica,novela histórica,novela histórica,novela histórica,novela histórica,novela histórica,novela histórica,novela histórica
1277,subgenre-theme,novela histórica,other,2000,word,tfidf,9,nh0129,other,other,other,other,other,other,other,other,other,other,other
1278,subgenre-theme,novela histórica,other,2000,word,tfidf,9,nh0130,other,other,other,other,other,other,other,other,other,other,other
1279,subgenre-theme,novela histórica,other,2000,word,tfidf,9,nh0136,other,other,other,other,other,other,other,other,other,other,other
1280,subgenre-theme,novela histórica,other,2000,word,tfidf,9,nh0139,novela histórica,novela histórica,novela histórica,novela histórica,novela histórica,novela histórica,novela histórica,novela histórica,novela histórica,novela histórica,novela histórica
1281,subgenre-theme,novela histórica,other,2000,word,tfidf,9,nh0142,novela histórica,novela histórica,novela histórica,novela histórica,novela histórica,novela histórica,novela histórica,novela histórica,novela histórica,novela histórica,novela histórica
1282,subgenre-theme,novela histórica,other,2000,word,tfidf,9,nh0143,novela histórica,novela histórica,novela histórica,novela histórica,novela histórica,novela histórica,novela histórica,novela histórica,novela histórica,novela histórica,novela histórica
1283,subgenre-theme,novela histórica,other,2000,word,tfidf,9,nh0144,other,other,other,other,other,other,other,other,other,other,other
1284,subgenre-theme,novela histórica,other,2000,word,tfidf,9,nh0148,other,other,other,other,other,other,other,other,other,other,other
1285,subgenre-theme,novela histórica,other,2000,word,tfidf,9,nh0149,novela histórica,novela histórica,novela histórica,novela histórica,novela histórica,novela histórica,novela histórica,novela histórica,novela histórica,novela histórica,novela histórica
1286,subgenre-theme,novela histórica,other,2000,word,tfidf,9,nh0150,novela histórica,novela histórica,novela histórica,novela histórica,novela histórica,novela histórica,novela histórica,other,novela histórica,novela histórica,novela histórica
1287,subgenre-theme,novela histórica,other,2000,word,tfidf,9,nh0151,other,other,other,other,other,other,other,other,other,other,other
1288,subgenre-theme,novela histórica,other,2000,word,tfidf,9,nh0152,novela histórica,novela histórica,novela histórica,novela histórica,novela histórica,novela histórica,novela histórica,novela histórica,novela histórica,novela histórica,novela histórica
1289,subgenre-theme,novela histórica,other,2000,word,tfidf,9,nh0156,other,other,other,other,other,other,other,other,other,other,other
1290,subgenre-theme,novela histórica,other,2000,word,tfidf,9,nh0157,other,other,other,other,other,other,other,other,other,other,other
1291,subgenre-theme,novela histórica,other,2000,word,tfidf,9,nh0158,novela histórica,novela histórica,novela histórica,novela histórica,novela histórica,novela histórica,novela histórica,novela histórica,novela histórica,novela histórica,novela histórica
1292,subgenre-theme,novela histórica,other,2000,word,tfidf,9,nh0159,novela histórica,novela histórica,novela histórica,novela histórica,novela histórica,novela histórica,novela histórica,novela histórica,novela histórica,novela histórica,novela histórica
1293,subgenre-theme,novela histórica,other,2000,word,tfidf,9,nh0160,novela histórica,novela histórica,novela histórica,novela histórica,novela histórica,novela histórica,novela histórica,novela histórica,novela histórica,novela histórica,novela histórica
1294,subgenre-theme,novela histórica,other,2000,word,tfidf,9,nh0161,novela histórica,novela histórica,novela histórica,novela histórica,novela histórica,novela histórica,novela histórica,novela histórica,novela histórica,novela histórica,novela histórica
1295,subgenre-theme,novela histórica,other,2000,word,tfidf,9,nh0162,other,other,other,other,other,other,other,other,other,other,other
1296,subgenre-theme,novela histórica,other,2000,word,tfidf,9,nh0164,other,other,other,other,other,other,other,other,other,other,other
1297,subgenre-theme,novela histórica,other,2000,word,tfidf,9,nh0165,novela histórica,novela histórica,novela histórica,novela histórica,novela histórica,novela histórica,novela histórica,novela histórica,novela histórica,novela histórica,novela histórica
1298,subgenre-theme,novela histórica,other,2000,word,tfidf,9,nh0166,novela histórica,novela histórica,novela histórica,novela histórica,novela histórica,novela histórica,novela histórica,novela histórica,novela histórica,novela histórica,novela histórica
1299,subgenre-theme,novela histórica,other,2000,word,tfidf,9,nh0168,novela histórica,novela histórica,novela histórica,novela histórica,novela histórica,novela histórica,novela histórica,novela histórica,novela histórica,novela histórica,novela histórica
1300,subgenre-theme,novela histórica,other,2000,word,tfidf,9,nh0169,novela histórica,novela histórica,novela histórica,novela histórica,novela histórica,novela histórica,novela histórica,novela histórica,novela histórica,novela histórica,novela histórica
1301,subgenre-theme,novela histórica,other,2000,word,tfidf,9,nh0170,other,other,other,other,other,other,other,novela histórica,other,other,other
1302,subgenre-theme,novela histórica,other,2000,word,tfidf,9,nh0171,other,other,other,other,other,other,other,other,other,other,other
1303,subgenre-theme,novela histórica,other,2000,word,tfidf,9,nh0173,other,other,other,other,other,other,other,other,other,other,other
1304,subgenre-theme,novela histórica,other,2000,word,tfidf,9,nh0176,novela histórica,novela histórica,novela histórica,novela histórica,novela histórica,novela histórica,novela histórica,novela histórica,novela histórica,novela histórica,novela histórica
1305,subgenre-theme,novela histórica,other,2000,word,tfidf,9,nh0179,other,other,other,other,other,other,other,other,other,other,other
1306,subgenre-theme,novela histórica,other,2000,word,tfidf,9,nh0180,novela histórica,novela histórica,novela histórica,novela histórica,novela histórica,novela histórica,novela histórica,novela histórica,novela histórica,novela histórica,novela histórica
1307,subgenre-theme,novela histórica,other,2000,word,tfidf,9,nh0181,novela histórica,novela histórica,novela histórica,novela histórica,novela histórica,novela histórica,novela histórica,novela histórica,novela histórica,novela histórica,novela histórica
1308,subgenre-theme,novela histórica,other,2000,word,tfidf,9,nh0182,novela histórica,novela histórica,novela histórica,novela histórica,novela histórica,novela histórica,novela histórica,novela histórica,novela histórica,novela histórica,novela histórica
1309,subgenre-theme,novela histórica,other,2000,word,tfidf,9,nh0184,novela histórica,novela histórica,novela histórica,novela histórica,novela histórica,novela histórica,novela histórica,novela histórica,novela histórica,novela histórica,novela histórica
1310,subgenre-theme,novela histórica,other,2000,word,tfidf,9,nh0185,other,other,other,other,other,other,other,other,other,other,other
1311,subgenre-theme,novela histórica,other,2000,word,tfidf,9,nh0188,other,other,other,other,other,other,other,other,other,other,other
1312,subgenre-theme,novela histórica,other,2000,word,tfidf,9,nh0191,other,other,other,other,other,other,other,other,novela histórica,other,other
1313,subgenre-theme,novela histórica,other,2000,word,tfidf,9,nh0196,novela histórica,novela histórica,novela histórica,novela histórica,novela histórica,novela histórica,novela histórica,novela histórica,novela histórica,novela histórica,novela histórica
1314,subgenre-theme,novela histórica,other,2000,word,tfidf,9,nh0199,other,other,other,other,other,other,other,other,other,other,other
1315,subgenre-theme,novela histórica,other,2000,word,tfidf,9,nh0200,other,other,other,other,other,other,other,other,other,other,other
1316,subgenre-theme,novela histórica,other,2000,word,tfidf,9,nh0203,novela histórica,novela histórica,novela histórica,novela histórica,novela histórica,novela histórica,novela histórica,novela histórica,novela histórica,novela histórica,novela histórica
1317,subgenre-theme,novela histórica,other,2000,word,tfidf,9,nh0204,other,other,other,other,other,other,other,other,other,other,other
1318,subgenre-theme,novela histórica,other,2000,word,tfidf,9,nh0206,other,other,other,other,other,other,other,other,other,other,other
1319,subgenre-theme,novela histórica,other,2000,word,tfidf,9,nh0208,novela histórica,novela histórica,novela histórica,novela histórica,novela histórica,novela histórica,novela histórica,novela histórica,novela histórica,novela histórica,novela histórica
1320,subgenre-theme,novela histórica,other,2000,word,tfidf,9,nh0209,other,other,other,other,other,other,other,other,other,other,other
1321,subgenre-theme,novela histórica,other,2000,word,tfidf,9,nh0210,novela histórica,novela histórica,novela histórica,novela histórica,novela histórica,novela histórica,novela histórica,novela histórica,novela histórica,novela histórica,novela histórica
1322,subgenre-theme,novela histórica,other,2000,word,tfidf,9,nh0212,other,other,other,other,other,other,other,other,other,other,other
1323,subgenre-theme,novela histórica,other,2000,word,tfidf,9,nh0215,other,other,other,other,other,other,other,other,other,other,other
1324,subgenre-theme,novela histórica,other,2000,word,tfidf,9,nh0216,other,other,other,other,other,other,other,other,other,other,other
1325,subgenre-theme,novela histórica,other,2000,word,tfidf,9,nh0221,other,other,other,other,other,other,other,other,other,other,other
1326,subgenre-theme,novela histórica,other,2000,word,tfidf,9,nh0222,novela histórica,novela histórica,novela histórica,novela histórica,novela histórica,novela histórica,novela histórica,novela histórica,novela histórica,novela histórica,novela histórica
1327,subgenre-theme,novela histórica,other,2000,word,tfidf,9,nh0226,other,other,other,other,other,other,other,other,other,other,novela histórica
1328,subgenre-theme,novela histórica,other,2000,word,tfidf,9,nh0227,novela histórica,novela histórica,novela histórica,novela histórica,novela histórica,novela histórica,novela histórica,novela histórica,novela histórica,novela histórica,novela histórica
1329,subgenre-theme,novela histórica,other,2000,word,tfidf,9,nh0230,other,other,other,other,other,other,other,other,other,other,other
1330,subgenre-theme,novela histórica,other,2000,word,tfidf,9,nh0231,novela histórica,novela histórica,novela histórica,novela histórica,novela histórica,novela histórica,novela histórica,novela histórica,novela histórica,novela histórica,novela histórica
1331,subgenre-theme,novela histórica,other,2000,word,tfidf,9,nh0242,other,other,other,other,other,other,other,other,other,other,other
1332,subgenre-theme,novela histórica,other,2000,word,tfidf,9,nh0243,novela histórica,novela histórica,novela histórica,novela histórica,novela histórica,novela histórica,novela histórica,novela histórica,novela histórica,novela histórica,novela histórica
1333,subgenre-theme,novela histórica,other,2000,word,tfidf,9,nh0246,other,other,other,other,other,other,other,other,other,other,other
1334,subgenre-theme,novela histórica,other,2000,word,tfidf,9,nh0247,novela histórica,novela histórica,novela histórica,novela histórica,novela histórica,novela histórica,novela histórica,novela histórica,novela histórica,novela histórica,novela histórica
1335,subgenre-theme,novela histórica,other,2000,word,tfidf,9,nh0248,novela histórica,novela histórica,novela histórica,novela histórica,novela histórica,novela histórica,novela histórica,novela histórica,novela histórica,novela histórica,novela histórica
1336,subgenre-theme,novela histórica,other,2000,word,tfidf,9,nh0249,novela histórica,novela histórica,novela histórica,novela histórica,novela histórica,novela histórica,novela histórica,novela histórica,novela histórica,novela histórica,novela histórica
1337,subgenre-theme,novela histórica,other,2000,word,tfidf,9,nh0253,novela histórica,novela histórica,novela histórica,novela histórica,novela histórica,novela histórica,novela histórica,novela histórica,novela histórica,novela histórica,other
1338,subgenre-theme,novela histórica,other,2000,word,tfidf,9,nh0254,other,other,other,other,other,other,other,other,other,other,other
1339,subgenre-theme,novela histórica,other,2000,word,tfidf,9,nh0256,other,other,other,other,other,other,other,other,other,other,other
1340,subgenre-theme,novela sentimental,other,2000,word,tfidf,0,nh0002,other,other,other,other,other,other,other,other,other,other,other
1341,subgenre-theme,novela sentimental,other,2000,word,tfidf,0,nh0003,novela sentimental,novela sentimental,novela sentimental,novela sentimental,novela sentimental,novela sentimental,novela sentimental,novela sentimental,novela sentimental,novela sentimental,novela sentimental
1342,subgenre-theme,novela sentimental,other,2000,word,tfidf,0,nh0005,other,other,other,other,other,other,other,other,other,other,other
1343,subgenre-theme,novela sentimental,other,2000,word,tfidf,0,nh0006,novela sentimental,novela sentimental,novela sentimental,novela sentimental,novela sentimental,novela sentimental,novela sentimental,novela sentimental,novela sentimental,novela sentimental,novela sentimental
1344,subgenre-theme,novela sentimental,other,2000,word,tfidf,0,nh0009,other,other,other,other,other,other,other,other,other,other,other
1345,subgenre-theme,novela sentimental,other,2000,word,tfidf,0,nh0013,novela sentimental,novela sentimental,novela sentimental,novela sentimental,novela sentimental,novela sentimental,novela sentimental,novela sentimental,novela sentimental,novela sentimental,novela sentimental
1346,subgenre-theme,novela sentimental,other,2000,word,tfidf,0,nh0014,novela sentimental,novela sentimental,novela sentimental,novela sentimental,novela sentimental,novela sentimental,novela sentimental,novela sentimental,novela sentimental,novela sentimental,novela sentimental
1347,subgenre-theme,novela sentimental,other,2000,word,tfidf,0,nh0018,novela sentimental,novela sentimental,novela sentimental,novela sentimental,novela sentimental,novela sentimental,novela sentimental,novela sentimental,novela sentimental,novela sentimental,novela sentimental
1348,subgenre-theme,novela sentimental,other,2000,word,tfidf,0,nh0019,other,novela sentimental,other,other,other,other,other,other,other,other,other
1349,subgenre-theme,novela sentimental,other,2000,word,tfidf,0,nh0020,other,other,other,other,other,other,other,other,other,other,other
1350,subgenre-theme,novela sentimental,other,2000,word,tfidf,0,nh0021,novela sentimental,novela sentimental,novela sentimental,novela sentimental,novela sentimental,novela sentimental,novela sentimental,novela sentimental,novela sentimental,novela sentimental,novela sentimental
1351,subgenre-theme,novela sentimental,other,2000,word,tfidf,0,nh0022,other,other,other,other,other,other,other,other,other,other,other
1352,subgenre-theme,novela sentimental,other,2000,word,tfidf,0,nh0025,other,other,other,other,other,other,other,other,other,other,other
1353,subgenre-theme,novela sentimental,other,2000,word,tfidf,0,nh0026,other,other,other,other,other,other,other,other,other,other,other
1354,subgenre-theme,novela sentimental,other,2000,word,tfidf,0,nh0027,other,other,other,other,other,other,other,other,other,other,other
1355,subgenre-theme,novela sentimental,other,2000,word,tfidf,0,nh0029,other,other,other,other,other,other,other,other,other,other,other
1356,subgenre-theme,novela sentimental,other,2000,word,tfidf,0,nh0034,novela sentimental,novela sentimental,other,novela sentimental,novela sentimental,novela sentimental,novela sentimental,novela sentimental,novela sentimental,novela sentimental,novela sentimental
1357,subgenre-theme,novela sentimental,other,2000,word,tfidf,0,nh0037,other,other,other,other,other,other,other,other,other,other,other
1358,subgenre-theme,novela sentimental,other,2000,word,tfidf,0,nh0043,novela sentimental,novela sentimental,novela sentimental,novela sentimental,novela sentimental,novela sentimental,novela sentimental,novela sentimental,novela sentimental,novela sentimental,novela sentimental
1359,subgenre-theme,novela sentimental,other,2000,word,tfidf,0,nh0044,other,other,other,other,other,other,other,other,other,other,other
1360,subgenre-theme,novela sentimental,other,2000,word,tfidf,0,nh0045,novela sentimental,novela sentimental,novela sentimental,novela sentimental,novela sentimental,novela sentimental,novela sentimental,novela sentimental,novela sentimental,novela sentimental,novela sentimental
1361,subgenre-theme,novela sentimental,other,2000,word,tfidf,0,nh0047,other,other,other,other,other,other,other,other,other,other,other
1362,subgenre-theme,novela sentimental,other,2000,word,tfidf,0,nh0049,other,other,other,other,other,other,other,other,other,other,other
1363,subgenre-theme,novela sentimental,other,2000,word,tfidf,0,nh0052,other,other,other,novela sentimental,other,other,other,other,other,other,other
1364,subgenre-theme,novela sentimental,other,2000,word,tfidf,0,nh0053,other,other,other,other,other,other,other,other,other,other,other
1365,subgenre-theme,novela sentimental,other,2000,word,tfidf,0,nh0054,other,other,other,other,other,other,other,other,other,other,other
1366,subgenre-theme,novela sentimental,other,2000,word,tfidf,0,nh0059,other,other,other,other,other,other,other,other,other,other,other
1367,subgenre-theme,novela sentimental,other,2000,word,tfidf,0,nh0061,other,other,other,other,other,other,other,other,other,other,other
1368,subgenre-theme,novela sentimental,other,2000,word,tfidf,0,nh0068,novela sentimental,novela sentimental,other,novela sentimental,novela sentimental,novela sentimental,novela sentimental,novela sentimental,novela sentimental,novela sentimental,novela sentimental
1369,subgenre-theme,novela sentimental,other,2000,word,tfidf,0,nh0072,novela sentimental,novela sentimental,novela sentimental,other,novela sentimental,novela sentimental,novela sentimental,novela sentimental,novela sentimental,novela sentimental,novela sentimental
1370,subgenre-theme,novela sentimental,other,2000,word,tfidf,0,nh0076,novela sentimental,novela sentimental,novela sentimental,other,novela sentimental,novela sentimental,novela sentimental,novela sentimental,novela sentimental,novela sentimental,novela sentimental
1371,subgenre-theme,novela sentimental,other,2000,word,tfidf,0,nh0080,other,other,other,other,other,other,other,other,other,other,other
1372,subgenre-theme,novela sentimental,other,2000,word,tfidf,0,nh0081,other,other,other,other,other,other,other,other,other,other,other
1373,subgenre-theme,novela sentimental,other,2000,word,tfidf,0,nh0082,novela sentimental,novela sentimental,novela sentimental,novela sentimental,novela sentimental,novela sentimental,novela sentimental,novela sentimental,novela sentimental,novela sentimental,novela sentimental
1374,subgenre-theme,novela sentimental,other,2000,word,tfidf,0,nh0087,novela sentimental,novela sentimental,novela sentimental,novela sentimental,novela sentimental,novela sentimental,novela sentimental,novela sentimental,novela sentimental,novela sentimental,novela sentimental
1375,subgenre-theme,novela sentimental,other,2000,word,tfidf,0,nh0088,other,other,other,other,other,other,other,other,other,other,other
1376,subgenre-theme,novela sentimental,other,2000,word,tfidf,0,nh0089,novela sentimental,novela sentimental,novela sentimental,novela sentimental,novela sentimental,novela sentimental,novela sentimental,novela sentimental,novela sentimental,novela sentimental,novela sentimental
1377,subgenre-theme,novela sentimental,other,2000,word,tfidf,0,nh0091,other,other,other,other,other,other,other,other,other,other,other
1378,subgenre-theme,novela sentimental,other,2000,word,tfidf,0,nh0092,novela sentimental,novela sentimental,novela sentimental,novela sentimental,novela sentimental,novela sentimental,novela sentimental,novela sentimental,novela sentimental,novela sentimental,novela sentimental
1379,subgenre-theme,novela sentimental,other,2000,word,tfidf,0,nh0094,other,other,other,other,other,other,other,other,other,other,other
1380,subgenre-theme,novela sentimental,other,2000,word,tfidf,0,nh0095,other,other,other,other,other,novela sentimental,other,other,other,other,other
1381,subgenre-theme,novela sentimental,other,2000,word,tfidf,0,nh0096,novela sentimental,novela sentimental,novela sentimental,novela sentimental,novela sentimental,novela sentimental,novela sentimental,novela sentimental,novela sentimental,novela sentimental,novela sentimental
1382,subgenre-theme,novela sentimental,other,2000,word,tfidf,0,nh0097,other,other,other,other,other,other,other,other,other,other,other
1383,subgenre-theme,novela sentimental,other,2000,word,tfidf,0,nh0098,novela sentimental,novela sentimental,novela sentimental,novela sentimental,novela sentimental,novela sentimental,novela sentimental,novela sentimental,novela sentimental,novela sentimental,novela sentimental
1384,subgenre-theme,novela sentimental,other,2000,word,tfidf,0,nh0099,novela sentimental,novela sentimental,novela sentimental,novela sentimental,novela sentimental,novela sentimental,novela sentimental,novela sentimental,novela sentimental,novela sentimental,novela sentimental
1385,subgenre-theme,novela sentimental,other,2000,word,tfidf,0,nh0102,novela sentimental,novela sentimental,novela sentimental,novela sentimental,novela sentimental,novela sentimental,novela sentimental,novela sentimental,novela sentimental,novela sentimental,novela sentimental
1386,subgenre-theme,novela sentimental,other,2000,word,tfidf,0,nh0104,novela sentimental,novela sentimental,novela sentimental,novela sentimental,novela sentimental,novela sentimental,novela sentimental,novela sentimental,novela sentimental,novela sentimental,novela sentimental
1387,subgenre-theme,novela sentimental,other,2000,word,tfidf,0,nh0116,other,other,other,other,other,other,other,other,other,other,other
1388,subgenre-theme,novela sentimental,other,2000,word,tfidf,0,nh0119,novela sentimental,novela sentimental,novela sentimental,novela sentimental,novela sentimental,novela sentimental,novela sentimental,novela sentimental,novela sentimental,novela sentimental,novela sentimental
1389,subgenre-theme,novela sentimental,other,2000,word,tfidf,0,nh0123,novela sentimental,novela sentimental,novela sentimental,novela sentimental,novela sentimental,other,novela sentimental,novela sentimental,novela sentimental,novela sentimental,novela sentimental
1390,subgenre-theme,novela sentimental,other,2000,word,tfidf,0,nh0130,novela sentimental,novela sentimental,novela sentimental,novela sentimental,novela sentimental,other,novela sentimental,novela sentimental,novela sentimental,novela sentimental,novela sentimental
1391,subgenre-theme,novela sentimental,other,2000,word,tfidf,0,nh0132,novela sentimental,novela sentimental,novela sentimental,novela sentimental,novela sentimental,novela sentimental,novela sentimental,novela sentimental,novela sentimental,novela sentimental,novela sentimental
1392,subgenre-theme,novela sentimental,other,2000,word,tfidf,0,nh0136,novela sentimental,novela sentimental,novela sentimental,novela sentimental,novela sentimental,novela sentimental,novela sentimental,novela sentimental,novela sentimental,novela sentimental,novela sentimental
1393,subgenre-theme,novela sentimental,other,2000,word,tfidf,0,nh0137,other,other,other,other,other,other,other,other,other,other,other
1394,subgenre-theme,novela sentimental,other,2000,word,tfidf,0,nh0140,novela sentimental,novela sentimental,novela sentimental,novela sentimental,novela sentimental,novela sentimental,novela sentimental,novela sentimental,novela sentimental,novela sentimental,novela sentimental
1395,subgenre-theme,novela sentimental,other,2000,word,tfidf,0,nh0144,other,other,other,other,other,novela sentimental,other,other,other,other,other
1396,subgenre-theme,novela sentimental,other,2000,word,tfidf,0,nh0145,novela sentimental,novela sentimental,novela sentimental,novela sentimental,novela sentimental,novela sentimental,novela sentimental,novela sentimental,novela sentimental,novela sentimental,novela sentimental
1397,subgenre-theme,novela sentimental,other,2000,word,tfidf,0,nh0146,novela sentimental,novela sentimental,novela sentimental,novela sentimental,novela sentimental,novela sentimental,novela sentimental,novela sentimental,novela sentimental,novela sentimental,novela sentimental
1398,subgenre-theme,novela sentimental,other,2000,word,tfidf,0,nh0151,novela sentimental,novela sentimental,novela sentimental,novela sentimental,novela sentimental,novela sentimental,novela sentimental,novela sentimental,novela sentimental,novela sentimental,novela sentimental
1399,subgenre-theme,novela sentimental,other,2000,word,tfidf,0,nh0152,other,other,other,other,other,other,other,other,other,other,other
1400,subgenre-theme,novela sentimental,other,2000,word,tfidf,0,nh0154,novela sentimental,novela sentimental,novela sentimental,novela sentimental,novela sentimental,novela sentimental,novela sentimental,novela sentimental,novela sentimental,novela sentimental,novela sentimental
1401,subgenre-theme,novela sentimental,other,2000,word,tfidf,0,nh0156,novela sentimental,novela sentimental,novela sentimental,novela sentimental,novela sentimental,novela sentimental,novela sentimental,novela sentimental,novela sentimental,novela sentimental,novela sentimental
1402,subgenre-theme,novela sentimental,other,2000,word,tfidf,0,nh0157,other,other,other,other,other,other,novela sentimental,other,other,other,other
1403,subgenre-theme,novela sentimental,other,2000,word,tfidf,0,nh0162,novela sentimental,novela sentimental,novela sentimental,novela sentimental,novela sentimental,novela sentimental,novela sentimental,novela sentimental,novela sentimental,novela sentimental,novela sentimental
1404,subgenre-theme,novela sentimental,other,2000,word,tfidf,0,nh0164,other,other,other,other,other,other,novela sentimental,other,other,other,other
1405,subgenre-theme,novela sentimental,other,2000,word,tfidf,0,nh0165,other,other,other,other,other,other,other,other,other,other,other
1406,subgenre-theme,novela sentimental,other,2000,word,tfidf,0,nh0170,other,other,other,other,other,other,other,other,other,other,other
1407,subgenre-theme,novela sentimental,other,2000,word,tfidf,0,nh0171,novela sentimental,novela sentimental,novela sentimental,novela sentimental,novela sentimental,novela sentimental,novela sentimental,novela sentimental,novela sentimental,novela sentimental,novela sentimental
1408,subgenre-theme,novela sentimental,other,2000,word,tfidf,0,nh0173,other,other,other,other,other,other,novela sentimental,other,other,other,other
1409,subgenre-theme,novela sentimental,other,2000,word,tfidf,0,nh0175,other,other,other,other,other,other,other,novela sentimental,other,other,other
1410,subgenre-theme,novela sentimental,other,2000,word,tfidf,0,nh0176,other,other,other,other,other,other,other,other,other,other,other
1411,subgenre-theme,novela sentimental,other,2000,word,tfidf,0,nh0180,other,other,other,other,other,other,other,other,other,other,other
1412,subgenre-theme,novela sentimental,other,2000,word,tfidf,0,nh0181,other,other,other,other,other,other,other,other,other,other,other
1413,subgenre-theme,novela sentimental,other,2000,word,tfidf,0,nh0183,novela sentimental,novela sentimental,novela sentimental,novela sentimental,novela sentimental,novela sentimental,novela sentimental,novela sentimental,novela sentimental,novela sentimental,novela sentimental
1414,subgenre-theme,novela sentimental,other,2000,word,tfidf,0,nh0187,novela sentimental,novela sentimental,novela sentimental,novela sentimental,novela sentimental,novela sentimental,novela sentimental,other,novela sentimental,novela sentimental,novela sentimental
1415,subgenre-theme,novela sentimental,other,2000,word,tfidf,0,nh0188,novela sentimental,novela sentimental,novela sentimental,novela sentimental,novela sentimental,novela sentimental,novela sentimental,novela sentimental,novela sentimental,novela sentimental,novela sentimental
1416,subgenre-theme,novela sentimental,other,2000,word,tfidf,0,nh0192,other,other,other,other,other,other,other,other,other,other,other
1417,subgenre-theme,novela sentimental,other,2000,word,tfidf,0,nh0195,novela sentimental,novela sentimental,novela sentimental,novela sentimental,novela sentimental,novela sentimental,novela sentimental,novela sentimental,novela sentimental,novela sentimental,novela sentimental
1418,subgenre-theme,novela sentimental,other,2000,word,tfidf,0,nh0196,other,other,other,other,other,other,other,other,other,other,other
1419,subgenre-theme,novela sentimental,other,2000,word,tfidf,0,nh0202,novela sentimental,novela sentimental,novela sentimental,novela sentimental,novela sentimental,novela sentimental,novela sentimental,novela sentimental,other,novela sentimental,novela sentimental
1420,subgenre-theme,novela sentimental,other,2000,word,tfidf,0,nh0203,other,other,other,other,other,other,other,other,other,other,other
1421,subgenre-theme,novela sentimental,other,2000,word,tfidf,0,nh0207,novela sentimental,novela sentimental,novela sentimental,novela sentimental,novela sentimental,novela sentimental,novela sentimental,novela sentimental,novela sentimental,novela sentimental,novela sentimental
1422,subgenre-theme,novela sentimental,other,2000,word,tfidf,0,nh0208,other,other,other,other,other,other,other,other,other,other,other
1423,subgenre-theme,novela sentimental,other,2000,word,tfidf,0,nh0209,novela sentimental,novela sentimental,novela sentimental,novela sentimental,novela sentimental,novela sentimental,novela sentimental,novela sentimental,novela sentimental,novela sentimental,novela sentimental
1424,subgenre-theme,novela sentimental,other,2000,word,tfidf,0,nh0210,other,other,other,other,other,other,other,other,other,other,other
1425,subgenre-theme,novela sentimental,other,2000,word,tfidf,0,nh0212,novela sentimental,novela sentimental,novela sentimental,novela sentimental,novela sentimental,novela sentimental,novela sentimental,novela sentimental,other,novela sentimental,novela sentimental
1426,subgenre-theme,novela sentimental,other,2000,word,tfidf,0,nh0215,other,other,other,other,other,other,other,other,other,other,other
1427,subgenre-theme,novela sentimental,other,2000,word,tfidf,0,nh0216,novela sentimental,novela sentimental,novela sentimental,novela sentimental,novela sentimental,novela sentimental,novela sentimental,novela sentimental,novela sentimental,novela sentimental,novela sentimental
1428,subgenre-theme,novela sentimental,other,2000,word,tfidf,0,nh0218,novela sentimental,novela sentimental,novela sentimental,novela sentimental,novela sentimental,novela sentimental,novela sentimental,novela sentimental,novela sentimental,novela sentimental,novela sentimental
1429,subgenre-theme,novela sentimental,other,2000,word,tfidf,0,nh0219,novela sentimental,novela sentimental,novela sentimental,novela sentimental,novela sentimental,novela sentimental,novela sentimental,novela sentimental,novela sentimental,other,novela sentimental
1430,subgenre-theme,novela sentimental,other,2000,word,tfidf,0,nh0223,other,other,other,other,other,other,other,other,other,other,other
1431,subgenre-theme,novela sentimental,other,2000,word,tfidf,0,nh0225,other,other,other,other,other,other,other,other,other,other,other
1432,subgenre-theme,novela sentimental,other,2000,word,tfidf,0,nh0228,novela sentimental,novela sentimental,novela sentimental,novela sentimental,novela sentimental,novela sentimental,novela sentimental,novela sentimental,novela sentimental,novela sentimental,novela sentimental
1433,subgenre-theme,novela sentimental,other,2000,word,tfidf,0,nh0230,novela sentimental,novela sentimental,novela sentimental,novela sentimental,novela sentimental,novela sentimental,novela sentimental,novela sentimental,novela sentimental,other,novela sentimental
1434,subgenre-theme,novela sentimental,other,2000,word,tfidf,0,nh0232,other,other,other,other,other,other,other,other,other,novela sentimental,other
1435,subgenre-theme,novela sentimental,other,2000,word,tfidf,0,nh0233,novela sentimental,novela sentimental,novela sentimental,novela sentimental,novela sentimental,novela sentimental,novela sentimental,novela sentimental,novela sentimental,novela sentimental,novela sentimental
1436,subgenre-theme,novela sentimental,other,2000,word,tfidf,0,nh0234,other,other,other,other,other,other,other,other,other,other,other
1437,subgenre-theme,novela sentimental,other,2000,word,tfidf,0,nh0235,other,other,other,other,other,other,other,other,other,other,other
1438,subgenre-theme,novela sentimental,other,2000,word,tfidf,0,nh0237,novela sentimental,novela sentimental,novela sentimental,novela sentimental,novela sentimental,novela sentimental,novela sentimental,novela sentimental,novela sentimental,novela sentimental,novela sentimental
1439,subgenre-theme,novela sentimental,other,2000,word,tfidf,0,nh0238,other,other,other,other,other,other,other,other,other,other,novela sentimental
1440,subgenre-theme,novela sentimental,other,2000,word,tfidf,0,nh0239,other,other,other,other,other,other,other,other,other,other,other
1441,subgenre-theme,novela sentimental,other,2000,word,tfidf,0,nh0241,novela sentimental,novela sentimental,novela sentimental,novela sentimental,novela sentimental,novela sentimental,novela sentimental,novela sentimental,novela sentimental,novela sentimental,other
1442,subgenre-theme,novela sentimental,other,2000,word,tfidf,0,nh0244,other,other,other,other,other,other,other,other,other,other,other
1443,subgenre-theme,novela sentimental,other,2000,word,tfidf,0,nh0245,novela sentimental,novela sentimental,novela sentimental,novela sentimental,novela sentimental,novela sentimental,novela sentimental,novela sentimental,novela sentimental,novela sentimental,novela sentimental
1444,subgenre-theme,novela sentimental,other,2000,word,tfidf,0,nh0248,other,other,other,other,other,other,other,other,other,other,other
1445,subgenre-theme,novela sentimental,other,2000,word,tfidf,0,nh0250,novela sentimental,novela sentimental,novela sentimental,novela sentimental,novela sentimental,novela sentimental,novela sentimental,novela sentimental,novela sentimental,novela sentimental,novela sentimental
1446,subgenre-theme,novela sentimental,other,2000,word,tfidf,0,nh0251,novela sentimental,novela sentimental,novela sentimental,novela sentimental,novela sentimental,novela sentimental,novela sentimental,novela sentimental,novela sentimental,novela sentimental,novela sentimental
1447,subgenre-theme,novela sentimental,other,2000,word,tfidf,0,nh0252,novela sentimental,novela sentimental,novela sentimental,novela sentimental,novela sentimental,novela sentimental,novela sentimental,novela sentimental,novela sentimental,novela sentimental,novela sentimental
1448,subgenre-theme,novela sentimental,other,2000,word,tfidf,0,nh0253,other,other,other,other,other,other,other,other,other,other,other
1449,subgenre-theme,novela sentimental,other,2000,word,tfidf,0,nh0254,novela sentimental,novela sentimental,novela sentimental,novela sentimental,novela sentimental,novela sentimental,novela sentimental,novela sentimental,novela sentimental,novela sentimental,novela sentimental
1450,subgenre-theme,novela sentimental,other,2000,word,tfidf,1,nh0002,other,other,other,other,other,other,other,other,other,other,other
1451,subgenre-theme,novela sentimental,other,2000,word,tfidf,1,nh0003,novela sentimental,novela sentimental,novela sentimental,novela sentimental,novela sentimental,novela sentimental,novela sentimental,novela sentimental,novela sentimental,novela sentimental,novela sentimental
1452,subgenre-theme,novela sentimental,other,2000,word,tfidf,1,nh0004,other,other,other,other,other,other,other,other,other,other,other
1453,subgenre-theme,novela sentimental,other,2000,word,tfidf,1,nh0006,novela sentimental,novela sentimental,novela sentimental,novela sentimental,novela sentimental,novela sentimental,novela sentimental,novela sentimental,novela sentimental,novela sentimental,novela sentimental
1454,subgenre-theme,novela sentimental,other,2000,word,tfidf,1,nh0007,other,other,other,other,other,other,other,other,other,other,other
1455,subgenre-theme,novela sentimental,other,2000,word,tfidf,1,nh0009,other,other,other,other,other,other,other,other,other,other,other
1456,subgenre-theme,novela sentimental,other,2000,word,tfidf,1,nh0010,other,other,other,other,other,other,other,other,other,other,other
1457,subgenre-theme,novela sentimental,other,2000,word,tfidf,1,nh0013,novela sentimental,other,novela sentimental,novela sentimental,novela sentimental,novela sentimental,novela sentimental,novela sentimental,novela sentimental,novela sentimental,novela sentimental
1458,subgenre-theme,novela sentimental,other,2000,word,tfidf,1,nh0014,novela sentimental,novela sentimental,novela sentimental,novela sentimental,novela sentimental,novela sentimental,novela sentimental,novela sentimental,novela sentimental,novela sentimental,novela sentimental
1459,subgenre-theme,novela sentimental,other,2000,word,tfidf,1,nh0018,novela sentimental,novela sentimental,novela sentimental,novela sentimental,novela sentimental,novela sentimental,novela sentimental,novela sentimental,novela sentimental,novela sentimental,novela sentimental
1460,subgenre-theme,novela sentimental,other,2000,word,tfidf,1,nh0021,novela sentimental,novela sentimental,novela sentimental,novela sentimental,novela sentimental,novela sentimental,novela sentimental,novela sentimental,novela sentimental,novela sentimental,novela sentimental
1461,subgenre-theme,novela sentimental,other,2000,word,tfidf,1,nh0023,other,other,other,other,other,other,other,other,other,other,other
1462,subgenre-theme,novela sentimental,other,2000,word,tfidf,1,nh0026,other,other,other,other,other,other,other,other,other,other,other
1463,subgenre-theme,novela sentimental,other,2000,word,tfidf,1,nh0030,other,other,other,other,other,other,other,other,other,other,other
1464,subgenre-theme,novela sentimental,other,2000,word,tfidf,1,nh0033,other,other,other,other,other,other,other,other,other,other,other
1465,subgenre-theme,novela sentimental,other,2000,word,tfidf,1,nh0034,novela sentimental,novela sentimental,other,novela sentimental,novela sentimental,novela sentimental,novela sentimental,novela sentimental,novela sentimental,novela sentimental,novela sentimental
1466,subgenre-theme,novela sentimental,other,2000,word,tfidf,1,nh0039,other,other,other,other,other,other,other,other,other,other,other
1467,subgenre-theme,novela sentimental,other,2000,word,tfidf,1,nh0043,novela sentimental,novela sentimental,novela sentimental,novela sentimental,novela sentimental,novela sentimental,novela sentimental,novela sentimental,novela sentimental,novela sentimental,novela sentimental
1468,subgenre-theme,novela sentimental,other,2000,word,tfidf,1,nh0044,other,other,other,other,other,other,other,other,other,other,other
1469,subgenre-theme,novela sentimental,other,2000,word,tfidf,1,nh0045,novela sentimental,novela sentimental,other,novela sentimental,novela sentimental,novela sentimental,novela sentimental,novela sentimental,novela sentimental,novela sentimental,novela sentimental
1470,subgenre-theme,novela sentimental,other,2000,word,tfidf,1,nh0049,other,other,other,other,other,other,other,other,other,other,other
1471,subgenre-theme,novela sentimental,other,2000,word,tfidf,1,nh0050,other,other,other,other,other,other,other,other,other,other,other
1472,subgenre-theme,novela sentimental,other,2000,word,tfidf,1,nh0051,other,other,other,novela sentimental,other,other,other,other,other,other,other
1473,subgenre-theme,novela sentimental,other,2000,word,tfidf,1,nh0052,other,other,other,novela sentimental,other,other,other,other,other,other,other
1474,subgenre-theme,novela sentimental,other,2000,word,tfidf,1,nh0056,other,other,other,other,other,other,other,other,other,other,other
1475,subgenre-theme,novela sentimental,other,2000,word,tfidf,1,nh0068,novela sentimental,novela sentimental,other,novela sentimental,novela sentimental,novela sentimental,novela sentimental,novela sentimental,novela sentimental,novela sentimental,novela sentimental
1476,subgenre-theme,novela sentimental,other,2000,word,tfidf,1,nh0071,other,other,other,novela sentimental,other,other,other,other,other,other,other
1477,subgenre-theme,novela sentimental,other,2000,word,tfidf,1,nh0072,novela sentimental,novela sentimental,novela sentimental,other,novela sentimental,novela sentimental,novela sentimental,novela sentimental,novela sentimental,novela sentimental,novela sentimental
1478,subgenre-theme,novela sentimental,other,2000,word,tfidf,1,nh0076,novela sentimental,novela sentimental,novela sentimental,other,novela sentimental,novela sentimental,novela sentimental,novela sentimental,novela sentimental,novela sentimental,novela sentimental
1479,subgenre-theme,novela sentimental,other,2000,word,tfidf,1,nh0078,other,other,other,other,other,other,other,other,other,other,other
1480,subgenre-theme,novela sentimental,other,2000,word,tfidf,1,nh0082,novela sentimental,novela sentimental,novela sentimental,novela sentimental,novela sentimental,novela sentimental,novela sentimental,novela sentimental,novela sentimental,novela sentimental,novela sentimental
1481,subgenre-theme,novela sentimental,other,2000,word,tfidf,1,nh0087,novela sentimental,novela sentimental,novela sentimental,novela sentimental,novela sentimental,novela sentimental,novela sentimental,novela sentimental,novela sentimental,novela sentimental,novela sentimental
1482,subgenre-theme,novela sentimental,other,2000,word,tfidf,1,nh0088,other,other,other,other,other,other,other,other,other,other,other
1483,subgenre-theme,novela sentimental,other,2000,word,tfidf,1,nh0089,novela sentimental,novela sentimental,novela sentimental,novela sentimental,novela sentimental,novela sentimental,novela sentimental,novela sentimental,novela sentimental,novela sentimental,novela sentimental
1484,subgenre-theme,novela sentimental,other,2000,word,tfidf,1,nh0092,novela sentimental,novela sentimental,novela sentimental,novela sentimental,novela sentimental,novela sentimental,novela sentimental,novela sentimental,novela sentimental,novela sentimental,novela sentimental
1485,subgenre-theme,novela sentimental,other,2000,word,tfidf,1,nh0096,novela sentimental,novela sentimental,novela sentimental,novela sentimental,novela sentimental,novela sentimental,novela sentimental,novela sentimental,novela sentimental,novela sentimental,novela sentimental
1486,subgenre-theme,novela sentimental,other,2000,word,tfidf,1,nh0098,novela sentimental,novela sentimental,novela sentimental,novela sentimental,novela sentimental,novela sentimental,novela sentimental,novela sentimental,novela sentimental,novela sentimental,novela sentimental
1487,subgenre-theme,novela sentimental,other,2000,word,tfidf,1,nh0099,novela sentimental,novela sentimental,novela sentimental,novela sentimental,novela sentimental,novela sentimental,novela sentimental,novela sentimental,novela sentimental,novela sentimental,novela sentimental
1488,subgenre-theme,novela sentimental,other,2000,word,tfidf,1,nh0100,other,other,other,other,other,other,other,other,other,other,other
1489,subgenre-theme,novela sentimental,other,2000,word,tfidf,1,nh0102,novela sentimental,novela sentimental,novela sentimental,novela sentimental,novela sentimental,novela sentimental,novela sentimental,novela sentimental,novela sentimental,novela sentimental,novela sentimental
1490,subgenre-theme,novela sentimental,other,2000,word,tfidf,1,nh0104,novela sentimental,novela sentimental,novela sentimental,novela sentimental,novela sentimental,novela sentimental,novela sentimental,novela sentimental,novela sentimental,novela sentimental,novela sentimental
1491,subgenre-theme,novela sentimental,other,2000,word,tfidf,1,nh0108,other,other,other,other,other,other,other,other,other,other,other
1492,subgenre-theme,novela sentimental,other,2000,word,tfidf,1,nh0111,other,other,other,other,other,other,other,other,other,other,other
1493,subgenre-theme,novela sentimental,other,2000,word,tfidf,1,nh0119,novela sentimental,novela sentimental,novela sentimental,novela sentimental,novela sentimental,novela sentimental,novela sentimental,novela sentimental,novela sentimental,novela sentimental,novela sentimental
1494,subgenre-theme,novela sentimental,other,2000,word,tfidf,1,nh0121,other,other,other,other,other,other,other,other,other,other,other
1495,subgenre-theme,novela sentimental,other,2000,word,tfidf,1,nh0122,other,other,other,other,other,other,other,other,other,other,other
1496,subgenre-theme,novela sentimental,other,2000,word,tfidf,1,nh0123,novela sentimental,novela sentimental,novela sentimental,novela sentimental,novela sentimental,other,novela sentimental,novela sentimental,novela sentimental,novela sentimental,novela sentimental
1497,subgenre-theme,novela sentimental,other,2000,word,tfidf,1,nh0127,other,other,other,other,other,other,other,other,other,other,other
1498,subgenre-theme,novela sentimental,other,2000,word,tfidf,1,nh0130,novela sentimental,novela sentimental,novela sentimental,novela sentimental,novela sentimental,other,novela sentimental,novela sentimental,novela sentimental,novela sentimental,novela sentimental
1499,subgenre-theme,novela sentimental,other,2000,word,tfidf,1,nh0132,novela sentimental,novela sentimental,novela sentimental,novela sentimental,novela sentimental,novela sentimental,novela sentimental,novela sentimental,novela sentimental,novela sentimental,novela sentimental
1500,subgenre-theme,novela sentimental,other,2000,word,tfidf,1,nh0133,other,other,other,other,other,other,other,other,other,other,other
1501,subgenre-theme,novela sentimental,other,2000,word,tfidf,1,nh0136,novela sentimental,novela sentimental,novela sentimental,novela sentimental,novela sentimental,novela sentimental,novela sentimental,novela sentimental,novela sentimental,novela sentimental,novela sentimental
1502,subgenre-theme,novela sentimental,other,2000,word,tfidf,1,nh0137,other,other,other,other,other,other,other,other,other,other,other
1503,subgenre-theme,novela sentimental,other,2000,word,tfidf,1,nh0139,other,other,other,other,other,other,other,other,other,other,other
1504,subgenre-theme,novela sentimental,other,2000,word,tfidf,1,nh0140,novela sentimental,novela sentimental,novela sentimental,novela sentimental,novela sentimental,novela sentimental,novela sentimental,novela sentimental,novela sentimental,novela sentimental,novela sentimental
1505,subgenre-theme,novela sentimental,other,2000,word,tfidf,1,nh0142,other,other,other,other,other,other,other,other,other,other,other
1506,subgenre-theme,novela sentimental,other,2000,word,tfidf,1,nh0144,other,other,other,other,other,novela sentimental,other,other,other,other,other
1507,subgenre-theme,novela sentimental,other,2000,word,tfidf,1,nh0145,novela sentimental,novela sentimental,novela sentimental,novela sentimental,novela sentimental,novela sentimental,novela sentimental,novela sentimental,novela sentimental,novela sentimental,novela sentimental
1508,subgenre-theme,novela sentimental,other,2000,word,tfidf,1,nh0146,novela sentimental,novela sentimental,novela sentimental,novela sentimental,novela sentimental,novela sentimental,novela sentimental,novela sentimental,novela sentimental,novela sentimental,novela sentimental
1509,subgenre-theme,novela sentimental,other,2000,word,tfidf,1,nh0147,other,other,other,other,other,other,other,other,other,other,other
1510,subgenre-theme,novela sentimental,other,2000,word,tfidf,1,nh0151,novela sentimental,novela sentimental,novela sentimental,novela sentimental,novela sentimental,novela sentimental,novela sentimental,novela sentimental,novela sentimental,novela sentimental,novela sentimental
1511,subgenre-theme,novela sentimental,other,2000,word,tfidf,1,nh0152,other,other,other,other,other,other,other,other,other,other,other
1512,subgenre-theme,novela sentimental,other,2000,word,tfidf,1,nh0153,other,other,other,other,other,other,novela sentimental,other,other,other,other
1513,subgenre-theme,novela sentimental,other,2000,word,tfidf,1,nh0154,novela sentimental,novela sentimental,novela sentimental,novela sentimental,novela sentimental,novela sentimental,novela sentimental,novela sentimental,novela sentimental,novela sentimental,novela sentimental
1514,subgenre-theme,novela sentimental,other,2000,word,tfidf,1,nh0155,other,other,other,other,other,other,other,other,other,other,other
1515,subgenre-theme,novela sentimental,other,2000,word,tfidf,1,nh0156,novela sentimental,novela sentimental,novela sentimental,novela sentimental,novela sentimental,novela sentimental,novela sentimental,novela sentimental,novela sentimental,novela sentimental,novela sentimental
1516,subgenre-theme,novela sentimental,other,2000,word,tfidf,1,nh0161,other,other,other,other,other,other,other,other,other,other,other
1517,subgenre-theme,novela sentimental,other,2000,word,tfidf,1,nh0162,novela sentimental,novela sentimental,novela sentimental,novela sentimental,novela sentimental,novela sentimental,novela sentimental,novela sentimental,novela sentimental,novela sentimental,novela sentimental
1518,subgenre-theme,novela sentimental,other,2000,word,tfidf,1,nh0163,other,other,other,other,other,other,other,other,other,other,other
1519,subgenre-theme,novela sentimental,other,2000,word,tfidf,1,nh0167,other,other,other,other,other,other,other,novela sentimental,other,other,other
1520,subgenre-theme,novela sentimental,other,2000,word,tfidf,1,nh0168,other,other,other,other,other,other,other,other,other,other,other
1521,subgenre-theme,novela sentimental,other,2000,word,tfidf,1,nh0171,novela sentimental,novela sentimental,novela sentimental,novela sentimental,novela sentimental,novela sentimental,novela sentimental,novela sentimental,novela sentimental,novela sentimental,novela sentimental
1522,subgenre-theme,novela sentimental,other,2000,word,tfidf,1,nh0175,other,other,other,other,other,other,other,other,other,other,other
1523,subgenre-theme,novela sentimental,other,2000,word,tfidf,1,nh0177,other,other,other,other,other,other,other,other,other,other,other
1524,subgenre-theme,novela sentimental,other,2000,word,tfidf,1,nh0178,other,other,other,other,other,other,other,other,other,other,other
1525,subgenre-theme,novela sentimental,other,2000,word,tfidf,1,nh0181,other,other,other,other,other,other,other,other,other,other,other
1526,subgenre-theme,novela sentimental,other,2000,word,tfidf,1,nh0183,novela sentimental,novela sentimental,novela sentimental,novela sentimental,novela sentimental,novela sentimental,novela sentimental,novela sentimental,novela sentimental,novela sentimental,novela sentimental
1527,subgenre-theme,novela sentimental,other,2000,word,tfidf,1,nh0187,novela sentimental,novela sentimental,novela sentimental,novela sentimental,novela sentimental,novela sentimental,novela sentimental,other,novela sentimental,novela sentimental,novela sentimental
1528,subgenre-theme,novela sentimental,other,2000,word,tfidf,1,nh0188,novela sentimental,novela sentimental,novela sentimental,novela sentimental,novela sentimental,novela sentimental,novela sentimental,novela sentimental,novela sentimental,novela sentimental,novela sentimental
1529,subgenre-theme,novela sentimental,other,2000,word,tfidf,1,nh0189,other,other,other,other,other,other,other,other,novela sentimental,other,other
1530,subgenre-theme,novela sentimental,other,2000,word,tfidf,1,nh0191,other,other,other,other,other,other,other,other,other,other,other
1531,subgenre-theme,novela sentimental,other,2000,word,tfidf,1,nh0195,novela sentimental,novela sentimental,novela sentimental,novela sentimental,novela sentimental,novela sentimental,novela sentimental,novela sentimental,novela sentimental,novela sentimental,novela sentimental
1532,subgenre-theme,novela sentimental,other,2000,word,tfidf,1,nh0196,other,other,other,other,other,other,other,other,other,other,other
1533,subgenre-theme,novela sentimental,other,2000,word,tfidf,1,nh0198,other,other,other,other,other,other,other,other,other,other,other
1534,subgenre-theme,novela sentimental,other,2000,word,tfidf,1,nh0199,other,other,other,other,other,other,other,other,other,other,other
1535,subgenre-theme,novela sentimental,other,2000,word,tfidf,1,nh0202,novela sentimental,novela sentimental,novela sentimental,novela sentimental,novela sentimental,novela sentimental,novela sentimental,novela sentimental,other,novela sentimental,novela sentimental
1536,subgenre-theme,novela sentimental,other,2000,word,tfidf,1,nh0207,novela sentimental,novela sentimental,novela sentimental,novela sentimental,novela sentimental,novela sentimental,novela sentimental,novela sentimental,novela sentimental,novela sentimental,novela sentimental
1537,subgenre-theme,novela sentimental,other,2000,word,tfidf,1,nh0209,novela sentimental,novela sentimental,novela sentimental,novela sentimental,novela sentimental,novela sentimental,novela sentimental,novela sentimental,other,novela sentimental,novela sentimental
1538,subgenre-theme,novela sentimental,other,2000,word,tfidf,1,nh0212,novela sentimental,novela sentimental,novela sentimental,novela sentimental,novela sentimental,novela sentimental,novela sentimental,novela sentimental,other,novela sentimental,novela sentimental
1539,subgenre-theme,novela sentimental,other,2000,word,tfidf,1,nh0216,novela sentimental,novela sentimental,novela sentimental,novela sentimental,novela sentimental,novela sentimental,novela sentimental,novela sentimental,novela sentimental,novela sentimental,novela sentimental
1540,subgenre-theme,novela sentimental,other,2000,word,tfidf,1,nh0218,novela sentimental,novela sentimental,novela sentimental,novela sentimental,novela sentimental,novela sentimental,novela sentimental,novela sentimental,novela sentimental,novela sentimental,novela sentimental
1541,subgenre-theme,novela sentimental,other,2000,word,tfidf,1,nh0219,novela sentimental,novela sentimental,novela sentimental,novela sentimental,novela sentimental,novela sentimental,novela sentimental,novela sentimental,novela sentimental,novela sentimental,novela sentimental
1542,subgenre-theme,novela sentimental,other,2000,word,tfidf,1,nh0221,other,other,other,other,other,other,other,other,other,novela sentimental,other
1543,subgenre-theme,novela sentimental,other,2000,word,tfidf,1,nh0228,novela sentimental,novela sentimental,novela sentimental,novela sentimental,novela sentimental,novela sentimental,novela sentimental,novela sentimental,novela sentimental,novela sentimental,novela sentimental
1544,subgenre-theme,novela sentimental,other,2000,word,tfidf,1,nh0230,novela sentimental,novela sentimental,novela sentimental,novela sentimental,novela sentimental,novela sentimental,novela sentimental,novela sentimental,novela sentimental,other,novela sentimental
1545,subgenre-theme,novela sentimental,other,2000,word,tfidf,1,nh0231,other,other,other,other,other,other,other,other,other,other,other
1546,subgenre-theme,novela sentimental,other,2000,word,tfidf,1,nh0232,other,other,other,other,other,other,other,other,other,other,other
1547,subgenre-theme,novela sentimental,other,2000,word,tfidf,1,nh0233,novela sentimental,novela sentimental,novela sentimental,novela sentimental,novela sentimental,novela sentimental,novela sentimental,novela sentimental,novela sentimental,novela sentimental,novela sentimental
1548,subgenre-theme,novela sentimental,other,2000,word,tfidf,1,nh0237,novela sentimental,novela sentimental,novela sentimental,novela sentimental,novela sentimental,novela sentimental,novela sentimental,novela sentimental,novela sentimental,novela sentimental,novela sentimental
1549,subgenre-theme,novela sentimental,other,2000,word,tfidf,1,nh0238,other,other,other,other,other,other,other,other,other,other,novela sentimental
1550,subgenre-theme,novela sentimental,other,2000,word,tfidf,1,nh0241,novela sentimental,novela sentimental,novela sentimental,novela sentimental,novela sentimental,novela sentimental,novela sentimental,novela sentimental,novela sentimental,novela sentimental,novela sentimental
1551,subgenre-theme,novela sentimental,other,2000,word,tfidf,1,nh0243,other,other,other,other,other,other,other,other,other,other,other
1552,subgenre-theme,novela sentimental,other,2000,word,tfidf,1,nh0245,novela sentimental,novela sentimental,novela sentimental,novela sentimental,novela sentimental,novela sentimental,novela sentimental,novela sentimental,novela sentimental,novela sentimental,novela sentimental
1553,subgenre-theme,novela sentimental,other,2000,word,tfidf,1,nh0246,other,other,other,other,other,other,other,other,other,other,novela sentimental
1554,subgenre-theme,novela sentimental,other,2000,word,tfidf,1,nh0247,other,other,other,other,other,other,other,other,other,other,other
1555,subgenre-theme,novela sentimental,other,2000,word,tfidf,1,nh0248,other,other,other,other,other,other,other,other,other,other,other
1556,subgenre-theme,novela sentimental,other,2000,word,tfidf,1,nh0250,novela sentimental,novela sentimental,novela sentimental,novela sentimental,novela sentimental,novela sentimental,novela sentimental,novela sentimental,novela sentimental,novela sentimental,novela sentimental
1557,subgenre-theme,novela sentimental,other,2000,word,tfidf,1,nh0251,novela sentimental,novela sentimental,novela sentimental,novela sentimental,novela sentimental,novela sentimental,novela sentimental,novela sentimental,novela sentimental,novela sentimental,novela sentimental
1558,subgenre-theme,novela sentimental,other,2000,word,tfidf,1,nh0252,novela sentimental,novela sentimental,novela sentimental,novela sentimental,novela sentimental,novela sentimental,novela sentimental,novela sentimental,novela sentimental,novela sentimental,novela sentimental
1559,subgenre-theme,novela sentimental,other,2000,word,tfidf,1,nh0254,novela sentimental,novela sentimental,novela sentimental,novela sentimental,novela sentimental,novela sentimental,novela sentimental,novela sentimental,novela sentimental,novela sentimental,novela sentimental
1560,subgenre-theme,novela sentimental,other,2000,word,tfidf,2,nh0003,novela sentimental,novela sentimental,novela sentimental,novela sentimental,novela sentimental,novela sentimental,novela sentimental,novela sentimental,novela sentimental,novela sentimental,novela sentimental
1561,subgenre-theme,novela sentimental,other,2000,word,tfidf,2,nh0005,other,other,other,other,other,other,other,other,other,other,other
1562,subgenre-theme,novela sentimental,other,2000,word,tfidf,2,nh0006,novela sentimental,novela sentimental,novela sentimental,novela sentimental,novela sentimental,novela sentimental,novela sentimental,novela sentimental,novela sentimental,novela sentimental,novela sentimental
1563,subgenre-theme,novela sentimental,other,2000,word,tfidf,2,nh0008,other,other,other,other,other,other,other,other,other,other,other
1564,subgenre-theme,novela sentimental,other,2000,word,tfidf,2,nh0011,other,other,other,other,other,other,other,other,other,other,other
1565,subgenre-theme,novela sentimental,other,2000,word,tfidf,2,nh0013,novela sentimental,novela sentimental,novela sentimental,novela sentimental,novela sentimental,novela sentimental,novela sentimental,novela sentimental,novela sentimental,novela sentimental,novela sentimental
1566,subgenre-theme,novela sentimental,other,2000,word,tfidf,2,nh0014,novela sentimental,novela sentimental,novela sentimental,novela sentimental,novela sentimental,novela sentimental,novela sentimental,novela sentimental,novela sentimental,novela sentimental,novela sentimental
1567,subgenre-theme,novela sentimental,other,2000,word,tfidf,2,nh0017,other,other,other,other,other,other,other,other,other,other,other
1568,subgenre-theme,novela sentimental,other,2000,word,tfidf,2,nh0018,novela sentimental,novela sentimental,novela sentimental,novela sentimental,novela sentimental,novela sentimental,novela sentimental,novela sentimental,novela sentimental,novela sentimental,novela sentimental
1569,subgenre-theme,novela sentimental,other,2000,word,tfidf,2,nh0021,novela sentimental,novela sentimental,novela sentimental,novela sentimental,novela sentimental,novela sentimental,novela sentimental,novela sentimental,novela sentimental,novela sentimental,novela sentimental
1570,subgenre-theme,novela sentimental,other,2000,word,tfidf,2,nh0022,other,other,other,other,other,other,other,other,other,other,other
1571,subgenre-theme,novela sentimental,other,2000,word,tfidf,2,nh0023,other,other,other,other,other,other,other,other,other,other,other
1572,subgenre-theme,novela sentimental,other,2000,word,tfidf,2,nh0028,other,other,other,other,other,other,other,other,other,other,other
1573,subgenre-theme,novela sentimental,other,2000,word,tfidf,2,nh0034,novela sentimental,novela sentimental,other,novela sentimental,novela sentimental,novela sentimental,novela sentimental,novela sentimental,novela sentimental,novela sentimental,novela sentimental
1574,subgenre-theme,novela sentimental,other,2000,word,tfidf,2,nh0035,other,other,other,other,other,other,other,other,other,other,other
1575,subgenre-theme,novela sentimental,other,2000,word,tfidf,2,nh0039,other,other,other,other,other,other,other,other,other,other,other
1576,subgenre-theme,novela sentimental,other,2000,word,tfidf,2,nh0043,novela sentimental,novela sentimental,novela sentimental,novela sentimental,novela sentimental,novela sentimental,novela sentimental,novela sentimental,novela sentimental,novela sentimental,novela sentimental
1577,subgenre-theme,novela sentimental,other,2000,word,tfidf,2,nh0044,other,other,other,other,other,other,other,other,other,other,other
1578,subgenre-theme,novela sentimental,other,2000,word,tfidf,2,nh0045,novela sentimental,novela sentimental,other,novela sentimental,novela sentimental,novela sentimental,novela sentimental,novela sentimental,novela sentimental,novela sentimental,novela sentimental
1579,subgenre-theme,novela sentimental,other,2000,word,tfidf,2,nh0047,other,other,other,novela sentimental,other,other,other,other,other,other,other
1580,subgenre-theme,novela sentimental,other,2000,word,tfidf,2,nh0051,other,other,other,novela sentimental,other,other,other,other,other,other,other
1581,subgenre-theme,novela sentimental,other,2000,word,tfidf,2,nh0056,other,other,other,other,other,other,other,other,other,other,other
1582,subgenre-theme,novela sentimental,other,2000,word,tfidf,2,nh0066,other,other,other,other,other,other,other,other,other,other,other
1583,subgenre-theme,novela sentimental,other,2000,word,tfidf,2,nh0068,novela sentimental,novela sentimental,novela sentimental,novela sentimental,novela sentimental,novela sentimental,novela sentimental,novela sentimental,novela sentimental,novela sentimental,novela sentimental
1584,subgenre-theme,novela sentimental,other,2000,word,tfidf,2,nh0069,other,other,other,other,other,other,other,other,other,other,other
1585,subgenre-theme,novela sentimental,other,2000,word,tfidf,2,nh0071,other,other,other,other,novela sentimental,other,other,other,other,other,other
1586,subgenre-theme,novela sentimental,other,2000,word,tfidf,2,nh0072,novela sentimental,novela sentimental,other,novela sentimental,novela sentimental,novela sentimental,novela sentimental,novela sentimental,novela sentimental,novela sentimental,novela sentimental
1587,subgenre-theme,novela sentimental,other,2000,word,tfidf,2,nh0076,novela sentimental,novela sentimental,other,novela sentimental,novela sentimental,novela sentimental,novela sentimental,novela sentimental,novela sentimental,novela sentimental,novela sentimental
1588,subgenre-theme,novela sentimental,other,2000,word,tfidf,2,nh0080,other,other,other,other,other,other,other,other,other,other,other
1589,subgenre-theme,novela sentimental,other,2000,word,tfidf,2,nh0081,other,other,other,other,other,other,other,other,other,other,other
1590,subgenre-theme,novela sentimental,other,2000,word,tfidf,2,nh0082,novela sentimental,novela sentimental,novela sentimental,novela sentimental,novela sentimental,novela sentimental,novela sentimental,novela sentimental,novela sentimental,novela sentimental,novela sentimental
1591,subgenre-theme,novela sentimental,other,2000,word,tfidf,2,nh0086,other,other,other,other,other,other,other,other,other,other,other
1592,subgenre-theme,novela sentimental,other,2000,word,tfidf,2,nh0087,novela sentimental,novela sentimental,novela sentimental,novela sentimental,novela sentimental,novela sentimental,novela sentimental,novela sentimental,novela sentimental,novela sentimental,novela sentimental
1593,subgenre-theme,novela sentimental,other,2000,word,tfidf,2,nh0089,novela sentimental,novela sentimental,novela sentimental,novela sentimental,novela sentimental,novela sentimental,novela sentimental,novela sentimental,novela sentimental,novela sentimental,novela sentimental
1594,subgenre-theme,novela sentimental,other,2000,word,tfidf,2,nh0092,novela sentimental,novela sentimental,novela sentimental,novela sentimental,novela sentimental,novela sentimental,novela sentimental,novela sentimental,novela sentimental,novela sentimental,novela sentimental
1595,subgenre-theme,novela sentimental,other,2000,word,tfidf,2,nh0093,other,other,other,other,other,other,other,other,other,other,other
1596,subgenre-theme,novela sentimental,other,2000,word,tfidf,2,nh0096,novela sentimental,novela sentimental,novela sentimental,novela sentimental,novela sentimental,novela sentimental,novela sentimental,novela sentimental,novela sentimental,novela sentimental,novela sentimental
1597,subgenre-theme,novela sentimental,other,2000,word,tfidf,2,nh0097,other,other,other,other,other,other,other,other,other,other,other
1598,subgenre-theme,novela sentimental,other,2000,word,tfidf,2,nh0098,novela sentimental,novela sentimental,novela sentimental,novela sentimental,novela sentimental,novela sentimental,novela sentimental,novela sentimental,novela sentimental,novela sentimental,novela sentimental
1599,subgenre-theme,novela sentimental,other,2000,word,tfidf,2,nh0099,novela sentimental,novela sentimental,novela sentimental,novela sentimental,novela sentimental,novela sentimental,novela sentimental,novela sentimental,novela sentimental,novela sentimental,novela sentimental
1600,subgenre-theme,novela sentimental,other,2000,word,tfidf,2,nh0102,novela sentimental,novela sentimental,novela sentimental,novela sentimental,novela sentimental,novela sentimental,novela sentimental,novela sentimental,novela sentimental,novela sentimental,novela sentimental
1601,subgenre-theme,novela sentimental,other,2000,word,tfidf,2,nh0104,novela sentimental,novela sentimental,novela sentimental,novela sentimental,novela sentimental,novela sentimental,novela sentimental,novela sentimental,novela sentimental,novela sentimental,novela sentimental
1602,subgenre-theme,novela sentimental,other,2000,word,tfidf,2,nh0109,other,other,other,other,other,other,other,other,other,other,other
1603,subgenre-theme,novela sentimental,other,2000,word,tfidf,2,nh0114,other,other,other,other,other,other,other,other,other,other,other
1604,subgenre-theme,novela sentimental,other,2000,word,tfidf,2,nh0117,other,other,other,other,other,other,other,other,other,other,other
1605,subgenre-theme,novela sentimental,other,2000,word,tfidf,2,nh0119,novela sentimental,novela sentimental,novela sentimental,novela sentimental,novela sentimental,novela sentimental,novela sentimental,novela sentimental,novela sentimental,novela sentimental,novela sentimental
1606,subgenre-theme,novela sentimental,other,2000,word,tfidf,2,nh0122,other,other,other,other,other,other,other,other,other,other,other
1607,subgenre-theme,novela sentimental,other,2000,word,tfidf,2,nh0123,novela sentimental,novela sentimental,novela sentimental,novela sentimental,other,novela sentimental,novela sentimental,novela sentimental,novela sentimental,novela sentimental,novela sentimental
1608,subgenre-theme,novela sentimental,other,2000,word,tfidf,2,nh0124,other,other,other,other,other,other,novela sentimental,other,other,other,other
1609,subgenre-theme,novela sentimental,other,2000,word,tfidf,2,nh0125,other,other,other,other,other,other,other,other,other,other,other
1610,subgenre-theme,novela sentimental,other,2000,word,tfidf,2,nh0126,other,other,other,other,other,other,other,other,other,other,other
1611,subgenre-theme,novela sentimental,other,2000,word,tfidf,2,nh0130,novela sentimental,novela sentimental,novela sentimental,novela sentimental,other,novela sentimental,novela sentimental,novela sentimental,novela sentimental,novela sentimental,novela sentimental
1612,subgenre-theme,novela sentimental,other,2000,word,tfidf,2,nh0131,other,other,other,other,other,other,other,other,other,other,other
1613,subgenre-theme,novela sentimental,other,2000,word,tfidf,2,nh0132,novela sentimental,novela sentimental,novela sentimental,novela sentimental,novela sentimental,novela sentimental,novela sentimental,novela sentimental,novela sentimental,novela sentimental,novela sentimental
1614,subgenre-theme,novela sentimental,other,2000,word,tfidf,2,nh0133,other,other,other,other,other,other,other,other,other,other,other
1615,subgenre-theme,novela sentimental,other,2000,word,tfidf,2,nh0136,novela sentimental,novela sentimental,novela sentimental,novela sentimental,novela sentimental,novela sentimental,novela sentimental,novela sentimental,novela sentimental,novela sentimental,novela sentimental
1616,subgenre-theme,novela sentimental,other,2000,word,tfidf,2,nh0138,other,other,other,other,other,other,other,other,other,other,other
1617,subgenre-theme,novela sentimental,other,2000,word,tfidf,2,nh0139,other,other,other,other,other,other,other,other,other,other,other
1618,subgenre-theme,novela sentimental,other,2000,word,tfidf,2,nh0140,novela sentimental,novela sentimental,novela sentimental,novela sentimental,novela sentimental,novela sentimental,novela sentimental,novela sentimental,novela sentimental,novela sentimental,novela sentimental
1619,subgenre-theme,novela sentimental,other,2000,word,tfidf,2,nh0145,novela sentimental,novela sentimental,novela sentimental,novela sentimental,novela sentimental,other,novela sentimental,novela sentimental,novela sentimental,novela sentimental,novela sentimental
1620,subgenre-theme,novela sentimental,other,2000,word,tfidf,2,nh0146,novela sentimental,novela sentimental,novela sentimental,novela sentimental,novela sentimental,novela sentimental,novela sentimental,novela sentimental,novela sentimental,novela sentimental,novela sentimental
1621,subgenre-theme,novela sentimental,other,2000,word,tfidf,2,nh0151,novela sentimental,novela sentimental,novela sentimental,novela sentimental,novela sentimental,novela sentimental,novela sentimental,novela sentimental,novela sentimental,novela sentimental,novela sentimental
1622,subgenre-theme,novela sentimental,other,2000,word,tfidf,2,nh0154,novela sentimental,novela sentimental,novela sentimental,novela sentimental,novela sentimental,novela sentimental,novela sentimental,novela sentimental,novela sentimental,novela sentimental,novela sentimental
1623,subgenre-theme,novela sentimental,other,2000,word,tfidf,2,nh0155,other,other,other,other,other,other,other,other,other,other,other
1624,subgenre-theme,novela sentimental,other,2000,word,tfidf,2,nh0156,novela sentimental,novela sentimental,novela sentimental,novela sentimental,novela sentimental,novela sentimental,novela sentimental,novela sentimental,novela sentimental,novela sentimental,novela sentimental
1625,subgenre-theme,novela sentimental,other,2000,word,tfidf,2,nh0160,other,other,other,other,other,other,other,other,other,other,other
1626,subgenre-theme,novela sentimental,other,2000,word,tfidf,2,nh0162,novela sentimental,novela sentimental,novela sentimental,novela sentimental,novela sentimental,novela sentimental,novela sentimental,novela sentimental,novela sentimental,novela sentimental,novela sentimental
1627,subgenre-theme,novela sentimental,other,2000,word,tfidf,2,nh0165,other,other,other,other,other,other,other,other,other,other,other
1628,subgenre-theme,novela sentimental,other,2000,word,tfidf,2,nh0171,novela sentimental,novela sentimental,novela sentimental,novela sentimental,novela sentimental,novela sentimental,novela sentimental,novela sentimental,novela sentimental,novela sentimental,novela sentimental
1629,subgenre-theme,novela sentimental,other,2000,word,tfidf,2,nh0173,other,other,other,other,other,other,other,other,other,other,other
1630,subgenre-theme,novela sentimental,other,2000,word,tfidf,2,nh0176,other,other,other,other,other,other,other,other,other,other,other
1631,subgenre-theme,novela sentimental,other,2000,word,tfidf,2,nh0178,other,other,other,other,other,other,other,other,other,other,other
1632,subgenre-theme,novela sentimental,other,2000,word,tfidf,2,nh0183,novela sentimental,novela sentimental,novela sentimental,novela sentimental,novela sentimental,novela sentimental,novela sentimental,novela sentimental,novela sentimental,novela sentimental,novela sentimental
1633,subgenre-theme,novela sentimental,other,2000,word,tfidf,2,nh0184,other,other,other,other,other,other,other,other,other,other,other
1634,subgenre-theme,novela sentimental,other,2000,word,tfidf,2,nh0185,other,other,other,other,other,other,other,other,other,other,other
1635,subgenre-theme,novela sentimental,other,2000,word,tfidf,2,nh0187,novela sentimental,novela sentimental,novela sentimental,novela sentimental,novela sentimental,novela sentimental,novela sentimental,other,novela sentimental,novela sentimental,novela sentimental
1636,subgenre-theme,novela sentimental,other,2000,word,tfidf,2,nh0188,novela sentimental,novela sentimental,novela sentimental,novela sentimental,novela sentimental,novela sentimental,novela sentimental,novela sentimental,novela sentimental,novela sentimental,novela sentimental
1637,subgenre-theme,novela sentimental,other,2000,word,tfidf,2,nh0192,other,other,other,other,other,other,other,other,other,other,other
1638,subgenre-theme,novela sentimental,other,2000,word,tfidf,2,nh0193,other,other,other,other,other,other,other,other,other,other,other
1639,subgenre-theme,novela sentimental,other,2000,word,tfidf,2,nh0195,novela sentimental,novela sentimental,novela sentimental,novela sentimental,novela sentimental,novela sentimental,novela sentimental,novela sentimental,novela sentimental,novela sentimental,novela sentimental
1640,subgenre-theme,novela sentimental,other,2000,word,tfidf,2,nh0197,other,other,other,other,other,other,other,other,other,other,other
1641,subgenre-theme,novela sentimental,other,2000,word,tfidf,2,nh0202,novela sentimental,novela sentimental,novela sentimental,novela sentimental,novela sentimental,novela sentimental,novela sentimental,other,novela sentimental,novela sentimental,novela sentimental
1642,subgenre-theme,novela sentimental,other,2000,word,tfidf,2,nh0207,novela sentimental,novela sentimental,novela sentimental,novela sentimental,novela sentimental,novela sentimental,novela sentimental,novela sentimental,novela sentimental,novela sentimental,novela sentimental
1643,subgenre-theme,novela sentimental,other,2000,word,tfidf,2,nh0209,novela sentimental,novela sentimental,novela sentimental,novela sentimental,novela sentimental,novela sentimental,novela sentimental,novela sentimental,novela sentimental,novela sentimental,novela sentimental
1644,subgenre-theme,novela sentimental,other,2000,word,tfidf,2,nh0211,other,other,other,other,other,other,other,other,other,other,other
1645,subgenre-theme,novela sentimental,other,2000,word,tfidf,2,nh0212,novela sentimental,novela sentimental,novela sentimental,novela sentimental,novela sentimental,novela sentimental,novela sentimental,novela sentimental,other,novela sentimental,novela sentimental
1646,subgenre-theme,novela sentimental,other,2000,word,tfidf,2,nh0214,other,other,other,other,other,other,other,other,other,other,other
1647,subgenre-theme,novela sentimental,other,2000,word,tfidf,2,nh0216,novela sentimental,novela sentimental,novela sentimental,novela sentimental,novela sentimental,novela sentimental,novela sentimental,novela sentimental,novela sentimental,novela sentimental,novela sentimental
1648,subgenre-theme,novela sentimental,other,2000,word,tfidf,2,nh0218,novela sentimental,novela sentimental,novela sentimental,novela sentimental,novela sentimental,novela sentimental,novela sentimental,novela sentimental,novela sentimental,novela sentimental,novela sentimental
1649,subgenre-theme,novela sentimental,other,2000,word,tfidf,2,nh0219,novela sentimental,novela sentimental,novela sentimental,novela sentimental,novela sentimental,novela sentimental,novela sentimental,novela sentimental,other,novela sentimental,novela sentimental
1650,subgenre-theme,novela sentimental,other,2000,word,tfidf,2,nh0222,other,other,other,other,other,other,other,other,other,other,other
1651,subgenre-theme,novela sentimental,other,2000,word,tfidf,2,nh0223,other,other,other,other,other,other,other,other,other,other,other
1652,subgenre-theme,novela sentimental,other,2000,word,tfidf,2,nh0224,other,other,other,other,other,other,other,other,other,other,other
1653,subgenre-theme,novela sentimental,other,2000,word,tfidf,2,nh0227,other,other,other,other,other,other,other,other,other,other,other
1654,subgenre-theme,novela sentimental,other,2000,word,tfidf,2,nh0228,novela sentimental,novela sentimental,novela sentimental,novela sentimental,novela sentimental,novela sentimental,novela sentimental,novela sentimental,novela sentimental,novela sentimental,novela sentimental
1655,subgenre-theme,novela sentimental,other,2000,word,tfidf,2,nh0230,novela sentimental,novela sentimental,novela sentimental,novela sentimental,novela sentimental,novela sentimental,novela sentimental,novela sentimental,novela sentimental,other,novela sentimental
1656,subgenre-theme,novela sentimental,other,2000,word,tfidf,2,nh0233,novela sentimental,novela sentimental,novela sentimental,novela sentimental,novela sentimental,novela sentimental,novela sentimental,novela sentimental,novela sentimental,other,novela sentimental
1657,subgenre-theme,novela sentimental,other,2000,word,tfidf,2,nh0234,other,other,other,other,other,other,other,other,other,other,other
1658,subgenre-theme,novela sentimental,other,2000,word,tfidf,2,nh0237,novela sentimental,novela sentimental,novela sentimental,novela sentimental,novela sentimental,novela sentimental,novela sentimental,novela sentimental,novela sentimental,novela sentimental,novela sentimental
1659,subgenre-theme,novela sentimental,other,2000,word,tfidf,2,nh0240,other,other,other,other,other,other,other,other,other,other,novela sentimental
1660,subgenre-theme,novela sentimental,other,2000,word,tfidf,2,nh0241,novela sentimental,novela sentimental,novela sentimental,novela sentimental,novela sentimental,novela sentimental,novela sentimental,novela sentimental,novela sentimental,other,novela sentimental
1661,subgenre-theme,novela sentimental,other,2000,word,tfidf,2,nh0245,novela sentimental,novela sentimental,novela sentimental,novela sentimental,novela sentimental,novela sentimental,novela sentimental,novela sentimental,novela sentimental,novela sentimental,novela sentimental
1662,subgenre-theme,novela sentimental,other,2000,word,tfidf,2,nh0246,other,other,other,other,other,other,other,other,other,other,novela sentimental
1663,subgenre-theme,novela sentimental,other,2000,word,tfidf,2,nh0248,other,other,other,other,other,other,other,other,other,other,other
1664,subgenre-theme,novela sentimental,other,2000,word,tfidf,2,nh0250,novela sentimental,novela sentimental,novela sentimental,novela sentimental,novela sentimental,novela sentimental,novela sentimental,novela sentimental,novela sentimental,novela sentimental,novela sentimental
1665,subgenre-theme,novela sentimental,other,2000,word,tfidf,2,nh0251,novela sentimental,novela sentimental,novela sentimental,novela sentimental,novela sentimental,novela sentimental,novela sentimental,novela sentimental,novela sentimental,novela sentimental,novela sentimental
1666,subgenre-theme,novela sentimental,other,2000,word,tfidf,2,nh0252,novela sentimental,novela sentimental,novela sentimental,novela sentimental,novela sentimental,novela sentimental,novela sentimental,novela sentimental,novela sentimental,novela sentimental,novela sentimental
1667,subgenre-theme,novela sentimental,other,2000,word,tfidf,2,nh0253,other,other,other,other,other,other,other,other,other,other,other
1668,subgenre-theme,novela sentimental,other,2000,word,tfidf,2,nh0254,novela sentimental,novela sentimental,novela sentimental,novela sentimental,novela sentimental,novela sentimental,novela sentimental,novela sentimental,novela sentimental,novela sentimental,novela sentimental
1669,subgenre-theme,novela sentimental,other,2000,word,tfidf,2,nh0256,other,other,other,other,other,other,other,other,other,other,other
1670,subgenre-theme,novela sentimental,other,2000,word,tfidf,3,nh0002,other,other,other,other,other,other,other,other,other,other,other
1671,subgenre-theme,novela sentimental,other,2000,word,tfidf,3,nh0003,novela sentimental,novela sentimental,novela sentimental,novela sentimental,novela sentimental,novela sentimental,novela sentimental,novela sentimental,novela sentimental,novela sentimental,novela sentimental
1672,subgenre-theme,novela sentimental,other,2000,word,tfidf,3,nh0005,other,other,other,other,other,other,other,other,other,other,other
1673,subgenre-theme,novela sentimental,other,2000,word,tfidf,3,nh0006,novela sentimental,novela sentimental,novela sentimental,novela sentimental,novela sentimental,novela sentimental,novela sentimental,novela sentimental,novela sentimental,novela sentimental,novela sentimental
1674,subgenre-theme,novela sentimental,other,2000,word,tfidf,3,nh0008,other,other,other,other,other,other,other,other,other,other,other
1675,subgenre-theme,novela sentimental,other,2000,word,tfidf,3,nh0013,novela sentimental,novela sentimental,novela sentimental,novela sentimental,novela sentimental,novela sentimental,novela sentimental,novela sentimental,novela sentimental,novela sentimental,novela sentimental
1676,subgenre-theme,novela sentimental,other,2000,word,tfidf,3,nh0014,novela sentimental,novela sentimental,novela sentimental,novela sentimental,novela sentimental,novela sentimental,novela sentimental,novela sentimental,novela sentimental,novela sentimental,novela sentimental
1677,subgenre-theme,novela sentimental,other,2000,word,tfidf,3,nh0018,novela sentimental,novela sentimental,novela sentimental,novela sentimental,novela sentimental,novela sentimental,novela sentimental,novela sentimental,novela sentimental,novela sentimental,novela sentimental
1678,subgenre-theme,novela sentimental,other,2000,word,tfidf,3,nh0019,other,novela sentimental,other,other,other,other,other,other,other,other,other
1679,subgenre-theme,novela sentimental,other,2000,word,tfidf,3,nh0021,novela sentimental,novela sentimental,novela sentimental,novela sentimental,novela sentimental,novela sentimental,novela sentimental,novela sentimental,novela sentimental,novela sentimental,novela sentimental
1680,subgenre-theme,novela sentimental,other,2000,word,tfidf,3,nh0022,other,other,other,other,other,other,other,other,other,other,other
1681,subgenre-theme,novela sentimental,other,2000,word,tfidf,3,nh0024,other,other,other,other,other,other,other,other,other,other,other
1682,subgenre-theme,novela sentimental,other,2000,word,tfidf,3,nh0028,other,other,other,other,other,other,other,other,other,other,other
1683,subgenre-theme,novela sentimental,other,2000,word,tfidf,3,nh0030,other,other,other,other,other,other,other,other,other,other,other
1684,subgenre-theme,novela sentimental,other,2000,word,tfidf,3,nh0034,novela sentimental,novela sentimental,other,novela sentimental,novela sentimental,novela sentimental,novela sentimental,novela sentimental,novela sentimental,novela sentimental,novela sentimental
1685,subgenre-theme,novela sentimental,other,2000,word,tfidf,3,nh0041,other,other,other,other,other,other,other,other,other,other,other
1686,subgenre-theme,novela sentimental,other,2000,word,tfidf,3,nh0043,novela sentimental,novela sentimental,novela sentimental,novela sentimental,novela sentimental,novela sentimental,novela sentimental,novela sentimental,novela sentimental,novela sentimental,novela sentimental
1687,subgenre-theme,novela sentimental,other,2000,word,tfidf,3,nh0045,novela sentimental,novela sentimental,other,novela sentimental,novela sentimental,novela sentimental,novela sentimental,novela sentimental,novela sentimental,novela sentimental,novela sentimental
1688,subgenre-theme,novela sentimental,other,2000,word,tfidf,3,nh0048,other,other,novela sentimental,other,other,other,other,other,other,other,other
1689,subgenre-theme,novela sentimental,other,2000,word,tfidf,3,nh0049,other,other,other,other,other,other,other,other,other,other,other
1690,subgenre-theme,novela sentimental,other,2000,word,tfidf,3,nh0050,other,other,other,other,other,other,other,other,other,other,other
1691,subgenre-theme,novela sentimental,other,2000,word,tfidf,3,nh0051,other,other,other,other,other,other,other,other,other,other,other
1692,subgenre-theme,novela sentimental,other,2000,word,tfidf,3,nh0052,other,other,other,novela sentimental,other,other,other,other,other,other,other
1693,subgenre-theme,novela sentimental,other,2000,word,tfidf,3,nh0053,other,other,other,other,other,other,other,other,other,other,other
1694,subgenre-theme,novela sentimental,other,2000,word,tfidf,3,nh0054,other,other,other,other,other,other,other,other,other,other,other
1695,subgenre-theme,novela sentimental,other,2000,word,tfidf,3,nh0055,other,other,other,other,other,other,other,other,other,other,other
1696,subgenre-theme,novela sentimental,other,2000,word,tfidf,3,nh0060,other,other,other,other,other,other,other,other,other,other,other
1697,subgenre-theme,novela sentimental,other,2000,word,tfidf,3,nh0067,other,other,other,other,other,other,other,other,other,other,other
1698,subgenre-theme,novela sentimental,other,2000,word,tfidf,3,nh0068,novela sentimental,novela sentimental,novela sentimental,novela sentimental,novela sentimental,novela sentimental,novela sentimental,novela sentimental,novela sentimental,novela sentimental,novela sentimental
1699,subgenre-theme,novela sentimental,other,2000,word,tfidf,3,nh0072,novela sentimental,novela sentimental,novela sentimental,other,novela sentimental,novela sentimental,novela sentimental,novela sentimental,novela sentimental,novela sentimental,novela sentimental
1700,subgenre-theme,novela sentimental,other,2000,word,tfidf,3,nh0073,other,other,other,other,novela sentimental,other,other,other,other,other,other
1701,subgenre-theme,novela sentimental,other,2000,word,tfidf,3,nh0076,novela sentimental,novela sentimental,novela sentimental,other,novela sentimental,novela sentimental,novela sentimental,novela sentimental,novela sentimental,novela sentimental,novela sentimental
1702,subgenre-theme,novela sentimental,other,2000,word,tfidf,3,nh0079,other,other,other,other,other,other,other,other,other,other,other
1703,subgenre-theme,novela sentimental,other,2000,word,tfidf,3,nh0080,other,other,other,other,other,other,other,other,other,other,other
1704,subgenre-theme,novela sentimental,other,2000,word,tfidf,3,nh0082,novela sentimental,novela sentimental,novela sentimental,novela sentimental,novela sentimental,novela sentimental,novela sentimental,novela sentimental,novela sentimental,novela sentimental,novela sentimental
1705,subgenre-theme,novela sentimental,other,2000,word,tfidf,3,nh0086,other,other,other,other,other,other,other,other,other,other,other
1706,subgenre-theme,novela sentimental,other,2000,word,tfidf,3,nh0087,novela sentimental,novela sentimental,novela sentimental,other,novela sentimental,novela sentimental,novela sentimental,novela sentimental,novela sentimental,novela sentimental,novela sentimental
1707,subgenre-theme,novela sentimental,other,2000,word,tfidf,3,nh0089,novela sentimental,novela sentimental,novela sentimental,novela sentimental,novela sentimental,novela sentimental,novela sentimental,novela sentimental,novela sentimental,novela sentimental,novela sentimental
1708,subgenre-theme,novela sentimental,other,2000,word,tfidf,3,nh0092,novela sentimental,novela sentimental,novela sentimental,novela sentimental,novela sentimental,novela sentimental,novela sentimental,novela sentimental,novela sentimental,novela sentimental,novela sentimental
1709,subgenre-theme,novela sentimental,other,2000,word,tfidf,3,nh0093,other,other,other,other,other,other,other,other,other,other,other
1710,subgenre-theme,novela sentimental,other,2000,word,tfidf,3,nh0094,other,other,other,other,other,other,other,other,other,other,other
1711,subgenre-theme,novela sentimental,other,2000,word,tfidf,3,nh0095,other,other,other,other,other,other,other,other,other,other,other
1712,subgenre-theme,novela sentimental,other,2000,word,tfidf,3,nh0096,novela sentimental,novela sentimental,novela sentimental,novela sentimental,novela sentimental,novela sentimental,novela sentimental,novela sentimental,novela sentimental,novela sentimental,novela sentimental
1713,subgenre-theme,novela sentimental,other,2000,word,tfidf,3,nh0097,other,other,other,other,other,other,other,other,other,other,other
1714,subgenre-theme,novela sentimental,other,2000,word,tfidf,3,nh0098,novela sentimental,novela sentimental,novela sentimental,novela sentimental,novela sentimental,novela sentimental,novela sentimental,novela sentimental,novela sentimental,novela sentimental,novela sentimental
1715,subgenre-theme,novela sentimental,other,2000,word,tfidf,3,nh0099,novela sentimental,novela sentimental,novela sentimental,novela sentimental,novela sentimental,novela sentimental,novela sentimental,novela sentimental,novela sentimental,novela sentimental,novela sentimental
1716,subgenre-theme,novela sentimental,other,2000,word,tfidf,3,nh0102,novela sentimental,novela sentimental,novela sentimental,novela sentimental,novela sentimental,novela sentimental,novela sentimental,novela sentimental,novela sentimental,novela sentimental,novela sentimental
1717,subgenre-theme,novela sentimental,other,2000,word,tfidf,3,nh0103,other,other,other,other,other,novela sentimental,other,other,other,other,other
1718,subgenre-theme,novela sentimental,other,2000,word,tfidf,3,nh0104,novela sentimental,novela sentimental,novela sentimental,novela sentimental,novela sentimental,novela sentimental,novela sentimental,novela sentimental,novela sentimental,novela sentimental,novela sentimental
1719,subgenre-theme,novela sentimental,other,2000,word,tfidf,3,nh0112,other,other,other,other,other,other,other,other,other,other,other
1720,subgenre-theme,novela sentimental,other,2000,word,tfidf,3,nh0119,novela sentimental,novela sentimental,novela sentimental,novela sentimental,novela sentimental,novela sentimental,novela sentimental,novela sentimental,novela sentimental,novela sentimental,novela sentimental
1721,subgenre-theme,novela sentimental,other,2000,word,tfidf,3,nh0123,novela sentimental,novela sentimental,novela sentimental,novela sentimental,novela sentimental,novela sentimental,novela sentimental,novela sentimental,novela sentimental,novela sentimental,novela sentimental
1722,subgenre-theme,novela sentimental,other,2000,word,tfidf,3,nh0127,other,other,other,other,other,other,other,other,other,other,other
1723,subgenre-theme,novela sentimental,other,2000,word,tfidf,3,nh0130,novela sentimental,novela sentimental,novela sentimental,novela sentimental,novela sentimental,other,novela sentimental,novela sentimental,novela sentimental,novela sentimental,novela sentimental
1724,subgenre-theme,novela sentimental,other,2000,word,tfidf,3,nh0132,novela sentimental,novela sentimental,novela sentimental,novela sentimental,novela sentimental,novela sentimental,novela sentimental,novela sentimental,novela sentimental,novela sentimental,novela sentimental
1725,subgenre-theme,novela sentimental,other,2000,word,tfidf,3,nh0134,other,other,other,other,other,other,other,other,other,other,other
1726,subgenre-theme,novela sentimental,other,2000,word,tfidf,3,nh0136,novela sentimental,novela sentimental,novela sentimental,novela sentimental,novela sentimental,novela sentimental,other,novela sentimental,novela sentimental,novela sentimental,novela sentimental
1727,subgenre-theme,novela sentimental,other,2000,word,tfidf,3,nh0137,other,other,other,other,other,other,other,other,other,other,other
1728,subgenre-theme,novela sentimental,other,2000,word,tfidf,3,nh0140,novela sentimental,novela sentimental,novela sentimental,novela sentimental,novela sentimental,novela sentimental,novela sentimental,novela sentimental,novela sentimental,novela sentimental,novela sentimental
1729,subgenre-theme,novela sentimental,other,2000,word,tfidf,3,nh0145,novela sentimental,novela sentimental,novela sentimental,novela sentimental,novela sentimental,novela sentimental,other,novela sentimental,novela sentimental,novela sentimental,novela sentimental
1730,subgenre-theme,novela sentimental,other,2000,word,tfidf,3,nh0146,novela sentimental,novela sentimental,novela sentimental,novela sentimental,novela sentimental,novela sentimental,novela sentimental,novela sentimental,novela sentimental,novela sentimental,novela sentimental
1731,subgenre-theme,novela sentimental,other,2000,word,tfidf,3,nh0149,other,other,other,other,other,other,other,other,other,other,other
1732,subgenre-theme,novela sentimental,other,2000,word,tfidf,3,nh0151,novela sentimental,novela sentimental,novela sentimental,novela sentimental,novela sentimental,novela sentimental,novela sentimental,novela sentimental,novela sentimental,novela sentimental,novela sentimental
1733,subgenre-theme,novela sentimental,other,2000,word,tfidf,3,nh0154,novela sentimental,novela sentimental,novela sentimental,novela sentimental,novela sentimental,novela sentimental,novela sentimental,novela sentimental,novela sentimental,novela sentimental,novela sentimental
1734,subgenre-theme,novela sentimental,other,2000,word,tfidf,3,nh0156,novela sentimental,novela sentimental,novela sentimental,novela sentimental,novela sentimental,novela sentimental,novela sentimental,novela sentimental,novela sentimental,novela sentimental,novela sentimental
1735,subgenre-theme,novela sentimental,other,2000,word,tfidf,3,nh0157,other,other,other,other,other,other,novela sentimental,other,other,other,other
1736,subgenre-theme,novela sentimental,other,2000,word,tfidf,3,nh0161,other,other,other,other,other,other,other,other,other,other,other
1737,subgenre-theme,novela sentimental,other,2000,word,tfidf,3,nh0162,novela sentimental,novela sentimental,novela sentimental,novela sentimental,novela sentimental,novela sentimental,novela sentimental,novela sentimental,novela sentimental,novela sentimental,novela sentimental
1738,subgenre-theme,novela sentimental,other,2000,word,tfidf,3,nh0166,other,other,other,other,other,other,other,other,other,other,other
1739,subgenre-theme,novela sentimental,other,2000,word,tfidf,3,nh0170,other,other,other,other,other,other,other,other,other,other,other
1740,subgenre-theme,novela sentimental,other,2000,word,tfidf,3,nh0171,novela sentimental,novela sentimental,novela sentimental,novela sentimental,novela sentimental,novela sentimental,novela sentimental,novela sentimental,novela sentimental,novela sentimental,novela sentimental
1741,subgenre-theme,novela sentimental,other,2000,word,tfidf,3,nh0173,other,other,other,other,other,other,other,other,other,other,other
1742,subgenre-theme,novela sentimental,other,2000,word,tfidf,3,nh0176,other,other,other,other,other,other,other,other,other,other,other
1743,subgenre-theme,novela sentimental,other,2000,word,tfidf,3,nh0182,other,other,other,other,other,other,other,other,other,other,other
1744,subgenre-theme,novela sentimental,other,2000,word,tfidf,3,nh0183,novela sentimental,novela sentimental,novela sentimental,novela sentimental,novela sentimental,novela sentimental,novela sentimental,novela sentimental,novela sentimental,novela sentimental,novela sentimental
1745,subgenre-theme,novela sentimental,other,2000,word,tfidf,3,nh0184,other,other,other,other,other,other,other,other,other,other,other
1746,subgenre-theme,novela sentimental,other,2000,word,tfidf,3,nh0186,other,other,other,other,other,other,other,other,novela sentimental,other,other
1747,subgenre-theme,novela sentimental,other,2000,word,tfidf,3,nh0187,novela sentimental,novela sentimental,novela sentimental,novela sentimental,novela sentimental,novela sentimental,novela sentimental,other,novela sentimental,novela sentimental,novela sentimental
1748,subgenre-theme,novela sentimental,other,2000,word,tfidf,3,nh0188,novela sentimental,novela sentimental,novela sentimental,novela sentimental,novela sentimental,novela sentimental,novela sentimental,novela sentimental,novela sentimental,novela sentimental,novela sentimental
1749,subgenre-theme,novela sentimental,other,2000,word,tfidf,3,nh0193,other,other,other,other,other,other,other,other,other,other,other
1750,subgenre-theme,novela sentimental,other,2000,word,tfidf,3,nh0195,novela sentimental,novela sentimental,novela sentimental,novela sentimental,novela sentimental,novela sentimental,novela sentimental,novela sentimental,novela sentimental,novela sentimental,novela sentimental
1751,subgenre-theme,novela sentimental,other,2000,word,tfidf,3,nh0196,other,other,other,other,other,other,other,other,other,other,other
1752,subgenre-theme,novela sentimental,other,2000,word,tfidf,3,nh0199,other,other,other,other,other,other,other,other,other,other,other
1753,subgenre-theme,novela sentimental,other,2000,word,tfidf,3,nh0200,other,other,other,other,other,other,other,other,other,other,other
1754,subgenre-theme,novela sentimental,other,2000,word,tfidf,3,nh0201,other,other,other,other,other,other,other,other,other,other,other
1755,subgenre-theme,novela sentimental,other,2000,word,tfidf,3,nh0202,novela sentimental,novela sentimental,novela sentimental,novela sentimental,novela sentimental,novela sentimental,novela sentimental,novela sentimental,other,novela sentimental,novela sentimental
1756,subgenre-theme,novela sentimental,other,2000,word,tfidf,3,nh0205,other,other,other,other,other,other,other,other,other,novela sentimental,other
1757,subgenre-theme,novela sentimental,other,2000,word,tfidf,3,nh0206,other,other,other,other,other,other,other,other,other,other,other
1758,subgenre-theme,novela sentimental,other,2000,word,tfidf,3,nh0207,novela sentimental,novela sentimental,novela sentimental,novela sentimental,novela sentimental,novela sentimental,novela sentimental,novela sentimental,novela sentimental,novela sentimental,novela sentimental
1759,subgenre-theme,novela sentimental,other,2000,word,tfidf,3,nh0209,novela sentimental,novela sentimental,novela sentimental,novela sentimental,novela sentimental,novela sentimental,novela sentimental,novela sentimental,novela sentimental,novela sentimental,novela sentimental
1760,subgenre-theme,novela sentimental,other,2000,word,tfidf,3,nh0212,novela sentimental,novela sentimental,novela sentimental,novela sentimental,novela sentimental,novela sentimental,novela sentimental,novela sentimental,other,novela sentimental,novela sentimental
1761,subgenre-theme,novela sentimental,other,2000,word,tfidf,3,nh0216,novela sentimental,novela sentimental,novela sentimental,novela sentimental,novela sentimental,novela sentimental,novela sentimental,novela sentimental,novela sentimental,novela sentimental,novela sentimental
1762,subgenre-theme,novela sentimental,other,2000,word,tfidf,3,nh0217,other,other,other,other,other,other,other,other,other,other,other
1763,subgenre-theme,novela sentimental,other,2000,word,tfidf,3,nh0218,novela sentimental,novela sentimental,novela sentimental,novela sentimental,novela sentimental,novela sentimental,novela sentimental,novela sentimental,novela sentimental,novela sentimental,novela sentimental
1764,subgenre-theme,novela sentimental,other,2000,word,tfidf,3,nh0219,novela sentimental,novela sentimental,novela sentimental,novela sentimental,novela sentimental,novela sentimental,novela sentimental,novela sentimental,novela sentimental,novela sentimental,novela sentimental
1765,subgenre-theme,novela sentimental,other,2000,word,tfidf,3,nh0220,other,other,other,other,other,other,other,other,other,other,novela sentimental
1766,subgenre-theme,novela sentimental,other,2000,word,tfidf,3,nh0222,other,other,other,other,other,other,other,other,other,other,other
1767,subgenre-theme,novela sentimental,other,2000,word,tfidf,3,nh0223,other,other,other,other,other,other,other,other,other,other,novela sentimental
1768,subgenre-theme,novela sentimental,other,2000,word,tfidf,3,nh0228,novela sentimental,novela sentimental,novela sentimental,novela sentimental,novela sentimental,novela sentimental,novela sentimental,novela sentimental,novela sentimental,novela sentimental,novela sentimental
1769,subgenre-theme,novela sentimental,other,2000,word,tfidf,3,nh0229,other,other,other,other,other,other,other,other,other,other,novela sentimental
1770,subgenre-theme,novela sentimental,other,2000,word,tfidf,3,nh0230,novela sentimental,novela sentimental,novela sentimental,novela sentimental,novela sentimental,novela sentimental,novela sentimental,novela sentimental,novela sentimental,other,novela sentimental
1771,subgenre-theme,novela sentimental,other,2000,word,tfidf,3,nh0233,novela sentimental,novela sentimental,novela sentimental,novela sentimental,novela sentimental,novela sentimental,novela sentimental,novela sentimental,novela sentimental,other,novela sentimental
1772,subgenre-theme,novela sentimental,other,2000,word,tfidf,3,nh0237,novela sentimental,novela sentimental,novela sentimental,novela sentimental,novela sentimental,novela sentimental,novela sentimental,novela sentimental,novela sentimental,novela sentimental,novela sentimental
1773,subgenre-theme,novela sentimental,other,2000,word,tfidf,3,nh0241,novela sentimental,novela sentimental,novela sentimental,novela sentimental,novela sentimental,novela sentimental,novela sentimental,novela sentimental,novela sentimental,novela sentimental,novela sentimental
1774,subgenre-theme,novela sentimental,other,2000,word,tfidf,3,nh0245,novela sentimental,novela sentimental,novela sentimental,novela sentimental,novela sentimental,novela sentimental,novela sentimental,novela sentimental,novela sentimental,novela sentimental,novela sentimental
1775,subgenre-theme,novela sentimental,other,2000,word,tfidf,3,nh0247,other,other,other,other,other,other,other,other,other,other,novela sentimental
1776,subgenre-theme,novela sentimental,other,2000,word,tfidf,3,nh0250,novela sentimental,novela sentimental,novela sentimental,novela sentimental,novela sentimental,novela sentimental,novela sentimental,novela sentimental,novela sentimental,novela sentimental,novela sentimental
1777,subgenre-theme,novela sentimental,other,2000,word,tfidf,3,nh0251,novela sentimental,novela sentimental,novela sentimental,novela sentimental,novela sentimental,novela sentimental,novela sentimental,novela sentimental,novela sentimental,novela sentimental,novela sentimental
1778,subgenre-theme,novela sentimental,other,2000,word,tfidf,3,nh0252,novela sentimental,novela sentimental,novela sentimental,novela sentimental,novela sentimental,novela sentimental,novela sentimental,novela sentimental,novela sentimental,novela sentimental,novela sentimental
1779,subgenre-theme,novela sentimental,other,2000,word,tfidf,3,nh0254,novela sentimental,novela sentimental,novela sentimental,novela sentimental,novela sentimental,novela sentimental,novela sentimental,novela sentimental,novela sentimental,novela sentimental,novela sentimental
1780,subgenre-theme,novela sentimental,other,2000,word,tfidf,4,nh0003,novela sentimental,novela sentimental,novela sentimental,novela sentimental,novela sentimental,novela sentimental,novela sentimental,novela sentimental,novela sentimental,novela sentimental,novela sentimental
1781,subgenre-theme,novela sentimental,other,2000,word,tfidf,4,nh0005,other,other,other,other,other,other,other,other,other,other,other
1782,subgenre-theme,novela sentimental,other,2000,word,tfidf,4,nh0006,novela sentimental,novela sentimental,novela sentimental,novela sentimental,novela sentimental,novela sentimental,novela sentimental,novela sentimental,novela sentimental,novela sentimental,novela sentimental
1783,subgenre-theme,novela sentimental,other,2000,word,tfidf,4,nh0009,other,other,other,other,other,other,other,other,other,other,other
1784,subgenre-theme,novela sentimental,other,2000,word,tfidf,4,nh0011,other,other,other,other,other,other,other,other,other,other,other
1785,subgenre-theme,novela sentimental,other,2000,word,tfidf,4,nh0013,novela sentimental,novela sentimental,novela sentimental,novela sentimental,novela sentimental,novela sentimental,novela sentimental,novela sentimental,novela sentimental,novela sentimental,novela sentimental
1786,subgenre-theme,novela sentimental,other,2000,word,tfidf,4,nh0014,novela sentimental,novela sentimental,novela sentimental,novela sentimental,novela sentimental,novela sentimental,novela sentimental,novela sentimental,novela sentimental,novela sentimental,novela sentimental
1787,subgenre-theme,novela sentimental,other,2000,word,tfidf,4,nh0016,other,other,other,other,other,other,other,other,other,other,other
1788,subgenre-theme,novela sentimental,other,2000,word,tfidf,4,nh0018,novela sentimental,novela sentimental,novela sentimental,novela sentimental,novela sentimental,novela sentimental,novela sentimental,novela sentimental,novela sentimental,novela sentimental,novela sentimental
1789,subgenre-theme,novela sentimental,other,2000,word,tfidf,4,nh0021,novela sentimental,novela sentimental,novela sentimental,novela sentimental,novela sentimental,novela sentimental,novela sentimental,novela sentimental,novela sentimental,novela sentimental,novela sentimental
1790,subgenre-theme,novela sentimental,other,2000,word,tfidf,4,nh0022,other,other,other,other,other,other,other,other,other,other,other
1791,subgenre-theme,novela sentimental,other,2000,word,tfidf,4,nh0028,other,other,other,other,other,other,other,other,other,other,other
1792,subgenre-theme,novela sentimental,other,2000,word,tfidf,4,nh0030,other,other,other,other,other,other,other,other,other,other,other
1793,subgenre-theme,novela sentimental,other,2000,word,tfidf,4,nh0031,other,other,other,other,other,other,other,other,other,other,other
1794,subgenre-theme,novela sentimental,other,2000,word,tfidf,4,nh0033,other,other,other,other,other,other,other,other,other,other,other
1795,subgenre-theme,novela sentimental,other,2000,word,tfidf,4,nh0034,novela sentimental,novela sentimental,other,novela sentimental,novela sentimental,novela sentimental,novela sentimental,novela sentimental,novela sentimental,novela sentimental,novela sentimental
1796,subgenre-theme,novela sentimental,other,2000,word,tfidf,4,nh0043,novela sentimental,novela sentimental,novela sentimental,novela sentimental,novela sentimental,novela sentimental,novela sentimental,novela sentimental,novela sentimental,novela sentimental,novela sentimental
1797,subgenre-theme,novela sentimental,other,2000,word,tfidf,4,nh0045,novela sentimental,novela sentimental,other,novela sentimental,novela sentimental,novela sentimental,novela sentimental,novela sentimental,novela sentimental,novela sentimental,novela sentimental
1798,subgenre-theme,novela sentimental,other,2000,word,tfidf,4,nh0048,other,other,other,other,other,other,other,other,other,other,other
1799,subgenre-theme,novela sentimental,other,2000,word,tfidf,4,nh0049,other,other,other,novela sentimental,other,other,other,other,other,other,other
1800,subgenre-theme,novela sentimental,other,2000,word,tfidf,4,nh0050,other,other,other,other,other,other,other,other,other,other,other
1801,subgenre-theme,novela sentimental,other,2000,word,tfidf,4,nh0053,other,other,other,other,other,other,other,other,other,other,other
1802,subgenre-theme,novela sentimental,other,2000,word,tfidf,4,nh0056,other,other,other,other,other,other,other,other,other,other,other
1803,subgenre-theme,novela sentimental,other,2000,word,tfidf,4,nh0057,other,other,other,other,other,other,other,other,other,other,other
1804,subgenre-theme,novela sentimental,other,2000,word,tfidf,4,nh0058,other,other,other,other,other,other,other,other,other,other,other
1805,subgenre-theme,novela sentimental,other,2000,word,tfidf,4,nh0062,other,other,other,other,novela sentimental,other,other,other,other,other,other
1806,subgenre-theme,novela sentimental,other,2000,word,tfidf,4,nh0064,other,other,other,other,other,other,other,other,other,other,other
1807,subgenre-theme,novela sentimental,other,2000,word,tfidf,4,nh0067,other,other,other,other,other,other,other,other,other,other,other
1808,subgenre-theme,novela sentimental,other,2000,word,tfidf,4,nh0068,novela sentimental,novela sentimental,novela sentimental,novela sentimental,novela sentimental,novela sentimental,novela sentimental,novela sentimental,novela sentimental,novela sentimental,novela sentimental
1809,subgenre-theme,novela sentimental,other,2000,word,tfidf,4,nh0071,other,other,other,other,novela sentimental,other,other,other,other,other,other
1810,subgenre-theme,novela sentimental,other,2000,word,tfidf,4,nh0072,novela sentimental,novela sentimental,other,novela sentimental,novela sentimental,novela sentimental,novela sentimental,novela sentimental,novela sentimental,novela sentimental,novela sentimental
1811,subgenre-theme,novela sentimental,other,2000,word,tfidf,4,nh0076,novela sentimental,novela sentimental,other,novela sentimental,novela sentimental,novela sentimental,novela sentimental,novela sentimental,novela sentimental,novela sentimental,novela sentimental
1812,subgenre-theme,novela sentimental,other,2000,word,tfidf,4,nh0081,other,other,other,other,other,other,other,other,other,other,other
1813,subgenre-theme,novela sentimental,other,2000,word,tfidf,4,nh0082,novela sentimental,novela sentimental,novela sentimental,novela sentimental,novela sentimental,novela sentimental,novela sentimental,novela sentimental,novela sentimental,novela sentimental,novela sentimental
1814,subgenre-theme,novela sentimental,other,2000,word,tfidf,4,nh0086,other,other,other,other,other,other,other,other,other,other,other
1815,subgenre-theme,novela sentimental,other,2000,word,tfidf,4,nh0087,novela sentimental,novela sentimental,novela sentimental,novela sentimental,novela sentimental,novela sentimental,novela sentimental,novela sentimental,novela sentimental,novela sentimental,novela sentimental
1816,subgenre-theme,novela sentimental,other,2000,word,tfidf,4,nh0088,other,other,other,other,other,novela sentimental,other,other,other,other,other
1817,subgenre-theme,novela sentimental,other,2000,word,tfidf,4,nh0089,novela sentimental,novela sentimental,novela sentimental,novela sentimental,novela sentimental,novela sentimental,novela sentimental,novela sentimental,novela sentimental,novela sentimental,novela sentimental
1818,subgenre-theme,novela sentimental,other,2000,word,tfidf,4,nh0090,other,other,other,other,other,other,other,other,other,other,other
1819,subgenre-theme,novela sentimental,other,2000,word,tfidf,4,nh0092,novela sentimental,novela sentimental,novela sentimental,novela sentimental,novela sentimental,novela sentimental,novela sentimental,novela sentimental,novela sentimental,novela sentimental,novela sentimental
1820,subgenre-theme,novela sentimental,other,2000,word,tfidf,4,nh0093,other,other,other,other,other,other,other,other,other,other,other
1821,subgenre-theme,novela sentimental,other,2000,word,tfidf,4,nh0094,other,other,other,other,other,other,other,other,other,other,other
1822,subgenre-theme,novela sentimental,other,2000,word,tfidf,4,nh0095,other,other,other,other,other,other,novela sentimental,other,other,other,other
1823,subgenre-theme,novela sentimental,other,2000,word,tfidf,4,nh0096,novela sentimental,novela sentimental,novela sentimental,novela sentimental,novela sentimental,novela sentimental,novela sentimental,novela sentimental,novela sentimental,novela sentimental,novela sentimental
1824,subgenre-theme,novela sentimental,other,2000,word,tfidf,4,nh0097,other,other,other,other,other,other,other,other,other,other,other
1825,subgenre-theme,novela sentimental,other,2000,word,tfidf,4,nh0098,novela sentimental,novela sentimental,novela sentimental,novela sentimental,novela sentimental,novela sentimental,novela sentimental,novela sentimental,novela sentimental,novela sentimental,novela sentimental
1826,subgenre-theme,novela sentimental,other,2000,word,tfidf,4,nh0099,novela sentimental,novela sentimental,novela sentimental,novela sentimental,novela sentimental,novela sentimental,novela sentimental,novela sentimental,novela sentimental,novela sentimental,novela sentimental
1827,subgenre-theme,novela sentimental,other,2000,word,tfidf,4,nh0101,other,other,other,other,other,other,novela sentimental,other,other,other,other
1828,subgenre-theme,novela sentimental,other,2000,word,tfidf,4,nh0102,novela sentimental,novela sentimental,novela sentimental,novela sentimental,novela sentimental,novela sentimental,novela sentimental,novela sentimental,novela sentimental,novela sentimental,novela sentimental
1829,subgenre-theme,novela sentimental,other,2000,word,tfidf,4,nh0104,novela sentimental,novela sentimental,novela sentimental,novela sentimental,novela sentimental,novela sentimental,novela sentimental,novela sentimental,novela sentimental,novela sentimental,novela sentimental
1830,subgenre-theme,novela sentimental,other,2000,word,tfidf,4,nh0106,other,other,other,other,other,other,other,other,other,other,other
1831,subgenre-theme,novela sentimental,other,2000,word,tfidf,4,nh0110,other,other,other,other,other,other,other,other,other,other,other
1832,subgenre-theme,novela sentimental,other,2000,word,tfidf,4,nh0114,other,other,other,other,other,other,other,other,other,other,other
1833,subgenre-theme,novela sentimental,other,2000,word,tfidf,4,nh0115,other,other,other,other,other,other,other,other,other,other,other
1834,subgenre-theme,novela sentimental,other,2000,word,tfidf,4,nh0118,other,other,other,other,other,other,other,novela sentimental,other,other,other
1835,subgenre-theme,novela sentimental,other,2000,word,tfidf,4,nh0119,novela sentimental,novela sentimental,novela sentimental,novela sentimental,novela sentimental,novela sentimental,novela sentimental,novela sentimental,novela sentimental,novela sentimental,novela sentimental
1836,subgenre-theme,novela sentimental,other,2000,word,tfidf,4,nh0123,novela sentimental,novela sentimental,novela sentimental,novela sentimental,other,novela sentimental,novela sentimental,novela sentimental,novela sentimental,novela sentimental,novela sentimental
1837,subgenre-theme,novela sentimental,other,2000,word,tfidf,4,nh0130,novela sentimental,novela sentimental,novela sentimental,novela sentimental,other,novela sentimental,novela sentimental,novela sentimental,novela sentimental,novela sentimental,novela sentimental
1838,subgenre-theme,novela sentimental,other,2000,word,tfidf,4,nh0131,other,other,other,other,other,other,other,novela sentimental,other,other,other
1839,subgenre-theme,novela sentimental,other,2000,word,tfidf,4,nh0132,novela sentimental,novela sentimental,novela sentimental,novela sentimental,novela sentimental,novela sentimental,novela sentimental,novela sentimental,novela sentimental,novela sentimental,novela sentimental
1840,subgenre-theme,novela sentimental,other,2000,word,tfidf,4,nh0136,novela sentimental,novela sentimental,novela sentimental,novela sentimental,novela sentimental,novela sentimental,novela sentimental,novela sentimental,novela sentimental,novela sentimental,novela sentimental
1841,subgenre-theme,novela sentimental,other,2000,word,tfidf,4,nh0138,other,other,other,other,other,other,other,other,other,other,other
1842,subgenre-theme,novela sentimental,other,2000,word,tfidf,4,nh0140,novela sentimental,novela sentimental,novela sentimental,novela sentimental,novela sentimental,novela sentimental,novela sentimental,novela sentimental,novela sentimental,novela sentimental,novela sentimental
1843,subgenre-theme,novela sentimental,other,2000,word,tfidf,4,nh0145,novela sentimental,novela sentimental,novela sentimental,novela sentimental,novela sentimental,other,novela sentimental,novela sentimental,novela sentimental,novela sentimental,novela sentimental
1844,subgenre-theme,novela sentimental,other,2000,word,tfidf,4,nh0146,novela sentimental,novela sentimental,novela sentimental,novela sentimental,novela sentimental,novela sentimental,novela sentimental,novela sentimental,novela sentimental,novela sentimental,novela sentimental
1845,subgenre-theme,novela sentimental,other,2000,word,tfidf,4,nh0148,other,other,other,other,other,other,other,other,other,other,other
1846,subgenre-theme,novela sentimental,other,2000,word,tfidf,4,nh0150,other,other,other,other,other,other,other,other,novela sentimental,other,other
1847,subgenre-theme,novela sentimental,other,2000,word,tfidf,4,nh0151,novela sentimental,novela sentimental,novela sentimental,novela sentimental,novela sentimental,novela sentimental,novela sentimental,novela sentimental,novela sentimental,novela sentimental,novela sentimental
1848,subgenre-theme,novela sentimental,other,2000,word,tfidf,4,nh0154,novela sentimental,novela sentimental,novela sentimental,novela sentimental,novela sentimental,novela sentimental,novela sentimental,novela sentimental,novela sentimental,novela sentimental,novela sentimental
1849,subgenre-theme,novela sentimental,other,2000,word,tfidf,4,nh0156,novela sentimental,novela sentimental,novela sentimental,novela sentimental,novela sentimental,novela sentimental,novela sentimental,novela sentimental,novela sentimental,novela sentimental,novela sentimental
1850,subgenre-theme,novela sentimental,other,2000,word,tfidf,4,nh0158,other,other,other,other,other,other,other,other,other,other,other
1851,subgenre-theme,novela sentimental,other,2000,word,tfidf,4,nh0161,other,other,other,other,other,other,other,other,other,other,other
1852,subgenre-theme,novela sentimental,other,2000,word,tfidf,4,nh0162,novela sentimental,novela sentimental,novela sentimental,novela sentimental,novela sentimental,novela sentimental,novela sentimental,novela sentimental,novela sentimental,novela sentimental,novela sentimental
1853,subgenre-theme,novela sentimental,other,2000,word,tfidf,4,nh0163,other,other,other,other,other,other,other,other,other,other,other
1854,subgenre-theme,novela sentimental,other,2000,word,tfidf,4,nh0164,other,other,other,other,other,other,other,other,other,other,other
1855,subgenre-theme,novela sentimental,other,2000,word,tfidf,4,nh0167,other,other,other,other,other,other,other,other,novela sentimental,other,other
1856,subgenre-theme,novela sentimental,other,2000,word,tfidf,4,nh0171,novela sentimental,novela sentimental,novela sentimental,novela sentimental,novela sentimental,novela sentimental,novela sentimental,novela sentimental,novela sentimental,novela sentimental,novela sentimental
1857,subgenre-theme,novela sentimental,other,2000,word,tfidf,4,nh0177,other,other,other,other,other,other,other,other,other,other,other
1858,subgenre-theme,novela sentimental,other,2000,word,tfidf,4,nh0178,other,other,other,other,other,other,other,other,other,other,other
1859,subgenre-theme,novela sentimental,other,2000,word,tfidf,4,nh0183,novela sentimental,novela sentimental,novela sentimental,novela sentimental,novela sentimental,novela sentimental,novela sentimental,novela sentimental,novela sentimental,novela sentimental,novela sentimental
1860,subgenre-theme,novela sentimental,other,2000,word,tfidf,4,nh0184,other,other,other,other,other,other,other,other,other,other,other
1861,subgenre-theme,novela sentimental,other,2000,word,tfidf,4,nh0187,novela sentimental,novela sentimental,novela sentimental,novela sentimental,novela sentimental,novela sentimental,novela sentimental,other,novela sentimental,novela sentimental,novela sentimental
1862,subgenre-theme,novela sentimental,other,2000,word,tfidf,4,nh0188,novela sentimental,novela sentimental,novela sentimental,novela sentimental,novela sentimental,novela sentimental,novela sentimental,novela sentimental,novela sentimental,novela sentimental,novela sentimental
1863,subgenre-theme,novela sentimental,other,2000,word,tfidf,4,nh0189,other,other,other,other,other,other,other,other,other,novela sentimental,other
1864,subgenre-theme,novela sentimental,other,2000,word,tfidf,4,nh0195,novela sentimental,novela sentimental,novela sentimental,novela sentimental,novela sentimental,novela sentimental,novela sentimental,novela sentimental,novela sentimental,novela sentimental,novela sentimental
1865,subgenre-theme,novela sentimental,other,2000,word,tfidf,4,nh0202,novela sentimental,novela sentimental,novela sentimental,novela sentimental,novela sentimental,novela sentimental,novela sentimental,other,novela sentimental,novela sentimental,novela sentimental
1866,subgenre-theme,novela sentimental,other,2000,word,tfidf,4,nh0207,novela sentimental,novela sentimental,novela sentimental,novela sentimental,novela sentimental,novela sentimental,novela sentimental,novela sentimental,novela sentimental,novela sentimental,novela sentimental
1867,subgenre-theme,novela sentimental,other,2000,word,tfidf,4,nh0209,novela sentimental,novela sentimental,novela sentimental,novela sentimental,novela sentimental,novela sentimental,novela sentimental,novela sentimental,novela sentimental,novela sentimental,novela sentimental
1868,subgenre-theme,novela sentimental,other,2000,word,tfidf,4,nh0212,novela sentimental,novela sentimental,novela sentimental,novela sentimental,novela sentimental,novela sentimental,novela sentimental,novela sentimental,other,novela sentimental,novela sentimental
1869,subgenre-theme,novela sentimental,other,2000,word,tfidf,4,nh0215,other,other,other,other,other,other,other,other,other,other,other
1870,subgenre-theme,novela sentimental,other,2000,word,tfidf,4,nh0216,novela sentimental,novela sentimental,novela sentimental,novela sentimental,novela sentimental,novela sentimental,novela sentimental,novela sentimental,novela sentimental,novela sentimental,novela sentimental
1871,subgenre-theme,novela sentimental,other,2000,word,tfidf,4,nh0218,novela sentimental,novela sentimental,novela sentimental,novela sentimental,novela sentimental,novela sentimental,novela sentimental,novela sentimental,novela sentimental,novela sentimental,novela sentimental
1872,subgenre-theme,novela sentimental,other,2000,word,tfidf,4,nh0219,novela sentimental,novela sentimental,novela sentimental,novela sentimental,novela sentimental,novela sentimental,novela sentimental,novela sentimental,other,novela sentimental,novela sentimental
1873,subgenre-theme,novela sentimental,other,2000,word,tfidf,4,nh0221,other,other,other,other,other,other,other,other,other,novela sentimental,other
1874,subgenre-theme,novela sentimental,other,2000,word,tfidf,4,nh0223,other,other,other,other,other,other,other,other,other,other,other
1875,subgenre-theme,novela sentimental,other,2000,word,tfidf,4,nh0225,other,other,other,other,other,other,other,other,other,other,other
1876,subgenre-theme,novela sentimental,other,2000,word,tfidf,4,nh0227,other,other,other,other,other,other,other,other,other,other,other
1877,subgenre-theme,novela sentimental,other,2000,word,tfidf,4,nh0228,novela sentimental,novela sentimental,novela sentimental,novela sentimental,novela sentimental,novela sentimental,novela sentimental,novela sentimental,novela sentimental,other,novela sentimental
1878,subgenre-theme,novela sentimental,other,2000,word,tfidf,4,nh0230,novela sentimental,novela sentimental,novela sentimental,novela sentimental,novela sentimental,novela sentimental,novela sentimental,novela sentimental,novela sentimental,other,novela sentimental
1879,subgenre-theme,novela sentimental,other,2000,word,tfidf,4,nh0233,novela sentimental,novela sentimental,novela sentimental,novela sentimental,novela sentimental,novela sentimental,novela sentimental,novela sentimental,novela sentimental,other,novela sentimental
1880,subgenre-theme,novela sentimental,other,2000,word,tfidf,4,nh0237,novela sentimental,novela sentimental,novela sentimental,novela sentimental,novela sentimental,novela sentimental,novela sentimental,novela sentimental,novela sentimental,novela sentimental,novela sentimental
1881,subgenre-theme,novela sentimental,other,2000,word,tfidf,4,nh0239,other,other,other,other,other,other,other,other,other,other,other
1882,subgenre-theme,novela sentimental,other,2000,word,tfidf,4,nh0241,novela sentimental,novela sentimental,novela sentimental,novela sentimental,novela sentimental,novela sentimental,novela sentimental,novela sentimental,novela sentimental,other,novela sentimental
1883,subgenre-theme,novela sentimental,other,2000,word,tfidf,4,nh0244,other,other,other,other,other,other,other,other,other,other,other
1884,subgenre-theme,novela sentimental,other,2000,word,tfidf,4,nh0245,novela sentimental,novela sentimental,novela sentimental,novela sentimental,novela sentimental,novela sentimental,novela sentimental,novela sentimental,novela sentimental,novela sentimental,novela sentimental
1885,subgenre-theme,novela sentimental,other,2000,word,tfidf,4,nh0250,novela sentimental,novela sentimental,novela sentimental,novela sentimental,novela sentimental,novela sentimental,novela sentimental,novela sentimental,novela sentimental,novela sentimental,novela sentimental
1886,subgenre-theme,novela sentimental,other,2000,word,tfidf,4,nh0251,novela sentimental,novela sentimental,novela sentimental,novela sentimental,novela sentimental,novela sentimental,novela sentimental,novela sentimental,novela sentimental,novela sentimental,novela sentimental
1887,subgenre-theme,novela sentimental,other,2000,word,tfidf,4,nh0252,novela sentimental,novela sentimental,novela sentimental,novela sentimental,novela sentimental,novela sentimental,novela sentimental,novela sentimental,novela sentimental,novela sentimental,novela sentimental
1888,subgenre-theme,novela sentimental,other,2000,word,tfidf,4,nh0254,novela sentimental,novela sentimental,novela sentimental,novela sentimental,novela sentimental,novela sentimental,novela sentimental,novela sentimental,novela sentimental,novela sentimental,novela sentimental
1889,subgenre-theme,novela sentimental,other,2000,word,tfidf,4,nh0256,other,other,other,other,other,other,other,other,other,other,other
1890,subgenre-theme,novela sentimental,other,2000,word,tfidf,5,nh0001,other,novela sentimental,other,other,other,other,other,other,other,other,other
1891,subgenre-theme,novela sentimental,other,2000,word,tfidf,5,nh0002,other,other,other,other,other,other,other,other,other,other,other
1892,subgenre-theme,novela sentimental,other,2000,word,tfidf,5,nh0003,novela sentimental,novela sentimental,novela sentimental,novela sentimental,novela sentimental,novela sentimental,novela sentimental,novela sentimental,novela sentimental,novela sentimental,novela sentimental
1893,subgenre-theme,novela sentimental,other,2000,word,tfidf,5,nh0004,other,other,other,other,other,other,other,other,other,other,other
1894,subgenre-theme,novela sentimental,other,2000,word,tfidf,5,nh0006,novela sentimental,novela sentimental,novela sentimental,novela sentimental,novela sentimental,novela sentimental,novela sentimental,novela sentimental,novela sentimental,novela sentimental,novela sentimental
1895,subgenre-theme,novela sentimental,other,2000,word,tfidf,5,nh0009,other,other,other,other,other,other,other,other,other,other,other
1896,subgenre-theme,novela sentimental,other,2000,word,tfidf,5,nh0010,other,other,other,other,other,other,other,other,other,other,other
1897,subgenre-theme,novela sentimental,other,2000,word,tfidf,5,nh0013,novela sentimental,novela sentimental,novela sentimental,novela sentimental,novela sentimental,novela sentimental,novela sentimental,novela sentimental,novela sentimental,novela sentimental,novela sentimental
1898,subgenre-theme,novela sentimental,other,2000,word,tfidf,5,nh0014,novela sentimental,novela sentimental,novela sentimental,novela sentimental,novela sentimental,novela sentimental,novela sentimental,novela sentimental,novela sentimental,novela sentimental,novela sentimental
1899,subgenre-theme,novela sentimental,other,2000,word,tfidf,5,nh0018,novela sentimental,novela sentimental,novela sentimental,novela sentimental,novela sentimental,novela sentimental,novela sentimental,novela sentimental,novela sentimental,novela sentimental,novela sentimental
1900,subgenre-theme,novela sentimental,other,2000,word,tfidf,5,nh0019,other,other,other,other,other,other,other,other,other,other,other
1901,subgenre-theme,novela sentimental,other,2000,word,tfidf,5,nh0021,novela sentimental,novela sentimental,novela sentimental,novela sentimental,novela sentimental,novela sentimental,novela sentimental,novela sentimental,novela sentimental,novela sentimental,novela sentimental
1902,subgenre-theme,novela sentimental,other,2000,word,tfidf,5,nh0026,other,other,other,other,other,other,other,other,other,other,other
1903,subgenre-theme,novela sentimental,other,2000,word,tfidf,5,nh0028,other,other,other,other,other,other,other,other,other,other,other
1904,subgenre-theme,novela sentimental,other,2000,word,tfidf,5,nh0029,other,other,other,other,other,other,other,other,other,other,other
1905,subgenre-theme,novela sentimental,other,2000,word,tfidf,5,nh0031,other,other,other,other,other,other,other,other,other,other,other
1906,subgenre-theme,novela sentimental,other,2000,word,tfidf,5,nh0032,other,other,novela sentimental,other,other,other,other,other,other,other,other
1907,subgenre-theme,novela sentimental,other,2000,word,tfidf,5,nh0033,other,other,other,other,other,other,other,other,other,other,other
1908,subgenre-theme,novela sentimental,other,2000,word,tfidf,5,nh0034,novela sentimental,novela sentimental,other,novela sentimental,novela sentimental,novela sentimental,novela sentimental,novela sentimental,novela sentimental,novela sentimental,novela sentimental
1909,subgenre-theme,novela sentimental,other,2000,word,tfidf,5,nh0043,novela sentimental,novela sentimental,novela sentimental,novela sentimental,novela sentimental,novela sentimental,novela sentimental,novela sentimental,novela sentimental,novela sentimental,novela sentimental
1910,subgenre-theme,novela sentimental,other,2000,word,tfidf,5,nh0045,novela sentimental,novela sentimental,other,novela sentimental,novela sentimental,novela sentimental,novela sentimental,novela sentimental,novela sentimental,novela sentimental,novela sentimental
1911,subgenre-theme,novela sentimental,other,2000,word,tfidf,5,nh0047,other,other,other,other,other,other,other,other,other,other,other
1912,subgenre-theme,novela sentimental,other,2000,word,tfidf,5,nh0049,other,other,other,other,other,other,other,other,other,other,other
1913,subgenre-theme,novela sentimental,other,2000,word,tfidf,5,nh0052,other,other,other,novela sentimental,other,other,other,other,other,other,other
1914,subgenre-theme,novela sentimental,other,2000,word,tfidf,5,nh0053,other,other,other,other,other,other,other,other,other,other,other
1915,subgenre-theme,novela sentimental,other,2000,word,tfidf,5,nh0056,other,other,other,other,other,other,other,other,other,other,other
1916,subgenre-theme,novela sentimental,other,2000,word,tfidf,5,nh0058,other,other,other,other,other,other,other,other,other,other,other
1917,subgenre-theme,novela sentimental,other,2000,word,tfidf,5,nh0060,other,other,other,other,other,other,other,other,other,other,other
1918,subgenre-theme,novela sentimental,other,2000,word,tfidf,5,nh0061,other,other,other,other,other,other,other,other,other,other,other
1919,subgenre-theme,novela sentimental,other,2000,word,tfidf,5,nh0068,novela sentimental,novela sentimental,other,novela sentimental,novela sentimental,novela sentimental,novela sentimental,novela sentimental,novela sentimental,novela sentimental,novela sentimental
1920,subgenre-theme,novela sentimental,other,2000,word,tfidf,5,nh0071,other,other,other,other,novela sentimental,other,other,other,other,other,other
1921,subgenre-theme,novela sentimental,other,2000,word,tfidf,5,nh0072,novela sentimental,novela sentimental,novela sentimental,other,novela sentimental,novela sentimental,novela sentimental,novela sentimental,novela sentimental,novela sentimental,novela sentimental
1922,subgenre-theme,novela sentimental,other,2000,word,tfidf,5,nh0076,novela sentimental,novela sentimental,novela sentimental,other,novela sentimental,novela sentimental,novela sentimental,novela sentimental,novela sentimental,novela sentimental,novela sentimental
1923,subgenre-theme,novela sentimental,other,2000,word,tfidf,5,nh0080,other,other,other,other,other,other,other,other,other,other,other
1924,subgenre-theme,novela sentimental,other,2000,word,tfidf,5,nh0082,novela sentimental,novela sentimental,novela sentimental,novela sentimental,novela sentimental,novela sentimental,novela sentimental,novela sentimental,novela sentimental,novela sentimental,novela sentimental
1925,subgenre-theme,novela sentimental,other,2000,word,tfidf,5,nh0083,other,other,other,other,other,other,other,other,other,other,other
1926,subgenre-theme,novela sentimental,other,2000,word,tfidf,5,nh0084,other,other,other,other,other,other,other,other,other,other,other
1927,subgenre-theme,novela sentimental,other,2000,word,tfidf,5,nh0087,novela sentimental,novela sentimental,novela sentimental,novela sentimental,novela sentimental,novela sentimental,novela sentimental,novela sentimental,novela sentimental,novela sentimental,novela sentimental
1928,subgenre-theme,novela sentimental,other,2000,word,tfidf,5,nh0089,novela sentimental,novela sentimental,novela sentimental,novela sentimental,novela sentimental,novela sentimental,novela sentimental,novela sentimental,novela sentimental,novela sentimental,novela sentimental
1929,subgenre-theme,novela sentimental,other,2000,word,tfidf,5,nh0090,other,other,other,other,other,other,other,other,other,other,other
1930,subgenre-theme,novela sentimental,other,2000,word,tfidf,5,nh0092,novela sentimental,novela sentimental,novela sentimental,novela sentimental,novela sentimental,novela sentimental,novela sentimental,novela sentimental,novela sentimental,novela sentimental,novela sentimental
1931,subgenre-theme,novela sentimental,other,2000,word,tfidf,5,nh0095,other,other,other,other,other,novela sentimental,other,other,other,other,other
1932,subgenre-theme,novela sentimental,other,2000,word,tfidf,5,nh0096,novela sentimental,novela sentimental,novela sentimental,novela sentimental,novela sentimental,novela sentimental,novela sentimental,novela sentimental,novela sentimental,novela sentimental,novela sentimental
1933,subgenre-theme,novela sentimental,other,2000,word,tfidf,5,nh0098,novela sentimental,novela sentimental,novela sentimental,novela sentimental,novela sentimental,novela sentimental,novela sentimental,novela sentimental,novela sentimental,novela sentimental,novela sentimental
1934,subgenre-theme,novela sentimental,other,2000,word,tfidf,5,nh0099,novela sentimental,novela sentimental,novela sentimental,novela sentimental,novela sentimental,novela sentimental,novela sentimental,novela sentimental,novela sentimental,novela sentimental,novela sentimental
1935,subgenre-theme,novela sentimental,other,2000,word,tfidf,5,nh0102,novela sentimental,novela sentimental,novela sentimental,novela sentimental,novela sentimental,novela sentimental,novela sentimental,novela sentimental,novela sentimental,novela sentimental,novela sentimental
1936,subgenre-theme,novela sentimental,other,2000,word,tfidf,5,nh0104,novela sentimental,novela sentimental,novela sentimental,novela sentimental,novela sentimental,novela sentimental,novela sentimental,novela sentimental,novela sentimental,novela sentimental,novela sentimental
1937,subgenre-theme,novela sentimental,other,2000,word,tfidf,5,nh0106,other,other,other,other,other,other,other,other,other,other,other
1938,subgenre-theme,novela sentimental,other,2000,word,tfidf,5,nh0107,other,other,other,other,other,other,other,other,other,other,other
1939,subgenre-theme,novela sentimental,other,2000,word,tfidf,5,nh0112,other,other,other,other,other,other,other,other,other,other,other
1940,subgenre-theme,novela sentimental,other,2000,word,tfidf,5,nh0115,other,other,other,other,other,other,other,other,other,other,other
1941,subgenre-theme,novela sentimental,other,2000,word,tfidf,5,nh0119,novela sentimental,novela sentimental,novela sentimental,novela sentimental,novela sentimental,novela sentimental,novela sentimental,novela sentimental,novela sentimental,novela sentimental,novela sentimental
1942,subgenre-theme,novela sentimental,other,2000,word,tfidf,5,nh0120,other,other,other,other,other,other,novela sentimental,other,other,other,other
1943,subgenre-theme,novela sentimental,other,2000,word,tfidf,5,nh0122,other,other,other,other,other,other,other,other,other,other,other
1944,subgenre-theme,novela sentimental,other,2000,word,tfidf,5,nh0123,novela sentimental,novela sentimental,novela sentimental,novela sentimental,novela sentimental,novela sentimental,novela sentimental,novela sentimental,novela sentimental,novela sentimental,novela sentimental
1945,subgenre-theme,novela sentimental,other,2000,word,tfidf,5,nh0124,other,other,other,other,other,other,novela sentimental,other,other,other,other
1946,subgenre-theme,novela sentimental,other,2000,word,tfidf,5,nh0130,novela sentimental,novela sentimental,novela sentimental,novela sentimental,novela sentimental,other,novela sentimental,novela sentimental,novela sentimental,novela sentimental,novela sentimental
1947,subgenre-theme,novela sentimental,other,2000,word,tfidf,5,nh0131,other,other,other,other,other,other,novela sentimental,other,other,other,other
1948,subgenre-theme,novela sentimental,other,2000,word,tfidf,5,nh0132,novela sentimental,novela sentimental,novela sentimental,novela sentimental,novela sentimental,novela sentimental,novela sentimental,novela sentimental,novela sentimental,novela sentimental,novela sentimental
1949,subgenre-theme,novela sentimental,other,2000,word,tfidf,5,nh0136,novela sentimental,novela sentimental,novela sentimental,novela sentimental,novela sentimental,novela sentimental,novela sentimental,novela sentimental,novela sentimental,novela sentimental,novela sentimental
1950,subgenre-theme,novela sentimental,other,2000,word,tfidf,5,nh0138,other,other,other,other,other,other,other,other,other,other,other
1951,subgenre-theme,novela sentimental,other,2000,word,tfidf,5,nh0140,novela sentimental,novela sentimental,novela sentimental,novela sentimental,novela sentimental,novela sentimental,novela sentimental,novela sentimental,novela sentimental,novela sentimental,novela sentimental
1952,subgenre-theme,novela sentimental,other,2000,word,tfidf,5,nh0144,other,other,other,other,other,other,other,other,other,other,other
1953,subgenre-theme,novela sentimental,other,2000,word,tfidf,5,nh0145,novela sentimental,novela sentimental,novela sentimental,novela sentimental,novela sentimental,novela sentimental,novela sentimental,novela sentimental,novela sentimental,novela sentimental,novela sentimental
1954,subgenre-theme,novela sentimental,other,2000,word,tfidf,5,nh0146,novela sentimental,novela sentimental,novela sentimental,novela sentimental,novela sentimental,novela sentimental,novela sentimental,novela sentimental,novela sentimental,novela sentimental,novela sentimental
1955,subgenre-theme,novela sentimental,other,2000,word,tfidf,5,nh0147,other,other,other,other,other,other,other,other,other,other,other
1956,subgenre-theme,novela sentimental,other,2000,word,tfidf,5,nh0148,other,other,other,other,other,other,other,other,other,other,other
1957,subgenre-theme,novela sentimental,other,2000,word,tfidf,5,nh0150,other,other,other,other,other,other,other,novela sentimental,other,other,other
1958,subgenre-theme,novela sentimental,other,2000,word,tfidf,5,nh0151,novela sentimental,novela sentimental,novela sentimental,novela sentimental,novela sentimental,novela sentimental,novela sentimental,novela sentimental,novela sentimental,novela sentimental,novela sentimental
1959,subgenre-theme,novela sentimental,other,2000,word,tfidf,5,nh0154,novela sentimental,novela sentimental,novela sentimental,novela sentimental,novela sentimental,novela sentimental,novela sentimental,novela sentimental,novela sentimental,novela sentimental,novela sentimental
1960,subgenre-theme,novela sentimental,other,2000,word,tfidf,5,nh0156,novela sentimental,novela sentimental,novela sentimental,novela sentimental,novela sentimental,novela sentimental,novela sentimental,novela sentimental,novela sentimental,novela sentimental,novela sentimental
1961,subgenre-theme,novela sentimental,other,2000,word,tfidf,5,nh0162,novela sentimental,novela sentimental,novela sentimental,novela sentimental,novela sentimental,novela sentimental,novela sentimental,other,novela sentimental,novela sentimental,novela sentimental
1962,subgenre-theme,novela sentimental,other,2000,word,tfidf,5,nh0170,other,other,other,other,other,other,other,other,other,other,other
1963,subgenre-theme,novela sentimental,other,2000,word,tfidf,5,nh0171,novela sentimental,novela sentimental,novela sentimental,novela sentimental,novela sentimental,novela sentimental,novela sentimental,novela sentimental,novela sentimental,novela sentimental,novela sentimental
1964,subgenre-theme,novela sentimental,other,2000,word,tfidf,5,nh0175,other,other,other,other,other,other,other,other,novela sentimental,other,other
1965,subgenre-theme,novela sentimental,other,2000,word,tfidf,5,nh0183,novela sentimental,novela sentimental,novela sentimental,novela sentimental,novela sentimental,novela sentimental,novela sentimental,novela sentimental,novela sentimental,novela sentimental,novela sentimental
1966,subgenre-theme,novela sentimental,other,2000,word,tfidf,5,nh0187,novela sentimental,novela sentimental,novela sentimental,novela sentimental,novela sentimental,novela sentimental,novela sentimental,other,novela sentimental,novela sentimental,novela sentimental
1967,subgenre-theme,novela sentimental,other,2000,word,tfidf,5,nh0188,novela sentimental,novela sentimental,novela sentimental,novela sentimental,novela sentimental,novela sentimental,novela sentimental,novela sentimental,novela sentimental,novela sentimental,novela sentimental
1968,subgenre-theme,novela sentimental,other,2000,word,tfidf,5,nh0192,other,other,other,other,other,other,other,other,other,other,other
1969,subgenre-theme,novela sentimental,other,2000,word,tfidf,5,nh0194,other,other,other,other,other,other,other,other,other,other,other
1970,subgenre-theme,novela sentimental,other,2000,word,tfidf,5,nh0195,novela sentimental,novela sentimental,novela sentimental,novela sentimental,novela sentimental,novela sentimental,novela sentimental,novela sentimental,novela sentimental,novela sentimental,novela sentimental
1971,subgenre-theme,novela sentimental,other,2000,word,tfidf,5,nh0196,other,other,other,other,other,other,other,other,other,other,other
1972,subgenre-theme,novela sentimental,other,2000,word,tfidf,5,nh0202,novela sentimental,novela sentimental,novela sentimental,novela sentimental,novela sentimental,novela sentimental,novela sentimental,novela sentimental,other,novela sentimental,novela sentimental
1973,subgenre-theme,novela sentimental,other,2000,word,tfidf,5,nh0207,novela sentimental,novela sentimental,novela sentimental,novela sentimental,novela sentimental,novela sentimental,novela sentimental,novela sentimental,novela sentimental,novela sentimental,novela sentimental
1974,subgenre-theme,novela sentimental,other,2000,word,tfidf,5,nh0209,novela sentimental,novela sentimental,novela sentimental,novela sentimental,novela sentimental,novela sentimental,novela sentimental,novela sentimental,novela sentimental,novela sentimental,novela sentimental
1975,subgenre-theme,novela sentimental,other,2000,word,tfidf,5,nh0212,novela sentimental,novela sentimental,novela sentimental,novela sentimental,novela sentimental,novela sentimental,novela sentimental,novela sentimental,novela sentimental,novela sentimental,novela sentimental
1976,subgenre-theme,novela sentimental,other,2000,word,tfidf,5,nh0213,other,other,other,other,other,other,other,other,other,other,other
1977,subgenre-theme,novela sentimental,other,2000,word,tfidf,5,nh0216,novela sentimental,novela sentimental,novela sentimental,novela sentimental,novela sentimental,novela sentimental,novela sentimental,novela sentimental,novela sentimental,novela sentimental,novela sentimental
1978,subgenre-theme,novela sentimental,other,2000,word,tfidf,5,nh0218,novela sentimental,novela sentimental,novela sentimental,novela sentimental,novela sentimental,novela sentimental,novela sentimental,novela sentimental,novela sentimental,novela sentimental,novela sentimental
1979,subgenre-theme,novela sentimental,other,2000,word,tfidf,5,nh0219,novela sentimental,novela sentimental,novela sentimental,novela sentimental,novela sentimental,novela sentimental,novela sentimental,novela sentimental,novela sentimental,novela sentimental,novela sentimental
1980,subgenre-theme,novela sentimental,other,2000,word,tfidf,5,nh0223,other,other,other,other,other,other,other,other,other,other,other
1981,subgenre-theme,novela sentimental,other,2000,word,tfidf,5,nh0227,other,other,other,other,other,other,other,other,other,other,other
1982,subgenre-theme,novela sentimental,other,2000,word,tfidf,5,nh0228,novela sentimental,novela sentimental,novela sentimental,novela sentimental,novela sentimental,novela sentimental,novela sentimental,novela sentimental,novela sentimental,novela sentimental,novela sentimental
1983,subgenre-theme,novela sentimental,other,2000,word,tfidf,5,nh0230,novela sentimental,novela sentimental,novela sentimental,novela sentimental,novela sentimental,novela sentimental,novela sentimental,novela sentimental,novela sentimental,other,novela sentimental
1984,subgenre-theme,novela sentimental,other,2000,word,tfidf,5,nh0231,other,other,other,other,other,other,other,other,other,other,other
1985,subgenre-theme,novela sentimental,other,2000,word,tfidf,5,nh0232,other,other,other,other,other,other,other,other,other,other,other
1986,subgenre-theme,novela sentimental,other,2000,word,tfidf,5,nh0233,novela sentimental,novela sentimental,novela sentimental,novela sentimental,novela sentimental,novela sentimental,novela sentimental,novela sentimental,novela sentimental,other,novela sentimental
1987,subgenre-theme,novela sentimental,other,2000,word,tfidf,5,nh0235,other,other,other,other,other,other,other,other,other,other,other
1988,subgenre-theme,novela sentimental,other,2000,word,tfidf,5,nh0236,other,other,other,other,other,other,other,other,other,other,novela sentimental
1989,subgenre-theme,novela sentimental,other,2000,word,tfidf,5,nh0237,novela sentimental,novela sentimental,novela sentimental,novela sentimental,novela sentimental,novela sentimental,novela sentimental,novela sentimental,novela sentimental,novela sentimental,novela sentimental
1990,subgenre-theme,novela sentimental,other,2000,word,tfidf,5,nh0241,novela sentimental,novela sentimental,novela sentimental,novela sentimental,novela sentimental,novela sentimental,novela sentimental,novela sentimental,novela sentimental,novela sentimental,other
1991,subgenre-theme,novela sentimental,other,2000,word,tfidf,5,nh0243,other,other,other,other,other,other,other,other,other,other,other
1992,subgenre-theme,novela sentimental,other,2000,word,tfidf,5,nh0244,other,other,other,other,other,other,other,other,other,other,other
1993,subgenre-theme,novela sentimental,other,2000,word,tfidf,5,nh0245,novela sentimental,novela sentimental,novela sentimental,novela sentimental,novela sentimental,novela sentimental,novela sentimental,novela sentimental,novela sentimental,novela sentimental,novela sentimental
1994,subgenre-theme,novela sentimental,other,2000,word,tfidf,5,nh0250,novela sentimental,novela sentimental,novela sentimental,novela sentimental,novela sentimental,novela sentimental,novela sentimental,novela sentimental,novela sentimental,novela sentimental,novela sentimental
1995,subgenre-theme,novela sentimental,other,2000,word,tfidf,5,nh0251,novela sentimental,novela sentimental,novela sentimental,novela sentimental,novela sentimental,novela sentimental,novela sentimental,novela sentimental,novela sentimental,novela sentimental,novela sentimental
1996,subgenre-theme,novela sentimental,other,2000,word,tfidf,5,nh0252,novela sentimental,novela sentimental,novela sentimental,novela sentimental,novela sentimental,novela sentimental,novela sentimental,novela sentimental,novela sentimental,novela sentimental,novela sentimental
1997,subgenre-theme,novela sentimental,other,2000,word,tfidf,5,nh0253,other,other,other,other,other,other,other,other,other,other,other
1998,subgenre-theme,novela sentimental,other,2000,word,tfidf,5,nh0254,novela sentimental,novela sentimental,novela sentimental,novela sentimental,novela sentimental,novela sentimental,novela sentimental,novela sentimental,novela sentimental,novela sentimental,novela sentimental
1999,subgenre-theme,novela sentimental,other,2000,word,tfidf,5,nh0256,other,other,other,other,other,other,other,other,other,other,other
2000,subgenre-theme,novela sentimental,other,2000,word,tfidf,6,nh0001,other,other,other,other,other,other,other,other,other,other,other
2001,subgenre-theme,novela sentimental,other,2000,word,tfidf,6,nh0003,novela sentimental,novela sentimental,novela sentimental,novela sentimental,novela sentimental,novela sentimental,novela sentimental,novela sentimental,novela sentimental,novela sentimental,novela sentimental
2002,subgenre-theme,novela sentimental,other,2000,word,tfidf,6,nh0004,other,other,other,other,other,other,other,other,other,other,other
2003,subgenre-theme,novela sentimental,other,2000,word,tfidf,6,nh0006,novela sentimental,novela sentimental,novela sentimental,novela sentimental,novela sentimental,novela sentimental,novela sentimental,novela sentimental,novela sentimental,novela sentimental,novela sentimental
2004,subgenre-theme,novela sentimental,other,2000,word,tfidf,6,nh0009,other,other,other,other,other,other,other,other,other,other,other
2005,subgenre-theme,novela sentimental,other,2000,word,tfidf,6,nh0013,novela sentimental,novela sentimental,novela sentimental,novela sentimental,novela sentimental,novela sentimental,novela sentimental,novela sentimental,novela sentimental,novela sentimental,novela sentimental
2006,subgenre-theme,novela sentimental,other,2000,word,tfidf,6,nh0014,novela sentimental,novela sentimental,novela sentimental,novela sentimental,novela sentimental,novela sentimental,novela sentimental,novela sentimental,novela sentimental,novela sentimental,novela sentimental
2007,subgenre-theme,novela sentimental,other,2000,word,tfidf,6,nh0017,other,other,other,other,other,other,other,other,other,other,other
2008,subgenre-theme,novela sentimental,other,2000,word,tfidf,6,nh0018,novela sentimental,novela sentimental,novela sentimental,novela sentimental,novela sentimental,novela sentimental,novela sentimental,novela sentimental,novela sentimental,novela sentimental,novela sentimental
2009,subgenre-theme,novela sentimental,other,2000,word,tfidf,6,nh0021,novela sentimental,novela sentimental,novela sentimental,novela sentimental,novela sentimental,novela sentimental,novela sentimental,novela sentimental,novela sentimental,novela sentimental,novela sentimental
2010,subgenre-theme,novela sentimental,other,2000,word,tfidf,6,nh0022,other,other,other,other,other,other,other,other,other,other,other
2011,subgenre-theme,novela sentimental,other,2000,word,tfidf,6,nh0026,other,other,other,other,other,other,other,other,other,other,other
2012,subgenre-theme,novela sentimental,other,2000,word,tfidf,6,nh0029,other,other,other,other,other,other,other,other,other,other,other
2013,subgenre-theme,novela sentimental,other,2000,word,tfidf,6,nh0032,other,other,other,other,other,other,other,other,other,other,other
2014,subgenre-theme,novela sentimental,other,2000,word,tfidf,6,nh0033,other,other,other,other,other,other,other,other,other,other,other
2015,subgenre-theme,novela sentimental,other,2000,word,tfidf,6,nh0034,novela sentimental,novela sentimental,other,novela sentimental,novela sentimental,novela sentimental,novela sentimental,novela sentimental,novela sentimental,novela sentimental,novela sentimental
2016,subgenre-theme,novela sentimental,other,2000,word,tfidf,6,nh0035,other,other,other,other,other,other,other,other,other,other,other
2017,subgenre-theme,novela sentimental,other,2000,word,tfidf,6,nh0036,other,other,novela sentimental,other,other,other,other,other,other,other,other
2018,subgenre-theme,novela sentimental,other,2000,word,tfidf,6,nh0039,other,other,other,other,other,other,other,other,other,other,other
2019,subgenre-theme,novela sentimental,other,2000,word,tfidf,6,nh0040,other,other,other,other,other,other,other,other,other,other,other
2020,subgenre-theme,novela sentimental,other,2000,word,tfidf,6,nh0043,novela sentimental,novela sentimental,novela sentimental,novela sentimental,novela sentimental,novela sentimental,novela sentimental,novela sentimental,novela sentimental,novela sentimental,novela sentimental
2021,subgenre-theme,novela sentimental,other,2000,word,tfidf,6,nh0045,novela sentimental,novela sentimental,other,novela sentimental,novela sentimental,novela sentimental,novela sentimental,novela sentimental,novela sentimental,novela sentimental,novela sentimental
2022,subgenre-theme,novela sentimental,other,2000,word,tfidf,6,nh0059,other,other,other,other,other,other,other,other,other,other,other
2023,subgenre-theme,novela sentimental,other,2000,word,tfidf,6,nh0061,other,other,other,other,other,other,other,other,other,other,other
2024,subgenre-theme,novela sentimental,other,2000,word,tfidf,6,nh0062,other,other,other,novela sentimental,other,other,other,other,other,other,other
2025,subgenre-theme,novela sentimental,other,2000,word,tfidf,6,nh0068,novela sentimental,novela sentimental,novela sentimental,novela sentimental,novela sentimental,novela sentimental,novela sentimental,novela sentimental,novela sentimental,novela sentimental,novela sentimental
2026,subgenre-theme,novela sentimental,other,2000,word,tfidf,6,nh0069,other,other,other,other,other,other,other,other,other,other,other
2027,subgenre-theme,novela sentimental,other,2000,word,tfidf,6,nh0072,novela sentimental,novela sentimental,novela sentimental,other,novela sentimental,novela sentimental,novela sentimental,novela sentimental,novela sentimental,novela sentimental,novela sentimental
2028,subgenre-theme,novela sentimental,other,2000,word,tfidf,6,nh0073,other,other,other,novela sentimental,other,other,other,other,other,other,other
2029,subgenre-theme,novela sentimental,other,2000,word,tfidf,6,nh0074,other,other,other,other,other,other,other,other,other,other,other
2030,subgenre-theme,novela sentimental,other,2000,word,tfidf,6,nh0076,novela sentimental,novela sentimental,novela sentimental,other,novela sentimental,novela sentimental,novela sentimental,novela sentimental,novela sentimental,novela sentimental,novela sentimental
2031,subgenre-theme,novela sentimental,other,2000,word,tfidf,6,nh0081,other,other,other,other,other,other,other,other,other,other,other
2032,subgenre-theme,novela sentimental,other,2000,word,tfidf,6,nh0082,novela sentimental,novela sentimental,novela sentimental,novela sentimental,novela sentimental,novela sentimental,novela sentimental,novela sentimental,novela sentimental,novela sentimental,novela sentimental
2033,subgenre-theme,novela sentimental,other,2000,word,tfidf,6,nh0083,other,other,other,other,other,other,other,other,other,other,other
2034,subgenre-theme,novela sentimental,other,2000,word,tfidf,6,nh0087,novela sentimental,novela sentimental,novela sentimental,novela sentimental,novela sentimental,novela sentimental,novela sentimental,novela sentimental,novela sentimental,novela sentimental,novela sentimental
2035,subgenre-theme,novela sentimental,other,2000,word,tfidf,6,nh0089,novela sentimental,novela sentimental,novela sentimental,novela sentimental,novela sentimental,novela sentimental,novela sentimental,novela sentimental,novela sentimental,novela sentimental,novela sentimental
2036,subgenre-theme,novela sentimental,other,2000,word,tfidf,6,nh0090,other,other,other,other,other,other,other,other,other,other,other
2037,subgenre-theme,novela sentimental,other,2000,word,tfidf,6,nh0091,other,other,other,other,novela sentimental,other,other,other,other,other,other
2038,subgenre-theme,novela sentimental,other,2000,word,tfidf,6,nh0092,novela sentimental,novela sentimental,novela sentimental,novela sentimental,novela sentimental,novela sentimental,novela sentimental,novela sentimental,novela sentimental,novela sentimental,novela sentimental
2039,subgenre-theme,novela sentimental,other,2000,word,tfidf,6,nh0093,other,other,other,other,other,other,other,other,other,other,other
2040,subgenre-theme,novela sentimental,other,2000,word,tfidf,6,nh0095,other,other,other,other,other,novela sentimental,other,other,other,other,other
2041,subgenre-theme,novela sentimental,other,2000,word,tfidf,6,nh0096,novela sentimental,novela sentimental,novela sentimental,novela sentimental,novela sentimental,novela sentimental,novela sentimental,novela sentimental,novela sentimental,novela sentimental,novela sentimental
2042,subgenre-theme,novela sentimental,other,2000,word,tfidf,6,nh0097,other,other,other,other,other,other,other,other,other,other,other
2043,subgenre-theme,novela sentimental,other,2000,word,tfidf,6,nh0098,novela sentimental,novela sentimental,novela sentimental,novela sentimental,novela sentimental,novela sentimental,novela sentimental,novela sentimental,novela sentimental,novela sentimental,novela sentimental
2044,subgenre-theme,novela sentimental,other,2000,word,tfidf,6,nh0099,novela sentimental,novela sentimental,novela sentimental,novela sentimental,other,novela sentimental,novela sentimental,novela sentimental,novela sentimental,novela sentimental,novela sentimental
2045,subgenre-theme,novela sentimental,other,2000,word,tfidf,6,nh0102,novela sentimental,novela sentimental,novela sentimental,novela sentimental,novela sentimental,novela sentimental,novela sentimental,novela sentimental,novela sentimental,novela sentimental,novela sentimental
2046,subgenre-theme,novela sentimental,other,2000,word,tfidf,6,nh0104,novela sentimental,novela sentimental,novela sentimental,novela sentimental,novela sentimental,novela sentimental,novela sentimental,novela sentimental,novela sentimental,novela sentimental,novela sentimental
2047,subgenre-theme,novela sentimental,other,2000,word,tfidf,6,nh0110,other,other,other,other,other,novela sentimental,other,other,other,other,other
2048,subgenre-theme,novela sentimental,other,2000,word,tfidf,6,nh0119,novela sentimental,novela sentimental,novela sentimental,novela sentimental,novela sentimental,novela sentimental,novela sentimental,novela sentimental,novela sentimental,novela sentimental,novela sentimental
2049,subgenre-theme,novela sentimental,other,2000,word,tfidf,6,nh0122,other,other,other,other,other,other,other,other,other,other,other
2050,subgenre-theme,novela sentimental,other,2000,word,tfidf,6,nh0123,novela sentimental,novela sentimental,novela sentimental,novela sentimental,novela sentimental,other,novela sentimental,novela sentimental,novela sentimental,novela sentimental,novela sentimental
2051,subgenre-theme,novela sentimental,other,2000,word,tfidf,6,nh0127,other,other,other,other,other,other,other,other,other,other,other
2052,subgenre-theme,novela sentimental,other,2000,word,tfidf,6,nh0130,novela sentimental,novela sentimental,novela sentimental,novela sentimental,novela sentimental,other,novela sentimental,novela sentimental,novela sentimental,novela sentimental,novela sentimental
2053,subgenre-theme,novela sentimental,other,2000,word,tfidf,6,nh0132,novela sentimental,novela sentimental,novela sentimental,novela sentimental,novela sentimental,novela sentimental,novela sentimental,novela sentimental,novela sentimental,novela sentimental,novela sentimental
2054,subgenre-theme,novela sentimental,other,2000,word,tfidf,6,nh0136,novela sentimental,novela sentimental,novela sentimental,novela sentimental,novela sentimental,novela sentimental,novela sentimental,novela sentimental,novela sentimental,novela sentimental,novela sentimental
2055,subgenre-theme,novela sentimental,other,2000,word,tfidf,6,nh0138,other,other,other,other,other,other,other,other,other,other,other
2056,subgenre-theme,novela sentimental,other,2000,word,tfidf,6,nh0139,other,other,other,other,other,other,other,other,other,other,other
2057,subgenre-theme,novela sentimental,other,2000,word,tfidf,6,nh0140,novela sentimental,novela sentimental,novela sentimental,novela sentimental,novela sentimental,novela sentimental,novela sentimental,novela sentimental,novela sentimental,novela sentimental,novela sentimental
2058,subgenre-theme,novela sentimental,other,2000,word,tfidf,6,nh0144,other,other,other,other,other,other,other,other,other,other,other
2059,subgenre-theme,novela sentimental,other,2000,word,tfidf,6,nh0145,novela sentimental,novela sentimental,novela sentimental,novela sentimental,novela sentimental,novela sentimental,novela sentimental,novela sentimental,novela sentimental,novela sentimental,novela sentimental
2060,subgenre-theme,novela sentimental,other,2000,word,tfidf,6,nh0146,novela sentimental,novela sentimental,novela sentimental,novela sentimental,novela sentimental,novela sentimental,novela sentimental,novela sentimental,novela sentimental,novela sentimental,novela sentimental
2061,subgenre-theme,novela sentimental,other,2000,word,tfidf,6,nh0148,other,other,other,other,other,other,other,other,other,other,other
2062,subgenre-theme,novela sentimental,other,2000,word,tfidf,6,nh0151,novela sentimental,novela sentimental,novela sentimental,novela sentimental,novela sentimental,novela sentimental,novela sentimental,novela sentimental,novela sentimental,novela sentimental,novela sentimental
2063,subgenre-theme,novela sentimental,other,2000,word,tfidf,6,nh0152,other,other,other,other,other,other,other,other,other,other,other
2064,subgenre-theme,novela sentimental,other,2000,word,tfidf,6,nh0153,other,other,other,other,other,other,novela sentimental,other,other,other,other
2065,subgenre-theme,novela sentimental,other,2000,word,tfidf,6,nh0154,novela sentimental,novela sentimental,novela sentimental,novela sentimental,novela sentimental,novela sentimental,novela sentimental,novela sentimental,novela sentimental,novela sentimental,novela sentimental
2066,subgenre-theme,novela sentimental,other,2000,word,tfidf,6,nh0155,other,other,other,other,other,other,other,other,other,other,other
2067,subgenre-theme,novela sentimental,other,2000,word,tfidf,6,nh0156,novela sentimental,novela sentimental,novela sentimental,novela sentimental,novela sentimental,novela sentimental,novela sentimental,novela sentimental,novela sentimental,novela sentimental,novela sentimental
2068,subgenre-theme,novela sentimental,other,2000,word,tfidf,6,nh0161,other,other,other,other,other,other,other,other,other,other,other
2069,subgenre-theme,novela sentimental,other,2000,word,tfidf,6,nh0162,novela sentimental,novela sentimental,novela sentimental,novela sentimental,novela sentimental,novela sentimental,novela sentimental,novela sentimental,novela sentimental,novela sentimental,novela sentimental
2070,subgenre-theme,novela sentimental,other,2000,word,tfidf,6,nh0167,other,other,other,other,other,other,other,novela sentimental,other,other,other
2071,subgenre-theme,novela sentimental,other,2000,word,tfidf,6,nh0169,other,other,other,other,other,other,other,other,other,other,other
2072,subgenre-theme,novela sentimental,other,2000,word,tfidf,6,nh0171,novela sentimental,novela sentimental,novela sentimental,novela sentimental,novela sentimental,novela sentimental,novela sentimental,novela sentimental,novela sentimental,novela sentimental,novela sentimental
2073,subgenre-theme,novela sentimental,other,2000,word,tfidf,6,nh0173,other,other,other,other,other,other,other,novela sentimental,other,other,other
2074,subgenre-theme,novela sentimental,other,2000,word,tfidf,6,nh0176,other,other,other,other,other,other,other,other,other,other,other
2075,subgenre-theme,novela sentimental,other,2000,word,tfidf,6,nh0179,other,other,other,other,other,other,other,other,novela sentimental,other,other
2076,subgenre-theme,novela sentimental,other,2000,word,tfidf,6,nh0183,novela sentimental,novela sentimental,novela sentimental,novela sentimental,novela sentimental,novela sentimental,novela sentimental,novela sentimental,novela sentimental,novela sentimental,novela sentimental
2077,subgenre-theme,novela sentimental,other,2000,word,tfidf,6,nh0186,other,other,other,other,other,other,other,other,novela sentimental,other,other
2078,subgenre-theme,novela sentimental,other,2000,word,tfidf,6,nh0187,novela sentimental,novela sentimental,novela sentimental,novela sentimental,novela sentimental,novela sentimental,novela sentimental,other,novela sentimental,novela sentimental,novela sentimental
2079,subgenre-theme,novela sentimental,other,2000,word,tfidf,6,nh0188,novela sentimental,novela sentimental,novela sentimental,novela sentimental,novela sentimental,novela sentimental,novela sentimental,novela sentimental,novela sentimental,novela sentimental,novela sentimental
2080,subgenre-theme,novela sentimental,other,2000,word,tfidf,6,nh0191,other,other,other,other,other,other,other,other,other,other,other
2081,subgenre-theme,novela sentimental,other,2000,word,tfidf,6,nh0195,novela sentimental,novela sentimental,novela sentimental,novela sentimental,novela sentimental,novela sentimental,novela sentimental,novela sentimental,novela sentimental,novela sentimental,novela sentimental
2082,subgenre-theme,novela sentimental,other,2000,word,tfidf,6,nh0198,other,other,other,other,other,other,other,other,novela sentimental,other,other
2083,subgenre-theme,novela sentimental,other,2000,word,tfidf,6,nh0199,other,other,other,other,other,other,other,other,other,other,other
2084,subgenre-theme,novela sentimental,other,2000,word,tfidf,6,nh0200,other,other,other,other,other,other,other,other,other,other,other
2085,subgenre-theme,novela sentimental,other,2000,word,tfidf,6,nh0202,novela sentimental,novela sentimental,novela sentimental,novela sentimental,novela sentimental,novela sentimental,novela sentimental,novela sentimental,other,novela sentimental,novela sentimental
2086,subgenre-theme,novela sentimental,other,2000,word,tfidf,6,nh0207,novela sentimental,novela sentimental,novela sentimental,novela sentimental,novela sentimental,novela sentimental,novela sentimental,novela sentimental,novela sentimental,novela sentimental,novela sentimental
2087,subgenre-theme,novela sentimental,other,2000,word,tfidf,6,nh0209,novela sentimental,novela sentimental,novela sentimental,novela sentimental,novela sentimental,novela sentimental,novela sentimental,novela sentimental,novela sentimental,novela sentimental,novela sentimental
2088,subgenre-theme,novela sentimental,other,2000,word,tfidf,6,nh0211,other,other,other,other,other,other,other,other,other,other,other
2089,subgenre-theme,novela sentimental,other,2000,word,tfidf,6,nh0212,novela sentimental,novela sentimental,novela sentimental,novela sentimental,novela sentimental,novela sentimental,novela sentimental,novela sentimental,novela sentimental,novela sentimental,novela sentimental
2090,subgenre-theme,novela sentimental,other,2000,word,tfidf,6,nh0216,novela sentimental,novela sentimental,novela sentimental,novela sentimental,novela sentimental,novela sentimental,novela sentimental,novela sentimental,novela sentimental,novela sentimental,novela sentimental
2091,subgenre-theme,novela sentimental,other,2000,word,tfidf,6,nh0218,novela sentimental,novela sentimental,novela sentimental,novela sentimental,novela sentimental,novela sentimental,novela sentimental,novela sentimental,novela sentimental,novela sentimental,novela sentimental
2092,subgenre-theme,novela sentimental,other,2000,word,tfidf,6,nh0219,novela sentimental,novela sentimental,novela sentimental,novela sentimental,novela sentimental,novela sentimental,novela sentimental,novela sentimental,novela sentimental,other,novela sentimental
2093,subgenre-theme,novela sentimental,other,2000,word,tfidf,6,nh0222,other,other,other,other,other,other,other,other,other,other,other
2094,subgenre-theme,novela sentimental,other,2000,word,tfidf,6,nh0228,novela sentimental,novela sentimental,novela sentimental,novela sentimental,novela sentimental,novela sentimental,novela sentimental,novela sentimental,novela sentimental,other,novela sentimental
2095,subgenre-theme,novela sentimental,other,2000,word,tfidf,6,nh0230,novela sentimental,novela sentimental,novela sentimental,novela sentimental,novela sentimental,novela sentimental,novela sentimental,novela sentimental,novela sentimental,other,novela sentimental
2096,subgenre-theme,novela sentimental,other,2000,word,tfidf,6,nh0232,other,other,other,other,other,other,other,other,other,other,other
2097,subgenre-theme,novela sentimental,other,2000,word,tfidf,6,nh0233,novela sentimental,novela sentimental,novela sentimental,novela sentimental,novela sentimental,novela sentimental,novela sentimental,novela sentimental,novela sentimental,novela sentimental,novela sentimental
2098,subgenre-theme,novela sentimental,other,2000,word,tfidf,6,nh0236,other,other,other,other,other,other,other,other,other,other,novela sentimental
2099,subgenre-theme,novela sentimental,other,2000,word,tfidf,6,nh0237,novela sentimental,novela sentimental,novela sentimental,novela sentimental,novela sentimental,novela sentimental,novela sentimental,novela sentimental,novela sentimental,novela sentimental,novela sentimental
2100,subgenre-theme,novela sentimental,other,2000,word,tfidf,6,nh0239,other,other,other,other,other,other,other,other,other,other,other
2101,subgenre-theme,novela sentimental,other,2000,word,tfidf,6,nh0241,novela sentimental,novela sentimental,novela sentimental,novela sentimental,novela sentimental,novela sentimental,novela sentimental,novela sentimental,novela sentimental,novela sentimental,novela sentimental
2102,subgenre-theme,novela sentimental,other,2000,word,tfidf,6,nh0243,other,other,other,other,other,other,other,other,other,other,other
2103,subgenre-theme,novela sentimental,other,2000,word,tfidf,6,nh0245,novela sentimental,novela sentimental,novela sentimental,novela sentimental,novela sentimental,novela sentimental,novela sentimental,novela sentimental,novela sentimental,novela sentimental,novela sentimental
2104,subgenre-theme,novela sentimental,other,2000,word,tfidf,6,nh0246,other,other,other,other,other,other,other,other,other,other,novela sentimental
2105,subgenre-theme,novela sentimental,other,2000,word,tfidf,6,nh0248,other,other,other,other,other,other,other,other,other,other,other
2106,subgenre-theme,novela sentimental,other,2000,word,tfidf,6,nh0250,novela sentimental,novela sentimental,novela sentimental,novela sentimental,novela sentimental,novela sentimental,novela sentimental,novela sentimental,novela sentimental,novela sentimental,novela sentimental
2107,subgenre-theme,novela sentimental,other,2000,word,tfidf,6,nh0251,novela sentimental,novela sentimental,novela sentimental,novela sentimental,novela sentimental,novela sentimental,novela sentimental,novela sentimental,novela sentimental,novela sentimental,novela sentimental
2108,subgenre-theme,novela sentimental,other,2000,word,tfidf,6,nh0252,novela sentimental,novela sentimental,novela sentimental,novela sentimental,novela sentimental,novela sentimental,novela sentimental,novela sentimental,novela sentimental,novela sentimental,novela sentimental
2109,subgenre-theme,novela sentimental,other,2000,word,tfidf,6,nh0254,novela sentimental,novela sentimental,novela sentimental,novela sentimental,novela sentimental,novela sentimental,novela sentimental,novela sentimental,novela sentimental,novela sentimental,novela sentimental
2110,subgenre-theme,novela sentimental,other,2000,word,tfidf,7,nh0003,novela sentimental,novela sentimental,novela sentimental,novela sentimental,novela sentimental,novela sentimental,novela sentimental,novela sentimental,novela sentimental,novela sentimental,novela sentimental
2111,subgenre-theme,novela sentimental,other,2000,word,tfidf,7,nh0006,novela sentimental,novela sentimental,novela sentimental,novela sentimental,novela sentimental,novela sentimental,novela sentimental,novela sentimental,novela sentimental,novela sentimental,novela sentimental
2112,subgenre-theme,novela sentimental,other,2000,word,tfidf,7,nh0011,other,other,other,other,other,other,other,other,other,other,other
2113,subgenre-theme,novela sentimental,other,2000,word,tfidf,7,nh0012,other,other,other,other,other,other,other,other,other,other,other
2114,subgenre-theme,novela sentimental,other,2000,word,tfidf,7,nh0013,novela sentimental,novela sentimental,novela sentimental,novela sentimental,novela sentimental,novela sentimental,novela sentimental,novela sentimental,novela sentimental,novela sentimental,novela sentimental
2115,subgenre-theme,novela sentimental,other,2000,word,tfidf,7,nh0014,novela sentimental,novela sentimental,novela sentimental,novela sentimental,novela sentimental,novela sentimental,novela sentimental,novela sentimental,novela sentimental,novela sentimental,novela sentimental
2116,subgenre-theme,novela sentimental,other,2000,word,tfidf,7,nh0018,novela sentimental,novela sentimental,novela sentimental,novela sentimental,novela sentimental,novela sentimental,novela sentimental,novela sentimental,novela sentimental,novela sentimental,novela sentimental
2117,subgenre-theme,novela sentimental,other,2000,word,tfidf,7,nh0021,novela sentimental,novela sentimental,novela sentimental,novela sentimental,novela sentimental,novela sentimental,novela sentimental,novela sentimental,novela sentimental,novela sentimental,novela sentimental
2118,subgenre-theme,novela sentimental,other,2000,word,tfidf,7,nh0023,other,other,other,other,other,other,other,other,other,other,other
2119,subgenre-theme,novela sentimental,other,2000,word,tfidf,7,nh0028,other,other,other,other,other,other,other,other,other,other,other
2120,subgenre-theme,novela sentimental,other,2000,word,tfidf,7,nh0029,other,other,other,other,other,other,other,other,other,other,other
2121,subgenre-theme,novela sentimental,other,2000,word,tfidf,7,nh0031,other,other,other,other,other,other,other,other,other,other,other
2122,subgenre-theme,novela sentimental,other,2000,word,tfidf,7,nh0033,other,other,other,other,other,other,other,other,other,other,other
2123,subgenre-theme,novela sentimental,other,2000,word,tfidf,7,nh0034,novela sentimental,novela sentimental,other,novela sentimental,novela sentimental,novela sentimental,novela sentimental,novela sentimental,novela sentimental,novela sentimental,novela sentimental
2124,subgenre-theme,novela sentimental,other,2000,word,tfidf,7,nh0035,other,other,other,other,other,other,other,other,other,other,other
2125,subgenre-theme,novela sentimental,other,2000,word,tfidf,7,nh0037,other,other,other,other,other,other,other,other,other,other,other
2126,subgenre-theme,novela sentimental,other,2000,word,tfidf,7,nh0039,other,other,other,other,other,other,other,other,other,other,other
2127,subgenre-theme,novela sentimental,other,2000,word,tfidf,7,nh0043,novela sentimental,novela sentimental,novela sentimental,novela sentimental,novela sentimental,novela sentimental,novela sentimental,novela sentimental,novela sentimental,novela sentimental,novela sentimental
2128,subgenre-theme,novela sentimental,other,2000,word,tfidf,7,nh0045,novela sentimental,novela sentimental,other,novela sentimental,novela sentimental,novela sentimental,novela sentimental,novela sentimental,novela sentimental,novela sentimental,novela sentimental
2129,subgenre-theme,novela sentimental,other,2000,word,tfidf,7,nh0048,other,other,other,other,other,other,other,other,other,other,other
2130,subgenre-theme,novela sentimental,other,2000,word,tfidf,7,nh0049,other,other,other,other,other,other,other,other,other,other,other
2131,subgenre-theme,novela sentimental,other,2000,word,tfidf,7,nh0051,other,other,other,novela sentimental,other,other,other,other,other,other,other
2132,subgenre-theme,novela sentimental,other,2000,word,tfidf,7,nh0057,other,other,other,other,other,other,other,other,other,other,other
2133,subgenre-theme,novela sentimental,other,2000,word,tfidf,7,nh0061,other,other,other,other,other,other,other,other,other,other,other
2134,subgenre-theme,novela sentimental,other,2000,word,tfidf,7,nh0066,other,other,other,other,other,other,other,other,other,other,other
2135,subgenre-theme,novela sentimental,other,2000,word,tfidf,7,nh0067,other,other,other,other,other,other,other,other,other,other,other
2136,subgenre-theme,novela sentimental,other,2000,word,tfidf,7,nh0068,novela sentimental,novela sentimental,novela sentimental,novela sentimental,novela sentimental,novela sentimental,novela sentimental,novela sentimental,novela sentimental,novela sentimental,novela sentimental
2137,subgenre-theme,novela sentimental,other,2000,word,tfidf,7,nh0072,novela sentimental,novela sentimental,other,novela sentimental,novela sentimental,novela sentimental,novela sentimental,novela sentimental,novela sentimental,novela sentimental,novela sentimental
2138,subgenre-theme,novela sentimental,other,2000,word,tfidf,7,nh0075,other,other,other,other,novela sentimental,other,other,other,other,other,other
2139,subgenre-theme,novela sentimental,other,2000,word,tfidf,7,nh0076,novela sentimental,novela sentimental,other,novela sentimental,novela sentimental,novela sentimental,novela sentimental,novela sentimental,novela sentimental,novela sentimental,novela sentimental
2140,subgenre-theme,novela sentimental,other,2000,word,tfidf,7,nh0080,other,other,other,other,other,other,other,other,other,other,other
2141,subgenre-theme,novela sentimental,other,2000,word,tfidf,7,nh0082,novela sentimental,novela sentimental,novela sentimental,novela sentimental,novela sentimental,novela sentimental,novela sentimental,novela sentimental,novela sentimental,novela sentimental,novela sentimental
2142,subgenre-theme,novela sentimental,other,2000,word,tfidf,7,nh0087,novela sentimental,novela sentimental,novela sentimental,novela sentimental,novela sentimental,novela sentimental,novela sentimental,novela sentimental,novela sentimental,novela sentimental,novela sentimental
2143,subgenre-theme,novela sentimental,other,2000,word,tfidf,7,nh0088,other,other,other,other,other,other,other,other,other,other,other
2144,subgenre-theme,novela sentimental,other,2000,word,tfidf,7,nh0089,novela sentimental,novela sentimental,novela sentimental,novela sentimental,novela sentimental,novela sentimental,novela sentimental,novela sentimental,novela sentimental,novela sentimental,novela sentimental
2145,subgenre-theme,novela sentimental,other,2000,word,tfidf,7,nh0090,other,other,other,other,other,other,other,other,other,other,other
2146,subgenre-theme,novela sentimental,other,2000,word,tfidf,7,nh0092,novela sentimental,novela sentimental,novela sentimental,novela sentimental,novela sentimental,novela sentimental,novela sentimental,novela sentimental,novela sentimental,novela sentimental,novela sentimental
2147,subgenre-theme,novela sentimental,other,2000,word,tfidf,7,nh0096,novela sentimental,novela sentimental,novela sentimental,novela sentimental,novela sentimental,novela sentimental,novela sentimental,novela sentimental,novela sentimental,novela sentimental,novela sentimental
2148,subgenre-theme,novela sentimental,other,2000,word,tfidf,7,nh0098,novela sentimental,novela sentimental,novela sentimental,novela sentimental,novela sentimental,novela sentimental,novela sentimental,novela sentimental,novela sentimental,novela sentimental,novela sentimental
2149,subgenre-theme,novela sentimental,other,2000,word,tfidf,7,nh0099,novela sentimental,novela sentimental,novela sentimental,novela sentimental,novela sentimental,novela sentimental,novela sentimental,novela sentimental,novela sentimental,novela sentimental,novela sentimental
2150,subgenre-theme,novela sentimental,other,2000,word,tfidf,7,nh0102,novela sentimental,novela sentimental,novela sentimental,novela sentimental,novela sentimental,novela sentimental,novela sentimental,novela sentimental,novela sentimental,novela sentimental,novela sentimental
2151,subgenre-theme,novela sentimental,other,2000,word,tfidf,7,nh0104,novela sentimental,novela sentimental,novela sentimental,novela sentimental,novela sentimental,novela sentimental,novela sentimental,novela sentimental,novela sentimental,novela sentimental,novela sentimental
2152,subgenre-theme,novela sentimental,other,2000,word,tfidf,7,nh0114,other,other,other,other,other,other,other,other,other,other,other
2153,subgenre-theme,novela sentimental,other,2000,word,tfidf,7,nh0115,other,other,other,other,other,other,other,other,other,other,other
2154,subgenre-theme,novela sentimental,other,2000,word,tfidf,7,nh0119,novela sentimental,novela sentimental,novela sentimental,novela sentimental,novela sentimental,novela sentimental,novela sentimental,novela sentimental,novela sentimental,novela sentimental,novela sentimental
2155,subgenre-theme,novela sentimental,other,2000,word,tfidf,7,nh0123,novela sentimental,novela sentimental,novela sentimental,novela sentimental,other,novela sentimental,novela sentimental,novela sentimental,novela sentimental,novela sentimental,novela sentimental
2156,subgenre-theme,novela sentimental,other,2000,word,tfidf,7,nh0124,other,other,other,other,other,novela sentimental,other,other,other,other,other
2157,subgenre-theme,novela sentimental,other,2000,word,tfidf,7,nh0126,other,other,other,other,other,other,other,other,other,other,other
2158,subgenre-theme,novela sentimental,other,2000,word,tfidf,7,nh0129,other,other,other,other,other,other,novela sentimental,other,other,other,other
2159,subgenre-theme,novela sentimental,other,2000,word,tfidf,7,nh0130,novela sentimental,novela sentimental,novela sentimental,novela sentimental,other,novela sentimental,novela sentimental,novela sentimental,novela sentimental,novela sentimental,novela sentimental
2160,subgenre-theme,novela sentimental,other,2000,word,tfidf,7,nh0132,novela sentimental,novela sentimental,novela sentimental,novela sentimental,novela sentimental,novela sentimental,novela sentimental,novela sentimental,novela sentimental,novela sentimental,novela sentimental
2161,subgenre-theme,novela sentimental,other,2000,word,tfidf,7,nh0136,novela sentimental,novela sentimental,novela sentimental,novela sentimental,novela sentimental,novela sentimental,novela sentimental,novela sentimental,novela sentimental,novela sentimental,novela sentimental
2162,subgenre-theme,novela sentimental,other,2000,word,tfidf,7,nh0138,other,other,other,other,other,other,other,other,other,other,other
2163,subgenre-theme,novela sentimental,other,2000,word,tfidf,7,nh0140,novela sentimental,novela sentimental,novela sentimental,novela sentimental,novela sentimental,novela sentimental,novela sentimental,novela sentimental,novela sentimental,novela sentimental,novela sentimental
2164,subgenre-theme,novela sentimental,other,2000,word,tfidf,7,nh0142,other,other,other,other,other,other,other,other,other,other,other
2165,subgenre-theme,novela sentimental,other,2000,word,tfidf,7,nh0144,other,other,other,other,other,other,other,other,other,other,other
2166,subgenre-theme,novela sentimental,other,2000,word,tfidf,7,nh0145,novela sentimental,novela sentimental,novela sentimental,novela sentimental,novela sentimental,other,novela sentimental,novela sentimental,novela sentimental,novela sentimental,novela sentimental
2167,subgenre-theme,novela sentimental,other,2000,word,tfidf,7,nh0146,novela sentimental,novela sentimental,novela sentimental,novela sentimental,novela sentimental,novela sentimental,novela sentimental,novela sentimental,novela sentimental,novela sentimental,novela sentimental
2168,subgenre-theme,novela sentimental,other,2000,word,tfidf,7,nh0147,other,other,other,other,other,other,other,other,other,other,other
2169,subgenre-theme,novela sentimental,other,2000,word,tfidf,7,nh0149,other,other,other,other,other,other,other,other,other,other,other
2170,subgenre-theme,novela sentimental,other,2000,word,tfidf,7,nh0151,novela sentimental,novela sentimental,novela sentimental,novela sentimental,novela sentimental,novela sentimental,novela sentimental,novela sentimental,novela sentimental,novela sentimental,novela sentimental
2171,subgenre-theme,novela sentimental,other,2000,word,tfidf,7,nh0152,other,other,other,other,other,other,other,other,other,other,other
2172,subgenre-theme,novela sentimental,other,2000,word,tfidf,7,nh0154,novela sentimental,novela sentimental,novela sentimental,novela sentimental,novela sentimental,novela sentimental,novela sentimental,novela sentimental,novela sentimental,novela sentimental,novela sentimental
2173,subgenre-theme,novela sentimental,other,2000,word,tfidf,7,nh0156,novela sentimental,novela sentimental,novela sentimental,novela sentimental,novela sentimental,novela sentimental,novela sentimental,novela sentimental,novela sentimental,novela sentimental,novela sentimental
2174,subgenre-theme,novela sentimental,other,2000,word,tfidf,7,nh0161,other,other,other,other,other,other,other,other,other,other,other
2175,subgenre-theme,novela sentimental,other,2000,word,tfidf,7,nh0162,novela sentimental,novela sentimental,novela sentimental,novela sentimental,novela sentimental,novela sentimental,novela sentimental,novela sentimental,novela sentimental,novela sentimental,novela sentimental
2176,subgenre-theme,novela sentimental,other,2000,word,tfidf,7,nh0163,other,other,other,other,other,other,other,other,other,other,other
2177,subgenre-theme,novela sentimental,other,2000,word,tfidf,7,nh0171,novela sentimental,novela sentimental,novela sentimental,novela sentimental,novela sentimental,novela sentimental,novela sentimental,novela sentimental,novela sentimental,novela sentimental,novela sentimental
2178,subgenre-theme,novela sentimental,other,2000,word,tfidf,7,nh0175,other,other,other,other,other,other,other,novela sentimental,other,other,other
2179,subgenre-theme,novela sentimental,other,2000,word,tfidf,7,nh0176,other,other,other,other,other,other,other,other,other,other,other
2180,subgenre-theme,novela sentimental,other,2000,word,tfidf,7,nh0179,other,other,other,other,other,other,other,novela sentimental,other,other,other
2181,subgenre-theme,novela sentimental,other,2000,word,tfidf,7,nh0180,other,other,other,other,other,other,other,other,other,other,other
2182,subgenre-theme,novela sentimental,other,2000,word,tfidf,7,nh0183,novela sentimental,novela sentimental,novela sentimental,novela sentimental,novela sentimental,novela sentimental,novela sentimental,novela sentimental,novela sentimental,novela sentimental,novela sentimental
2183,subgenre-theme,novela sentimental,other,2000,word,tfidf,7,nh0187,novela sentimental,novela sentimental,novela sentimental,novela sentimental,novela sentimental,novela sentimental,novela sentimental,other,novela sentimental,novela sentimental,novela sentimental
2184,subgenre-theme,novela sentimental,other,2000,word,tfidf,7,nh0188,novela sentimental,novela sentimental,novela sentimental,novela sentimental,novela sentimental,novela sentimental,novela sentimental,novela sentimental,novela sentimental,novela sentimental,novela sentimental
2185,subgenre-theme,novela sentimental,other,2000,word,tfidf,7,nh0190,other,other,other,other,other,other,other,other,other,other,other
2186,subgenre-theme,novela sentimental,other,2000,word,tfidf,7,nh0194,other,other,other,other,other,other,other,other,other,other,other
2187,subgenre-theme,novela sentimental,other,2000,word,tfidf,7,nh0195,novela sentimental,novela sentimental,novela sentimental,novela sentimental,novela sentimental,novela sentimental,novela sentimental,novela sentimental,novela sentimental,novela sentimental,novela sentimental
2188,subgenre-theme,novela sentimental,other,2000,word,tfidf,7,nh0198,other,other,other,other,other,other,other,other,other,other,other
2189,subgenre-theme,novela sentimental,other,2000,word,tfidf,7,nh0199,other,other,other,other,other,other,other,other,other,other,other
2190,subgenre-theme,novela sentimental,other,2000,word,tfidf,7,nh0202,novela sentimental,novela sentimental,novela sentimental,novela sentimental,novela sentimental,novela sentimental,novela sentimental,other,novela sentimental,novela sentimental,novela sentimental
2191,subgenre-theme,novela sentimental,other,2000,word,tfidf,7,nh0207,novela sentimental,novela sentimental,novela sentimental,novela sentimental,novela sentimental,novela sentimental,novela sentimental,novela sentimental,novela sentimental,novela sentimental,novela sentimental
2192,subgenre-theme,novela sentimental,other,2000,word,tfidf,7,nh0209,novela sentimental,novela sentimental,novela sentimental,novela sentimental,novela sentimental,novela sentimental,novela sentimental,novela sentimental,novela sentimental,novela sentimental,novela sentimental
2193,subgenre-theme,novela sentimental,other,2000,word,tfidf,7,nh0210,other,other,other,other,other,other,other,other,other,other,other
2194,subgenre-theme,novela sentimental,other,2000,word,tfidf,7,nh0211,other,other,other,other,other,other,other,other,other,other,other
2195,subgenre-theme,novela sentimental,other,2000,word,tfidf,7,nh0212,novela sentimental,novela sentimental,novela sentimental,novela sentimental,novela sentimental,novela sentimental,novela sentimental,novela sentimental,other,novela sentimental,novela sentimental
2196,subgenre-theme,novela sentimental,other,2000,word,tfidf,7,nh0214,other,other,other,other,other,other,other,other,other,other,other
2197,subgenre-theme,novela sentimental,other,2000,word,tfidf,7,nh0215,other,other,other,other,other,other,other,other,other,other,other
2198,subgenre-theme,novela sentimental,other,2000,word,tfidf,7,nh0216,novela sentimental,novela sentimental,novela sentimental,novela sentimental,novela sentimental,novela sentimental,novela sentimental,novela sentimental,novela sentimental,novela sentimental,novela sentimental
2199,subgenre-theme,novela sentimental,other,2000,word,tfidf,7,nh0218,novela sentimental,novela sentimental,novela sentimental,novela sentimental,novela sentimental,novela sentimental,novela sentimental,novela sentimental,novela sentimental,novela sentimental,novela sentimental
2200,subgenre-theme,novela sentimental,other,2000,word,tfidf,7,nh0219,novela sentimental,novela sentimental,novela sentimental,novela sentimental,novela sentimental,novela sentimental,novela sentimental,novela sentimental,other,novela sentimental,novela sentimental
2201,subgenre-theme,novela sentimental,other,2000,word,tfidf,7,nh0220,other,other,other,other,other,other,other,other,other,novela sentimental,other
2202,subgenre-theme,novela sentimental,other,2000,word,tfidf,7,nh0221,other,other,other,other,other,other,other,other,other,novela sentimental,other
2203,subgenre-theme,novela sentimental,other,2000,word,tfidf,7,nh0222,other,other,other,other,other,other,other,other,other,novela sentimental,other
2204,subgenre-theme,novela sentimental,other,2000,word,tfidf,7,nh0225,other,other,other,other,other,other,other,other,other,other,other
2205,subgenre-theme,novela sentimental,other,2000,word,tfidf,7,nh0227,other,other,other,other,other,other,other,other,other,other,other
2206,subgenre-theme,novela sentimental,other,2000,word,tfidf,7,nh0228,novela sentimental,novela sentimental,novela sentimental,novela sentimental,novela sentimental,novela sentimental,novela sentimental,novela sentimental,novela sentimental,novela sentimental,novela sentimental
2207,subgenre-theme,novela sentimental,other,2000,word,tfidf,7,nh0230,novela sentimental,novela sentimental,novela sentimental,novela sentimental,novela sentimental,novela sentimental,novela sentimental,novela sentimental,novela sentimental,other,novela sentimental
2208,subgenre-theme,novela sentimental,other,2000,word,tfidf,7,nh0233,novela sentimental,novela sentimental,novela sentimental,novela sentimental,novela sentimental,novela sentimental,novela sentimental,novela sentimental,novela sentimental,other,novela sentimental
2209,subgenre-theme,novela sentimental,other,2000,word,tfidf,7,nh0237,novela sentimental,novela sentimental,novela sentimental,novela sentimental,novela sentimental,novela sentimental,novela sentimental,novela sentimental,novela sentimental,novela sentimental,novela sentimental
2210,subgenre-theme,novela sentimental,other,2000,word,tfidf,7,nh0240,other,other,other,other,other,other,other,other,other,other,other
2211,subgenre-theme,novela sentimental,other,2000,word,tfidf,7,nh0241,novela sentimental,novela sentimental,novela sentimental,novela sentimental,novela sentimental,novela sentimental,novela sentimental,novela sentimental,novela sentimental,other,novela sentimental
2212,subgenre-theme,novela sentimental,other,2000,word,tfidf,7,nh0244,other,other,other,other,other,other,other,other,other,other,other
2213,subgenre-theme,novela sentimental,other,2000,word,tfidf,7,nh0245,novela sentimental,novela sentimental,novela sentimental,novela sentimental,novela sentimental,novela sentimental,novela sentimental,novela sentimental,novela sentimental,novela sentimental,novela sentimental
2214,subgenre-theme,novela sentimental,other,2000,word,tfidf,7,nh0249,other,other,other,other,other,other,other,other,other,other,other
2215,subgenre-theme,novela sentimental,other,2000,word,tfidf,7,nh0250,novela sentimental,novela sentimental,novela sentimental,novela sentimental,novela sentimental,novela sentimental,novela sentimental,novela sentimental,novela sentimental,novela sentimental,novela sentimental
2216,subgenre-theme,novela sentimental,other,2000,word,tfidf,7,nh0251,novela sentimental,novela sentimental,novela sentimental,novela sentimental,novela sentimental,novela sentimental,novela sentimental,novela sentimental,novela sentimental,novela sentimental,novela sentimental
2217,subgenre-theme,novela sentimental,other,2000,word,tfidf,7,nh0252,novela sentimental,novela sentimental,novela sentimental,novela sentimental,novela sentimental,novela sentimental,novela sentimental,novela sentimental,novela sentimental,novela sentimental,novela sentimental
2218,subgenre-theme,novela sentimental,other,2000,word,tfidf,7,nh0253,other,other,other,other,other,other,other,other,other,other,other
2219,subgenre-theme,novela sentimental,other,2000,word,tfidf,7,nh0254,novela sentimental,novela sentimental,novela sentimental,novela sentimental,novela sentimental,novela sentimental,novela sentimental,novela sentimental,novela sentimental,novela sentimental,novela sentimental
2220,subgenre-theme,novela sentimental,other,2000,word,tfidf,8,nh0003,novela sentimental,novela sentimental,novela sentimental,novela sentimental,novela sentimental,novela sentimental,novela sentimental,novela sentimental,novela sentimental,novela sentimental,novela sentimental
2221,subgenre-theme,novela sentimental,other,2000,word,tfidf,8,nh0006,novela sentimental,novela sentimental,novela sentimental,novela sentimental,novela sentimental,novela sentimental,novela sentimental,novela sentimental,novela sentimental,novela sentimental,novela sentimental
2222,subgenre-theme,novela sentimental,other,2000,word,tfidf,8,nh0011,other,other,other,other,other,other,other,other,other,other,other
2223,subgenre-theme,novela sentimental,other,2000,word,tfidf,8,nh0012,other,other,other,other,other,other,other,other,other,other,other
2224,subgenre-theme,novela sentimental,other,2000,word,tfidf,8,nh0013,novela sentimental,novela sentimental,novela sentimental,novela sentimental,novela sentimental,novela sentimental,novela sentimental,novela sentimental,novela sentimental,novela sentimental,novela sentimental
2225,subgenre-theme,novela sentimental,other,2000,word,tfidf,8,nh0014,novela sentimental,novela sentimental,novela sentimental,novela sentimental,novela sentimental,novela sentimental,novela sentimental,novela sentimental,novela sentimental,novela sentimental,novela sentimental
2226,subgenre-theme,novela sentimental,other,2000,word,tfidf,8,nh0018,novela sentimental,novela sentimental,novela sentimental,novela sentimental,novela sentimental,novela sentimental,novela sentimental,novela sentimental,novela sentimental,novela sentimental,novela sentimental
2227,subgenre-theme,novela sentimental,other,2000,word,tfidf,8,nh0021,novela sentimental,novela sentimental,novela sentimental,novela sentimental,novela sentimental,novela sentimental,novela sentimental,novela sentimental,novela sentimental,novela sentimental,novela sentimental
2228,subgenre-theme,novela sentimental,other,2000,word,tfidf,8,nh0022,other,other,other,other,other,other,other,other,other,other,other
2229,subgenre-theme,novela sentimental,other,2000,word,tfidf,8,nh0026,other,other,other,other,other,other,other,other,other,other,other
2230,subgenre-theme,novela sentimental,other,2000,word,tfidf,8,nh0031,other,other,other,other,other,other,other,other,other,other,other
2231,subgenre-theme,novela sentimental,other,2000,word,tfidf,8,nh0032,other,other,other,other,other,other,other,other,other,other,other
2232,subgenre-theme,novela sentimental,other,2000,word,tfidf,8,nh0034,novela sentimental,novela sentimental,other,novela sentimental,novela sentimental,novela sentimental,novela sentimental,novela sentimental,novela sentimental,novela sentimental,novela sentimental
2233,subgenre-theme,novela sentimental,other,2000,word,tfidf,8,nh0036,other,other,other,other,other,other,other,other,other,other,other
2234,subgenre-theme,novela sentimental,other,2000,word,tfidf,8,nh0039,other,other,other,other,other,other,other,other,other,other,other
2235,subgenre-theme,novela sentimental,other,2000,word,tfidf,8,nh0041,other,other,other,other,other,other,other,other,other,other,other
2236,subgenre-theme,novela sentimental,other,2000,word,tfidf,8,nh0043,novela sentimental,novela sentimental,novela sentimental,novela sentimental,novela sentimental,novela sentimental,novela sentimental,novela sentimental,novela sentimental,novela sentimental,novela sentimental
2237,subgenre-theme,novela sentimental,other,2000,word,tfidf,8,nh0045,novela sentimental,novela sentimental,other,novela sentimental,novela sentimental,novela sentimental,novela sentimental,novela sentimental,novela sentimental,novela sentimental,novela sentimental
2238,subgenre-theme,novela sentimental,other,2000,word,tfidf,8,nh0047,other,other,other,other,other,other,other,other,other,other,other
2239,subgenre-theme,novela sentimental,other,2000,word,tfidf,8,nh0048,other,other,other,other,other,other,other,other,other,other,other
2240,subgenre-theme,novela sentimental,other,2000,word,tfidf,8,nh0050,other,other,other,other,other,other,other,other,other,other,other
2241,subgenre-theme,novela sentimental,other,2000,word,tfidf,8,nh0056,other,other,other,other,other,other,other,other,other,other,other
2242,subgenre-theme,novela sentimental,other,2000,word,tfidf,8,nh0063,other,other,other,other,other,other,other,other,other,other,other
2243,subgenre-theme,novela sentimental,other,2000,word,tfidf,8,nh0067,other,other,other,other,other,other,other,other,other,other,other
2244,subgenre-theme,novela sentimental,other,2000,word,tfidf,8,nh0068,novela sentimental,novela sentimental,novela sentimental,novela sentimental,novela sentimental,novela sentimental,novela sentimental,novela sentimental,novela sentimental,novela sentimental,novela sentimental
2245,subgenre-theme,novela sentimental,other,2000,word,tfidf,8,nh0070,other,other,other,other,other,other,other,other,other,other,other
2246,subgenre-theme,novela sentimental,other,2000,word,tfidf,8,nh0072,novela sentimental,novela sentimental,other,novela sentimental,novela sentimental,novela sentimental,novela sentimental,novela sentimental,novela sentimental,novela sentimental,novela sentimental
2247,subgenre-theme,novela sentimental,other,2000,word,tfidf,8,nh0074,other,other,other,other,other,other,other,other,other,other,other
2248,subgenre-theme,novela sentimental,other,2000,word,tfidf,8,nh0075,other,other,other,other,novela sentimental,other,other,other,other,other,other
2249,subgenre-theme,novela sentimental,other,2000,word,tfidf,8,nh0076,novela sentimental,novela sentimental,other,novela sentimental,novela sentimental,novela sentimental,novela sentimental,novela sentimental,novela sentimental,novela sentimental,novela sentimental
2250,subgenre-theme,novela sentimental,other,2000,word,tfidf,8,nh0082,novela sentimental,novela sentimental,novela sentimental,novela sentimental,novela sentimental,novela sentimental,novela sentimental,novela sentimental,novela sentimental,novela sentimental,novela sentimental
2251,subgenre-theme,novela sentimental,other,2000,word,tfidf,8,nh0087,novela sentimental,novela sentimental,novela sentimental,novela sentimental,novela sentimental,novela sentimental,novela sentimental,novela sentimental,novela sentimental,novela sentimental,novela sentimental
2252,subgenre-theme,novela sentimental,other,2000,word,tfidf,8,nh0089,novela sentimental,novela sentimental,novela sentimental,novela sentimental,novela sentimental,novela sentimental,novela sentimental,novela sentimental,novela sentimental,novela sentimental,novela sentimental
2253,subgenre-theme,novela sentimental,other,2000,word,tfidf,8,nh0092,novela sentimental,novela sentimental,novela sentimental,novela sentimental,novela sentimental,novela sentimental,novela sentimental,novela sentimental,novela sentimental,novela sentimental,novela sentimental
2254,subgenre-theme,novela sentimental,other,2000,word,tfidf,8,nh0095,other,other,other,other,other,other,other,other,other,other,other
2255,subgenre-theme,novela sentimental,other,2000,word,tfidf,8,nh0096,novela sentimental,novela sentimental,novela sentimental,novela sentimental,novela sentimental,novela sentimental,novela sentimental,novela sentimental,novela sentimental,novela sentimental,novela sentimental
2256,subgenre-theme,novela sentimental,other,2000,word,tfidf,8,nh0098,novela sentimental,novela sentimental,novela sentimental,novela sentimental,novela sentimental,novela sentimental,novela sentimental,novela sentimental,novela sentimental,novela sentimental,novela sentimental
2257,subgenre-theme,novela sentimental,other,2000,word,tfidf,8,nh0099,novela sentimental,novela sentimental,novela sentimental,novela sentimental,other,novela sentimental,novela sentimental,novela sentimental,novela sentimental,novela sentimental,novela sentimental
2258,subgenre-theme,novela sentimental,other,2000,word,tfidf,8,nh0100,other,other,other,other,other,other,other,other,other,other,other
2259,subgenre-theme,novela sentimental,other,2000,word,tfidf,8,nh0102,novela sentimental,novela sentimental,novela sentimental,novela sentimental,novela sentimental,novela sentimental,novela sentimental,novela sentimental,novela sentimental,novela sentimental,novela sentimental
2260,subgenre-theme,novela sentimental,other,2000,word,tfidf,8,nh0104,novela sentimental,novela sentimental,novela sentimental,novela sentimental,novela sentimental,novela sentimental,novela sentimental,novela sentimental,novela sentimental,novela sentimental,novela sentimental
2261,subgenre-theme,novela sentimental,other,2000,word,tfidf,8,nh0108,other,other,other,other,other,other,other,other,other,other,other
2262,subgenre-theme,novela sentimental,other,2000,word,tfidf,8,nh0110,other,other,other,other,other,other,other,other,other,other,other
2263,subgenre-theme,novela sentimental,other,2000,word,tfidf,8,nh0114,other,other,other,other,other,other,other,other,other,other,other
2264,subgenre-theme,novela sentimental,other,2000,word,tfidf,8,nh0118,other,other,other,other,other,other,other,other,other,other,other
2265,subgenre-theme,novela sentimental,other,2000,word,tfidf,8,nh0119,novela sentimental,novela sentimental,novela sentimental,novela sentimental,novela sentimental,novela sentimental,novela sentimental,novela sentimental,novela sentimental,novela sentimental,novela sentimental
2266,subgenre-theme,novela sentimental,other,2000,word,tfidf,8,nh0120,other,other,other,other,other,novela sentimental,other,other,other,other,other
2267,subgenre-theme,novela sentimental,other,2000,word,tfidf,8,nh0123,novela sentimental,novela sentimental,novela sentimental,novela sentimental,other,novela sentimental,novela sentimental,novela sentimental,novela sentimental,novela sentimental,novela sentimental
2268,subgenre-theme,novela sentimental,other,2000,word,tfidf,8,nh0126,other,other,other,other,other,other,other,other,other,other,other
2269,subgenre-theme,novela sentimental,other,2000,word,tfidf,8,nh0129,other,other,other,other,other,other,novela sentimental,other,other,other,other
2270,subgenre-theme,novela sentimental,other,2000,word,tfidf,8,nh0130,novela sentimental,novela sentimental,novela sentimental,novela sentimental,other,novela sentimental,novela sentimental,novela sentimental,novela sentimental,novela sentimental,novela sentimental
2271,subgenre-theme,novela sentimental,other,2000,word,tfidf,8,nh0131,other,other,other,other,other,other,novela sentimental,other,other,other,other
2272,subgenre-theme,novela sentimental,other,2000,word,tfidf,8,nh0132,novela sentimental,novela sentimental,novela sentimental,novela sentimental,novela sentimental,novela sentimental,novela sentimental,novela sentimental,novela sentimental,novela sentimental,novela sentimental
2273,subgenre-theme,novela sentimental,other,2000,word,tfidf,8,nh0136,novela sentimental,novela sentimental,novela sentimental,novela sentimental,novela sentimental,other,novela sentimental,novela sentimental,novela sentimental,novela sentimental,novela sentimental
2274,subgenre-theme,novela sentimental,other,2000,word,tfidf,8,nh0137,other,other,other,other,other,other,other,other,other,other,other
2275,subgenre-theme,novela sentimental,other,2000,word,tfidf,8,nh0140,novela sentimental,novela sentimental,novela sentimental,novela sentimental,novela sentimental,novela sentimental,novela sentimental,novela sentimental,novela sentimental,novela sentimental,novela sentimental
2276,subgenre-theme,novela sentimental,other,2000,word,tfidf,8,nh0145,novela sentimental,novela sentimental,novela sentimental,novela sentimental,novela sentimental,other,novela sentimental,novela sentimental,novela sentimental,novela sentimental,novela sentimental
2277,subgenre-theme,novela sentimental,other,2000,word,tfidf,8,nh0146,novela sentimental,novela sentimental,novela sentimental,novela sentimental,novela sentimental,novela sentimental,novela sentimental,novela sentimental,novela sentimental,novela sentimental,novela sentimental
2278,subgenre-theme,novela sentimental,other,2000,word,tfidf,8,nh0149,other,other,other,other,other,other,other,other,other,other,other
2279,subgenre-theme,novela sentimental,other,2000,word,tfidf,8,nh0150,other,other,other,other,other,other,novela sentimental,other,other,other,other
2280,subgenre-theme,novela sentimental,other,2000,word,tfidf,8,nh0151,novela sentimental,novela sentimental,novela sentimental,novela sentimental,novela sentimental,novela sentimental,novela sentimental,novela sentimental,novela sentimental,novela sentimental,novela sentimental
2281,subgenre-theme,novela sentimental,other,2000,word,tfidf,8,nh0152,other,other,other,other,other,other,other,other,other,other,other
2282,subgenre-theme,novela sentimental,other,2000,word,tfidf,8,nh0154,novela sentimental,novela sentimental,novela sentimental,novela sentimental,novela sentimental,novela sentimental,novela sentimental,novela sentimental,novela sentimental,novela sentimental,novela sentimental
2283,subgenre-theme,novela sentimental,other,2000,word,tfidf,8,nh0156,novela sentimental,novela sentimental,novela sentimental,novela sentimental,novela sentimental,novela sentimental,novela sentimental,novela sentimental,novela sentimental,novela sentimental,novela sentimental
2284,subgenre-theme,novela sentimental,other,2000,word,tfidf,8,nh0162,novela sentimental,novela sentimental,novela sentimental,novela sentimental,novela sentimental,novela sentimental,novela sentimental,novela sentimental,novela sentimental,novela sentimental,novela sentimental
2285,subgenre-theme,novela sentimental,other,2000,word,tfidf,8,nh0164,other,other,other,other,other,other,other,novela sentimental,other,other,other
2286,subgenre-theme,novela sentimental,other,2000,word,tfidf,8,nh0165,other,other,other,other,other,other,other,other,other,other,other
2287,subgenre-theme,novela sentimental,other,2000,word,tfidf,8,nh0167,other,other,other,other,other,other,other,other,other,other,other
2288,subgenre-theme,novela sentimental,other,2000,word,tfidf,8,nh0169,other,other,other,other,other,other,other,other,other,other,other
2289,subgenre-theme,novela sentimental,other,2000,word,tfidf,8,nh0171,novela sentimental,novela sentimental,novela sentimental,novela sentimental,novela sentimental,novela sentimental,novela sentimental,novela sentimental,novela sentimental,novela sentimental,novela sentimental
2290,subgenre-theme,novela sentimental,other,2000,word,tfidf,8,nh0173,other,other,other,other,other,other,other,novela sentimental,other,other,other
2291,subgenre-theme,novela sentimental,other,2000,word,tfidf,8,nh0174,other,other,other,other,other,other,other,other,novela sentimental,other,other
2292,subgenre-theme,novela sentimental,other,2000,word,tfidf,8,nh0177,other,other,other,other,other,other,other,other,other,other,other
2293,subgenre-theme,novela sentimental,other,2000,word,tfidf,8,nh0181,other,other,other,other,other,other,other,other,other,other,other
2294,subgenre-theme,novela sentimental,other,2000,word,tfidf,8,nh0182,other,other,other,other,other,other,other,other,other,other,other
2295,subgenre-theme,novela sentimental,other,2000,word,tfidf,8,nh0183,novela sentimental,novela sentimental,novela sentimental,novela sentimental,novela sentimental,novela sentimental,novela sentimental,novela sentimental,novela sentimental,novela sentimental,novela sentimental
2296,subgenre-theme,novela sentimental,other,2000,word,tfidf,8,nh0184,other,other,other,other,other,other,other,other,other,other,other
2297,subgenre-theme,novela sentimental,other,2000,word,tfidf,8,nh0187,novela sentimental,novela sentimental,novela sentimental,novela sentimental,novela sentimental,novela sentimental,novela sentimental,other,novela sentimental,novela sentimental,novela sentimental
2298,subgenre-theme,novela sentimental,other,2000,word,tfidf,8,nh0188,novela sentimental,novela sentimental,novela sentimental,novela sentimental,novela sentimental,novela sentimental,novela sentimental,other,novela sentimental,novela sentimental,novela sentimental
2299,subgenre-theme,novela sentimental,other,2000,word,tfidf,8,nh0190,other,other,other,other,other,other,other,other,other,other,other
2300,subgenre-theme,novela sentimental,other,2000,word,tfidf,8,nh0195,novela sentimental,novela sentimental,novela sentimental,novela sentimental,novela sentimental,novela sentimental,novela sentimental,novela sentimental,novela sentimental,novela sentimental,novela sentimental
2301,subgenre-theme,novela sentimental,other,2000,word,tfidf,8,nh0201,other,other,other,other,other,other,other,other,other,novela sentimental,other
2302,subgenre-theme,novela sentimental,other,2000,word,tfidf,8,nh0202,novela sentimental,novela sentimental,novela sentimental,novela sentimental,novela sentimental,novela sentimental,novela sentimental,other,novela sentimental,novela sentimental,novela sentimental
2303,subgenre-theme,novela sentimental,other,2000,word,tfidf,8,nh0206,other,other,other,other,other,other,other,other,other,novela sentimental,other
2304,subgenre-theme,novela sentimental,other,2000,word,tfidf,8,nh0207,novela sentimental,novela sentimental,novela sentimental,novela sentimental,novela sentimental,novela sentimental,novela sentimental,novela sentimental,novela sentimental,novela sentimental,novela sentimental
2305,subgenre-theme,novela sentimental,other,2000,word,tfidf,8,nh0208,other,other,other,other,other,other,other,other,other,other,other
2306,subgenre-theme,novela sentimental,other,2000,word,tfidf,8,nh0209,novela sentimental,novela sentimental,novela sentimental,novela sentimental,novela sentimental,novela sentimental,novela sentimental,novela sentimental,novela sentimental,novela sentimental,novela sentimental
2307,subgenre-theme,novela sentimental,other,2000,word,tfidf,8,nh0211,other,other,other,other,other,other,other,other,other,other,other
2308,subgenre-theme,novela sentimental,other,2000,word,tfidf,8,nh0212,novela sentimental,novela sentimental,novela sentimental,novela sentimental,novela sentimental,novela sentimental,novela sentimental,novela sentimental,novela sentimental,novela sentimental,novela sentimental
2309,subgenre-theme,novela sentimental,other,2000,word,tfidf,8,nh0213,other,other,other,other,other,other,other,other,other,other,other
2310,subgenre-theme,novela sentimental,other,2000,word,tfidf,8,nh0215,other,other,other,other,other,other,other,other,other,other,other
2311,subgenre-theme,novela sentimental,other,2000,word,tfidf,8,nh0216,novela sentimental,novela sentimental,novela sentimental,novela sentimental,novela sentimental,novela sentimental,novela sentimental,novela sentimental,novela sentimental,novela sentimental,novela sentimental
2312,subgenre-theme,novela sentimental,other,2000,word,tfidf,8,nh0218,novela sentimental,novela sentimental,novela sentimental,novela sentimental,novela sentimental,novela sentimental,novela sentimental,novela sentimental,novela sentimental,novela sentimental,novela sentimental
2313,subgenre-theme,novela sentimental,other,2000,word,tfidf,8,nh0219,novela sentimental,novela sentimental,novela sentimental,novela sentimental,novela sentimental,novela sentimental,novela sentimental,novela sentimental,other,novela sentimental,novela sentimental
2314,subgenre-theme,novela sentimental,other,2000,word,tfidf,8,nh0222,other,other,other,other,other,other,other,other,other,other,other
2315,subgenre-theme,novela sentimental,other,2000,word,tfidf,8,nh0223,other,other,other,other,other,other,other,other,other,other,other
2316,subgenre-theme,novela sentimental,other,2000,word,tfidf,8,nh0228,novela sentimental,novela sentimental,novela sentimental,novela sentimental,novela sentimental,novela sentimental,novela sentimental,novela sentimental,novela sentimental,other,novela sentimental
2317,subgenre-theme,novela sentimental,other,2000,word,tfidf,8,nh0230,novela sentimental,novela sentimental,novela sentimental,novela sentimental,novela sentimental,novela sentimental,novela sentimental,novela sentimental,novela sentimental,other,novela sentimental
2318,subgenre-theme,novela sentimental,other,2000,word,tfidf,8,nh0233,novela sentimental,novela sentimental,novela sentimental,novela sentimental,novela sentimental,novela sentimental,novela sentimental,novela sentimental,novela sentimental,other,novela sentimental
2319,subgenre-theme,novela sentimental,other,2000,word,tfidf,8,nh0235,other,other,other,other,other,other,other,other,other,other,other
2320,subgenre-theme,novela sentimental,other,2000,word,tfidf,8,nh0237,novela sentimental,novela sentimental,novela sentimental,novela sentimental,novela sentimental,novela sentimental,novela sentimental,novela sentimental,novela sentimental,novela sentimental,novela sentimental
2321,subgenre-theme,novela sentimental,other,2000,word,tfidf,8,nh0241,novela sentimental,novela sentimental,novela sentimental,novela sentimental,novela sentimental,novela sentimental,novela sentimental,novela sentimental,novela sentimental,other,novela sentimental
2322,subgenre-theme,novela sentimental,other,2000,word,tfidf,8,nh0245,novela sentimental,novela sentimental,novela sentimental,novela sentimental,novela sentimental,novela sentimental,novela sentimental,novela sentimental,novela sentimental,novela sentimental,novela sentimental
2323,subgenre-theme,novela sentimental,other,2000,word,tfidf,8,nh0246,other,other,other,other,other,other,other,other,other,other,novela sentimental
2324,subgenre-theme,novela sentimental,other,2000,word,tfidf,8,nh0248,other,other,other,other,other,other,other,other,other,other,other
2325,subgenre-theme,novela sentimental,other,2000,word,tfidf,8,nh0250,novela sentimental,novela sentimental,novela sentimental,novela sentimental,novela sentimental,novela sentimental,novela sentimental,novela sentimental,novela sentimental,novela sentimental,novela sentimental
2326,subgenre-theme,novela sentimental,other,2000,word,tfidf,8,nh0251,novela sentimental,novela sentimental,novela sentimental,novela sentimental,novela sentimental,novela sentimental,novela sentimental,novela sentimental,novela sentimental,novela sentimental,novela sentimental
2327,subgenre-theme,novela sentimental,other,2000,word,tfidf,8,nh0252,novela sentimental,novela sentimental,novela sentimental,novela sentimental,novela sentimental,novela sentimental,novela sentimental,novela sentimental,novela sentimental,novela sentimental,novela sentimental
2328,subgenre-theme,novela sentimental,other,2000,word,tfidf,8,nh0254,novela sentimental,novela sentimental,novela sentimental,novela sentimental,novela sentimental,novela sentimental,novela sentimental,novela sentimental,novela sentimental,novela sentimental,novela sentimental
2329,subgenre-theme,novela sentimental,other,2000,word,tfidf,8,nh0256,other,other,other,other,other,other,other,other,other,other,other
2330,subgenre-theme,novela sentimental,other,2000,word,tfidf,9,nh0002,other,other,other,other,other,other,other,other,other,other,other
2331,subgenre-theme,novela sentimental,other,2000,word,tfidf,9,nh0003,novela sentimental,novela sentimental,novela sentimental,novela sentimental,novela sentimental,novela sentimental,novela sentimental,novela sentimental,novela sentimental,novela sentimental,novela sentimental
2332,subgenre-theme,novela sentimental,other,2000,word,tfidf,9,nh0004,other,other,other,other,other,other,other,other,other,other,other
2333,subgenre-theme,novela sentimental,other,2000,word,tfidf,9,nh0006,novela sentimental,novela sentimental,novela sentimental,novela sentimental,novela sentimental,novela sentimental,novela sentimental,novela sentimental,novela sentimental,novela sentimental,novela sentimental
2334,subgenre-theme,novela sentimental,other,2000,word,tfidf,9,nh0007,other,other,other,other,other,other,other,other,other,other,other
2335,subgenre-theme,novela sentimental,other,2000,word,tfidf,9,nh0008,other,novela sentimental,other,other,other,other,other,other,other,other,other
2336,subgenre-theme,novela sentimental,other,2000,word,tfidf,9,nh0010,other,other,other,other,other,other,other,other,other,other,other
2337,subgenre-theme,novela sentimental,other,2000,word,tfidf,9,nh0012,other,other,other,other,other,other,other,other,other,other,other
2338,subgenre-theme,novela sentimental,other,2000,word,tfidf,9,nh0013,novela sentimental,novela sentimental,novela sentimental,novela sentimental,novela sentimental,novela sentimental,novela sentimental,novela sentimental,novela sentimental,novela sentimental,novela sentimental
2339,subgenre-theme,novela sentimental,other,2000,word,tfidf,9,nh0014,novela sentimental,novela sentimental,novela sentimental,novela sentimental,novela sentimental,novela sentimental,novela sentimental,novela sentimental,novela sentimental,novela sentimental,novela sentimental
2340,subgenre-theme,novela sentimental,other,2000,word,tfidf,9,nh0015,other,other,other,other,other,other,other,other,other,other,other
2341,subgenre-theme,novela sentimental,other,2000,word,tfidf,9,nh0018,novela sentimental,novela sentimental,novela sentimental,novela sentimental,novela sentimental,novela sentimental,novela sentimental,novela sentimental,novela sentimental,novela sentimental,novela sentimental
2342,subgenre-theme,novela sentimental,other,2000,word,tfidf,9,nh0019,other,other,other,other,other,other,other,other,other,other,other
2343,subgenre-theme,novela sentimental,other,2000,word,tfidf,9,nh0021,novela sentimental,novela sentimental,novela sentimental,novela sentimental,novela sentimental,novela sentimental,novela sentimental,novela sentimental,novela sentimental,novela sentimental,novela sentimental
2344,subgenre-theme,novela sentimental,other,2000,word,tfidf,9,nh0022,other,other,other,other,other,other,other,other,other,other,other
2345,subgenre-theme,novela sentimental,other,2000,word,tfidf,9,nh0024,other,other,novela sentimental,other,other,other,other,other,other,other,other
2346,subgenre-theme,novela sentimental,other,2000,word,tfidf,9,nh0025,other,other,other,other,other,other,other,other,other,other,other
2347,subgenre-theme,novela sentimental,other,2000,word,tfidf,9,nh0029,other,other,other,other,other,other,other,other,other,other,other
2348,subgenre-theme,novela sentimental,other,2000,word,tfidf,9,nh0034,novela sentimental,novela sentimental,other,novela sentimental,novela sentimental,novela sentimental,novela sentimental,novela sentimental,novela sentimental,novela sentimental,novela sentimental
2349,subgenre-theme,novela sentimental,other,2000,word,tfidf,9,nh0035,other,other,other,other,other,other,other,other,other,other,other
2350,subgenre-theme,novela sentimental,other,2000,word,tfidf,9,nh0039,other,other,other,other,other,other,other,other,other,other,other
2351,subgenre-theme,novela sentimental,other,2000,word,tfidf,9,nh0042,other,other,other,other,other,other,other,other,other,other,other
2352,subgenre-theme,novela sentimental,other,2000,word,tfidf,9,nh0043,novela sentimental,novela sentimental,novela sentimental,novela sentimental,novela sentimental,novela sentimental,novela sentimental,novela sentimental,novela sentimental,novela sentimental,novela sentimental
2353,subgenre-theme,novela sentimental,other,2000,word,tfidf,9,nh0044,other,other,other,other,other,other,other,other,other,other,other
2354,subgenre-theme,novela sentimental,other,2000,word,tfidf,9,nh0045,novela sentimental,novela sentimental,other,novela sentimental,novela sentimental,novela sentimental,novela sentimental,novela sentimental,novela sentimental,novela sentimental,novela sentimental
2355,subgenre-theme,novela sentimental,other,2000,word,tfidf,9,nh0055,other,other,other,other,other,other,other,other,other,other,other
2356,subgenre-theme,novela sentimental,other,2000,word,tfidf,9,nh0056,other,other,other,other,other,other,other,other,other,other,other
2357,subgenre-theme,novela sentimental,other,2000,word,tfidf,9,nh0059,other,other,other,other,other,other,other,other,other,other,other
2358,subgenre-theme,novela sentimental,other,2000,word,tfidf,9,nh0061,other,other,other,other,other,other,other,other,other,other,other
2359,subgenre-theme,novela sentimental,other,2000,word,tfidf,9,nh0062,other,other,other,other,novela sentimental,other,other,other,other,other,other
2360,subgenre-theme,novela sentimental,other,2000,word,tfidf,9,nh0068,novela sentimental,novela sentimental,novela sentimental,novela sentimental,novela sentimental,novela sentimental,novela sentimental,novela sentimental,novela sentimental,novela sentimental,novela sentimental
2361,subgenre-theme,novela sentimental,other,2000,word,tfidf,9,nh0072,novela sentimental,novela sentimental,novela sentimental,other,novela sentimental,novela sentimental,novela sentimental,novela sentimental,novela sentimental,novela sentimental,novela sentimental
2362,subgenre-theme,novela sentimental,other,2000,word,tfidf,9,nh0076,novela sentimental,novela sentimental,novela sentimental,other,novela sentimental,novela sentimental,novela sentimental,novela sentimental,novela sentimental,novela sentimental,novela sentimental
2363,subgenre-theme,novela sentimental,other,2000,word,tfidf,9,nh0077,other,other,other,other,other,other,other,other,other,other,other
2364,subgenre-theme,novela sentimental,other,2000,word,tfidf,9,nh0078,other,other,other,other,other,other,other,other,other,other,other
2365,subgenre-theme,novela sentimental,other,2000,word,tfidf,9,nh0082,novela sentimental,novela sentimental,novela sentimental,novela sentimental,novela sentimental,novela sentimental,novela sentimental,novela sentimental,novela sentimental,novela sentimental,novela sentimental
2366,subgenre-theme,novela sentimental,other,2000,word,tfidf,9,nh0083,other,other,other,other,other,other,other,other,other,other,other
2367,subgenre-theme,novela sentimental,other,2000,word,tfidf,9,nh0087,novela sentimental,novela sentimental,novela sentimental,novela sentimental,novela sentimental,novela sentimental,novela sentimental,novela sentimental,novela sentimental,novela sentimental,novela sentimental
2368,subgenre-theme,novela sentimental,other,2000,word,tfidf,9,nh0089,novela sentimental,novela sentimental,novela sentimental,novela sentimental,novela sentimental,novela sentimental,novela sentimental,novela sentimental,novela sentimental,novela sentimental,novela sentimental
2369,subgenre-theme,novela sentimental,other,2000,word,tfidf,9,nh0092,novela sentimental,novela sentimental,novela sentimental,novela sentimental,novela sentimental,novela sentimental,novela sentimental,novela sentimental,novela sentimental,novela sentimental,novela sentimental
2370,subgenre-theme,novela sentimental,other,2000,word,tfidf,9,nh0096,novela sentimental,novela sentimental,novela sentimental,novela sentimental,novela sentimental,novela sentimental,novela sentimental,novela sentimental,novela sentimental,novela sentimental,novela sentimental
2371,subgenre-theme,novela sentimental,other,2000,word,tfidf,9,nh0098,novela sentimental,novela sentimental,novela sentimental,novela sentimental,novela sentimental,novela sentimental,novela sentimental,novela sentimental,novela sentimental,novela sentimental,novela sentimental
2372,subgenre-theme,novela sentimental,other,2000,word,tfidf,9,nh0099,novela sentimental,novela sentimental,novela sentimental,novela sentimental,other,novela sentimental,novela sentimental,novela sentimental,novela sentimental,novela sentimental,novela sentimental
2373,subgenre-theme,novela sentimental,other,2000,word,tfidf,9,nh0102,novela sentimental,novela sentimental,novela sentimental,novela sentimental,novela sentimental,novela sentimental,novela sentimental,novela sentimental,novela sentimental,novela sentimental,novela sentimental
2374,subgenre-theme,novela sentimental,other,2000,word,tfidf,9,nh0104,novela sentimental,novela sentimental,novela sentimental,novela sentimental,novela sentimental,novela sentimental,novela sentimental,novela sentimental,novela sentimental,novela sentimental,novela sentimental
2375,subgenre-theme,novela sentimental,other,2000,word,tfidf,9,nh0115,other,other,other,other,other,other,other,other,other,other,other
2376,subgenre-theme,novela sentimental,other,2000,word,tfidf,9,nh0118,other,other,other,other,other,other,other,other,other,other,other
2377,subgenre-theme,novela sentimental,other,2000,word,tfidf,9,nh0119,novela sentimental,novela sentimental,novela sentimental,novela sentimental,novela sentimental,novela sentimental,novela sentimental,novela sentimental,novela sentimental,novela sentimental,novela sentimental
2378,subgenre-theme,novela sentimental,other,2000,word,tfidf,9,nh0122,other,other,other,other,other,other,other,other,other,other,other
2379,subgenre-theme,novela sentimental,other,2000,word,tfidf,9,nh0123,novela sentimental,novela sentimental,novela sentimental,novela sentimental,novela sentimental,novela sentimental,novela sentimental,novela sentimental,novela sentimental,novela sentimental,novela sentimental
2380,subgenre-theme,novela sentimental,other,2000,word,tfidf,9,nh0125,other,other,other,other,other,other,other,other,other,other,other
2381,subgenre-theme,novela sentimental,other,2000,word,tfidf,9,nh0129,other,other,other,other,other,other,other,other,other,other,other
2382,subgenre-theme,novela sentimental,other,2000,word,tfidf,9,nh0130,novela sentimental,novela sentimental,novela sentimental,novela sentimental,novela sentimental,other,novela sentimental,novela sentimental,novela sentimental,novela sentimental,novela sentimental
2383,subgenre-theme,novela sentimental,other,2000,word,tfidf,9,nh0132,novela sentimental,novela sentimental,novela sentimental,novela sentimental,novela sentimental,other,novela sentimental,novela sentimental,novela sentimental,novela sentimental,novela sentimental
2384,subgenre-theme,novela sentimental,other,2000,word,tfidf,9,nh0133,other,other,other,other,other,other,other,other,other,other,other
2385,subgenre-theme,novela sentimental,other,2000,word,tfidf,9,nh0136,novela sentimental,novela sentimental,novela sentimental,novela sentimental,novela sentimental,novela sentimental,novela sentimental,novela sentimental,novela sentimental,novela sentimental,novela sentimental
2386,subgenre-theme,novela sentimental,other,2000,word,tfidf,9,nh0140,novela sentimental,novela sentimental,novela sentimental,novela sentimental,novela sentimental,novela sentimental,novela sentimental,novela sentimental,novela sentimental,novela sentimental,novela sentimental
2387,subgenre-theme,novela sentimental,other,2000,word,tfidf,9,nh0141,other,other,other,other,other,other,other,other,other,other,other
2388,subgenre-theme,novela sentimental,other,2000,word,tfidf,9,nh0144,other,other,other,other,other,other,other,other,other,other,other
2389,subgenre-theme,novela sentimental,other,2000,word,tfidf,9,nh0145,novela sentimental,novela sentimental,novela sentimental,novela sentimental,novela sentimental,novela sentimental,other,novela sentimental,novela sentimental,novela sentimental,novela sentimental
2390,subgenre-theme,novela sentimental,other,2000,word,tfidf,9,nh0146,novela sentimental,novela sentimental,novela sentimental,novela sentimental,novela sentimental,novela sentimental,novela sentimental,novela sentimental,novela sentimental,novela sentimental,novela sentimental
2391,subgenre-theme,novela sentimental,other,2000,word,tfidf,9,nh0147,other,other,other,other,other,other,other,other,other,other,other
2392,subgenre-theme,novela sentimental,other,2000,word,tfidf,9,nh0149,other,other,other,other,other,other,other,other,other,other,other
2393,subgenre-theme,novela sentimental,other,2000,word,tfidf,9,nh0151,novela sentimental,novela sentimental,novela sentimental,novela sentimental,novela sentimental,novela sentimental,novela sentimental,novela sentimental,novela sentimental,novela sentimental,novela sentimental
2394,subgenre-theme,novela sentimental,other,2000,word,tfidf,9,nh0152,other,other,other,other,other,other,other,other,other,other,other
2395,subgenre-theme,novela sentimental,other,2000,word,tfidf,9,nh0154,novela sentimental,novela sentimental,novela sentimental,novela sentimental,novela sentimental,novela sentimental,novela sentimental,novela sentimental,novela sentimental,novela sentimental,novela sentimental
2396,subgenre-theme,novela sentimental,other,2000,word,tfidf,9,nh0155,other,other,other,other,other,other,other,other,other,other,other
2397,subgenre-theme,novela sentimental,other,2000,word,tfidf,9,nh0156,novela sentimental,novela sentimental,novela sentimental,novela sentimental,novela sentimental,novela sentimental,novela sentimental,novela sentimental,novela sentimental,novela sentimental,novela sentimental
2398,subgenre-theme,novela sentimental,other,2000,word,tfidf,9,nh0158,other,other,other,other,other,other,other,other,other,other,other
2399,subgenre-theme,novela sentimental,other,2000,word,tfidf,9,nh0160,other,other,other,other,other,other,other,other,other,other,other
2400,subgenre-theme,novela sentimental,other,2000,word,tfidf,9,nh0162,novela sentimental,novela sentimental,novela sentimental,novela sentimental,novela sentimental,novela sentimental,novela sentimental,novela sentimental,novela sentimental,novela sentimental,novela sentimental
2401,subgenre-theme,novela sentimental,other,2000,word,tfidf,9,nh0163,other,other,other,other,other,other,other,other,other,other,other
2402,subgenre-theme,novela sentimental,other,2000,word,tfidf,9,nh0166,other,other,other,other,other,other,other,other,other,other,other
2403,subgenre-theme,novela sentimental,other,2000,word,tfidf,9,nh0169,other,other,other,other,other,other,other,other,other,other,other
2404,subgenre-theme,novela sentimental,other,2000,word,tfidf,9,nh0171,novela sentimental,novela sentimental,novela sentimental,novela sentimental,novela sentimental,novela sentimental,novela sentimental,novela sentimental,novela sentimental,novela sentimental,novela sentimental
2405,subgenre-theme,novela sentimental,other,2000,word,tfidf,9,nh0172,other,other,other,other,other,other,other,other,novela sentimental,other,other
2406,subgenre-theme,novela sentimental,other,2000,word,tfidf,9,nh0183,novela sentimental,novela sentimental,novela sentimental,novela sentimental,novela sentimental,novela sentimental,novela sentimental,novela sentimental,novela sentimental,novela sentimental,novela sentimental
2407,subgenre-theme,novela sentimental,other,2000,word,tfidf,9,nh0185,other,other,other,other,other,other,other,other,other,other,other
2408,subgenre-theme,novela sentimental,other,2000,word,tfidf,9,nh0186,other,other,other,other,other,other,other,other,novela sentimental,other,other
2409,subgenre-theme,novela sentimental,other,2000,word,tfidf,9,nh0187,novela sentimental,novela sentimental,novela sentimental,novela sentimental,novela sentimental,novela sentimental,novela sentimental,other,novela sentimental,novela sentimental,novela sentimental
2410,subgenre-theme,novela sentimental,other,2000,word,tfidf,9,nh0188,novela sentimental,novela sentimental,novela sentimental,novela sentimental,novela sentimental,novela sentimental,novela sentimental,novela sentimental,novela sentimental,novela sentimental,novela sentimental
2411,subgenre-theme,novela sentimental,other,2000,word,tfidf,9,nh0191,other,other,other,other,other,other,other,other,other,other,other
2412,subgenre-theme,novela sentimental,other,2000,word,tfidf,9,nh0194,other,other,other,other,other,other,other,other,other,other,other
2413,subgenre-theme,novela sentimental,other,2000,word,tfidf,9,nh0195,novela sentimental,novela sentimental,novela sentimental,novela sentimental,novela sentimental,novela sentimental,novela sentimental,novela sentimental,novela sentimental,novela sentimental,novela sentimental
2414,subgenre-theme,novela sentimental,other,2000,word,tfidf,9,nh0202,novela sentimental,novela sentimental,novela sentimental,novela sentimental,novela sentimental,novela sentimental,novela sentimental,novela sentimental,other,novela sentimental,novela sentimental
2415,subgenre-theme,novela sentimental,other,2000,word,tfidf,9,nh0207,novela sentimental,novela sentimental,novela sentimental,novela sentimental,novela sentimental,novela sentimental,novela sentimental,novela sentimental,novela sentimental,novela sentimental,novela sentimental
2416,subgenre-theme,novela sentimental,other,2000,word,tfidf,9,nh0208,other,other,other,other,other,other,other,other,other,other,other
2417,subgenre-theme,novela sentimental,other,2000,word,tfidf,9,nh0209,novela sentimental,novela sentimental,novela sentimental,novela sentimental,novela sentimental,novela sentimental,novela sentimental,novela sentimental,novela sentimental,novela sentimental,novela sentimental
2418,subgenre-theme,novela sentimental,other,2000,word,tfidf,9,nh0212,novela sentimental,novela sentimental,novela sentimental,novela sentimental,novela sentimental,novela sentimental,novela sentimental,novela sentimental,novela sentimental,novela sentimental,novela sentimental
2419,subgenre-theme,novela sentimental,other,2000,word,tfidf,9,nh0216,novela sentimental,novela sentimental,novela sentimental,novela sentimental,novela sentimental,novela sentimental,novela sentimental,novela sentimental,novela sentimental,novela sentimental,novela sentimental
2420,subgenre-theme,novela sentimental,other,2000,word,tfidf,9,nh0218,novela sentimental,novela sentimental,novela sentimental,novela sentimental,novela sentimental,novela sentimental,novela sentimental,novela sentimental,novela sentimental,novela sentimental,novela sentimental
2421,subgenre-theme,novela sentimental,other,2000,word,tfidf,9,nh0219,novela sentimental,novela sentimental,novela sentimental,novela sentimental,novela sentimental,novela sentimental,novela sentimental,novela sentimental,novela sentimental,other,novela sentimental
2422,subgenre-theme,novela sentimental,other,2000,word,tfidf,9,nh0228,novela sentimental,novela sentimental,novela sentimental,novela sentimental,novela sentimental,novela sentimental,novela sentimental,novela sentimental,novela sentimental,other,novela sentimental
2423,subgenre-theme,novela sentimental,other,2000,word,tfidf,9,nh0230,novela sentimental,novela sentimental,novela sentimental,novela sentimental,novela sentimental,novela sentimental,novela sentimental,novela sentimental,novela sentimental,other,novela sentimental
2424,subgenre-theme,novela sentimental,other,2000,word,tfidf,9,nh0232,other,other,other,other,other,other,other,other,other,other,other
2425,subgenre-theme,novela sentimental,other,2000,word,tfidf,9,nh0233,novela sentimental,novela sentimental,novela sentimental,novela sentimental,novela sentimental,novela sentimental,novela sentimental,novela sentimental,novela sentimental,novela sentimental,novela sentimental
2426,subgenre-theme,novela sentimental,other,2000,word,tfidf,9,nh0234,other,other,other,other,other,other,other,other,other,other,other
2427,subgenre-theme,novela sentimental,other,2000,word,tfidf,9,nh0237,novela sentimental,novela sentimental,novela sentimental,novela sentimental,novela sentimental,novela sentimental,novela sentimental,novela sentimental,novela sentimental,novela sentimental,novela sentimental
2428,subgenre-theme,novela sentimental,other,2000,word,tfidf,9,nh0239,other,other,other,other,other,other,other,other,other,other,other
2429,subgenre-theme,novela sentimental,other,2000,word,tfidf,9,nh0240,other,other,other,other,other,other,other,other,other,other,novela sentimental
2430,subgenre-theme,novela sentimental,other,2000,word,tfidf,9,nh0241,novela sentimental,novela sentimental,novela sentimental,novela sentimental,novela sentimental,novela sentimental,novela sentimental,novela sentimental,novela sentimental,novela sentimental,novela sentimental
2431,subgenre-theme,novela sentimental,other,2000,word,tfidf,9,nh0243,other,other,other,other,other,other,other,other,other,other,other
2432,subgenre-theme,novela sentimental,other,2000,word,tfidf,9,nh0245,novela sentimental,novela sentimental,novela sentimental,novela sentimental,novela sentimental,novela sentimental,novela sentimental,novela sentimental,novela sentimental,novela sentimental,novela sentimental
2433,subgenre-theme,novela sentimental,other,2000,word,tfidf,9,nh0246,other,other,other,other,other,other,other,other,other,other,novela sentimental
2434,subgenre-theme,novela sentimental,other,2000,word,tfidf,9,nh0250,novela sentimental,novela sentimental,novela sentimental,novela sentimental,novela sentimental,novela sentimental,novela sentimental,novela sentimental,novela sentimental,novela sentimental,novela sentimental
2435,subgenre-theme,novela sentimental,other,2000,word,tfidf,9,nh0251,novela sentimental,novela sentimental,novela sentimental,novela sentimental,novela sentimental,novela sentimental,novela sentimental,novela sentimental,novela sentimental,novela sentimental,novela sentimental
2436,subgenre-theme,novela sentimental,other,2000,word,tfidf,9,nh0252,novela sentimental,novela sentimental,novela sentimental,novela sentimental,novela sentimental,novela sentimental,novela sentimental,novela sentimental,novela sentimental,novela sentimental,novela sentimental
2437,subgenre-theme,novela sentimental,other,2000,word,tfidf,9,nh0253,other,other,other,other,other,other,other,other,other,other,other
2438,subgenre-theme,novela sentimental,other,2000,word,tfidf,9,nh0254,novela sentimental,novela sentimental,novela sentimental,novela sentimental,novela sentimental,novela sentimental,novela sentimental,novela sentimental,novela sentimental,novela sentimental,novela sentimental
2439,subgenre-theme,novela sentimental,other,2000,word,tfidf,9,nh0255,other,other,other,other,other,other,other,other,other,other,other
2440,subgenre-theme,novela de costumbres,other,2000,word,tfidf,0,nh0001,novela de costumbres,novela de costumbres,novela de costumbres,novela de costumbres,novela de costumbres,novela de costumbres,novela de costumbres,novela de costumbres,novela de costumbres,novela de costumbres,novela de costumbres
2441,subgenre-theme,novela de costumbres,other,2000,word,tfidf,0,nh0005,novela de costumbres,novela de costumbres,novela de costumbres,novela de costumbres,novela de costumbres,novela de costumbres,novela de costumbres,novela de costumbres,novela de costumbres,novela de costumbres,novela de costumbres
2442,subgenre-theme,novela de costumbres,other,2000,word,tfidf,0,nh0008,novela de costumbres,novela de costumbres,novela de costumbres,novela de costumbres,novela de costumbres,novela de costumbres,novela de costumbres,novela de costumbres,novela de costumbres,novela de costumbres,novela de costumbres
2443,subgenre-theme,novela de costumbres,other,2000,word,tfidf,0,nh0009,other,other,other,other,other,other,other,other,other,other,other
2444,subgenre-theme,novela de costumbres,other,2000,word,tfidf,0,nh0010,novela de costumbres,novela de costumbres,novela de costumbres,novela de costumbres,novela de costumbres,novela de costumbres,novela de costumbres,novela de costumbres,novela de costumbres,novela de costumbres,novela de costumbres
2445,subgenre-theme,novela de costumbres,other,2000,word,tfidf,0,nh0011,other,novela de costumbres,other,other,other,other,other,other,other,other,other
2446,subgenre-theme,novela de costumbres,other,2000,word,tfidf,0,nh0012,other,other,other,other,other,other,other,other,other,other,other
2447,subgenre-theme,novela de costumbres,other,2000,word,tfidf,0,nh0015,other,other,other,other,other,other,other,other,other,other,other
2448,subgenre-theme,novela de costumbres,other,2000,word,tfidf,0,nh0024,other,novela de costumbres,other,other,other,other,other,other,other,other,other
2449,subgenre-theme,novela de costumbres,other,2000,word,tfidf,0,nh0027,novela de costumbres,novela de costumbres,novela de costumbres,novela de costumbres,novela de costumbres,novela de costumbres,novela de costumbres,novela de costumbres,novela de costumbres,novela de costumbres,novela de costumbres
2450,subgenre-theme,novela de costumbres,other,2000,word,tfidf,0,nh0029,other,other,novela de costumbres,other,other,other,other,other,other,other,other
2451,subgenre-theme,novela de costumbres,other,2000,word,tfidf,0,nh0036,novela de costumbres,novela de costumbres,other,novela de costumbres,novela de costumbres,novela de costumbres,novela de costumbres,novela de costumbres,novela de costumbres,novela de costumbres,novela de costumbres
2452,subgenre-theme,novela de costumbres,other,2000,word,tfidf,0,nh0039,novela de costumbres,novela de costumbres,other,novela de costumbres,novela de costumbres,novela de costumbres,novela de costumbres,novela de costumbres,novela de costumbres,novela de costumbres,novela de costumbres
2453,subgenre-theme,novela de costumbres,other,2000,word,tfidf,0,nh0042,novela de costumbres,novela de costumbres,novela de costumbres,novela de costumbres,novela de costumbres,novela de costumbres,novela de costumbres,novela de costumbres,novela de costumbres,novela de costumbres,novela de costumbres
2454,subgenre-theme,novela de costumbres,other,2000,word,tfidf,0,nh0043,other,other,other,other,other,other,other,other,other,other,other
2455,subgenre-theme,novela de costumbres,other,2000,word,tfidf,0,nh0045,other,other,other,other,other,other,other,other,other,other,other
2456,subgenre-theme,novela de costumbres,other,2000,word,tfidf,0,nh0046,other,other,novela de costumbres,other,other,other,other,other,other,other,other
2457,subgenre-theme,novela de costumbres,other,2000,word,tfidf,0,nh0047,other,other,novela de costumbres,other,other,other,other,other,other,other,other
2458,subgenre-theme,novela de costumbres,other,2000,word,tfidf,0,nh0048,novela de costumbres,novela de costumbres,novela de costumbres,novela de costumbres,novela de costumbres,novela de costumbres,novela de costumbres,novela de costumbres,novela de costumbres,novela de costumbres,novela de costumbres
2459,subgenre-theme,novela de costumbres,other,2000,word,tfidf,0,nh0050,novela de costumbres,novela de costumbres,novela de costumbres,novela de costumbres,novela de costumbres,novela de costumbres,novela de costumbres,novela de costumbres,novela de costumbres,novela de costumbres,novela de costumbres
2460,subgenre-theme,novela de costumbres,other,2000,word,tfidf,0,nh0051,novela de costumbres,novela de costumbres,novela de costumbres,novela de costumbres,novela de costumbres,novela de costumbres,novela de costumbres,novela de costumbres,novela de costumbres,novela de costumbres,novela de costumbres
2461,subgenre-theme,novela de costumbres,other,2000,word,tfidf,0,nh0054,other,other,other,other,other,other,other,other,other,other,other
2462,subgenre-theme,novela de costumbres,other,2000,word,tfidf,0,nh0057,novela de costumbres,novela de costumbres,novela de costumbres,other,novela de costumbres,novela de costumbres,novela de costumbres,novela de costumbres,novela de costumbres,novela de costumbres,novela de costumbres
2463,subgenre-theme,novela de costumbres,other,2000,word,tfidf,0,nh0059,other,other,other,other,other,other,other,other,other,other,other
2464,subgenre-theme,novela de costumbres,other,2000,word,tfidf,0,nh0061,novela de costumbres,novela de costumbres,novela de costumbres,other,novela de costumbres,novela de costumbres,novela de costumbres,novela de costumbres,novela de costumbres,novela de costumbres,novela de costumbres
2465,subgenre-theme,novela de costumbres,other,2000,word,tfidf,0,nh0062,novela de costumbres,novela de costumbres,novela de costumbres,novela de costumbres,novela de costumbres,novela de costumbres,novela de costumbres,novela de costumbres,novela de costumbres,novela de costumbres,novela de costumbres
2466,subgenre-theme,novela de costumbres,other,2000,word,tfidf,0,nh0063,novela de costumbres,novela de costumbres,novela de costumbres,novela de costumbres,novela de costumbres,novela de costumbres,novela de costumbres,novela de costumbres,novela de costumbres,novela de costumbres,novela de costumbres
2467,subgenre-theme,novela de costumbres,other,2000,word,tfidf,0,nh0065,novela de costumbres,novela de costumbres,novela de costumbres,novela de costumbres,novela de costumbres,novela de costumbres,novela de costumbres,novela de costumbres,novela de costumbres,novela de costumbres,novela de costumbres
2468,subgenre-theme,novela de costumbres,other,2000,word,tfidf,0,nh0066,novela de costumbres,novela de costumbres,novela de costumbres,novela de costumbres,other,novela de costumbres,novela de costumbres,novela de costumbres,novela de costumbres,novela de costumbres,novela de costumbres
2469,subgenre-theme,novela de costumbres,other,2000,word,tfidf,0,nh0067,other,other,other,other,other,other,other,other,other,other,other
2470,subgenre-theme,novela de costumbres,other,2000,word,tfidf,0,nh0068,other,other,other,novela de costumbres,other,other,other,other,other,other,other
2471,subgenre-theme,novela de costumbres,other,2000,word,tfidf,0,nh0070,novela de costumbres,novela de costumbres,novela de costumbres,novela de costumbres,novela de costumbres,novela de costumbres,novela de costumbres,novela de costumbres,novela de costumbres,novela de costumbres,novela de costumbres
2472,subgenre-theme,novela de costumbres,other,2000,word,tfidf,0,nh0071,novela de costumbres,novela de costumbres,novela de costumbres,novela de costumbres,novela de costumbres,novela de costumbres,novela de costumbres,novela de costumbres,novela de costumbres,novela de costumbres,novela de costumbres
2473,subgenre-theme,novela de costumbres,other,2000,word,tfidf,0,nh0073,novela de costumbres,novela de costumbres,novela de costumbres,novela de costumbres,novela de costumbres,novela de costumbres,novela de costumbres,novela de costumbres,novela de costumbres,novela de costumbres,novela de costumbres
2474,subgenre-theme,novela de costumbres,other,2000,word,tfidf,0,nh0074,other,other,other,novela de costumbres,other,other,other,other,other,other,other
2475,subgenre-theme,novela de costumbres,other,2000,word,tfidf,0,nh0075,other,other,other,other,novela de costumbres,other,other,other,other,other,other
2476,subgenre-theme,novela de costumbres,other,2000,word,tfidf,0,nh0077,novela de costumbres,novela de costumbres,novela de costumbres,novela de costumbres,novela de costumbres,novela de costumbres,novela de costumbres,novela de costumbres,novela de costumbres,novela de costumbres,novela de costumbres
2477,subgenre-theme,novela de costumbres,other,2000,word,tfidf,0,nh0078,novela de costumbres,novela de costumbres,novela de costumbres,novela de costumbres,novela de costumbres,novela de costumbres,novela de costumbres,novela de costumbres,novela de costumbres,novela de costumbres,novela de costumbres
2478,subgenre-theme,novela de costumbres,other,2000,word,tfidf,0,nh0079,novela de costumbres,novela de costumbres,novela de costumbres,novela de costumbres,novela de costumbres,novela de costumbres,novela de costumbres,novela de costumbres,novela de costumbres,novela de costumbres,novela de costumbres
2479,subgenre-theme,novela de costumbres,other,2000,word,tfidf,0,nh0080,other,other,other,other,other,other,other,other,other,other,other
2480,subgenre-theme,novela de costumbres,other,2000,word,tfidf,0,nh0088,other,other,other,other,other,other,other,other,other,other,other
2481,subgenre-theme,novela de costumbres,other,2000,word,tfidf,0,nh0090,novela de costumbres,novela de costumbres,novela de costumbres,novela de costumbres,novela de costumbres,novela de costumbres,novela de costumbres,novela de costumbres,novela de costumbres,novela de costumbres,novela de costumbres
2482,subgenre-theme,novela de costumbres,other,2000,word,tfidf,0,nh0093,novela de costumbres,novela de costumbres,novela de costumbres,novela de costumbres,novela de costumbres,novela de costumbres,novela de costumbres,novela de costumbres,novela de costumbres,novela de costumbres,novela de costumbres
2483,subgenre-theme,novela de costumbres,other,2000,word,tfidf,0,nh0096,other,other,other,other,novela de costumbres,other,other,other,other,other,other
2484,subgenre-theme,novela de costumbres,other,2000,word,tfidf,0,nh0101,novela de costumbres,novela de costumbres,novela de costumbres,novela de costumbres,novela de costumbres,novela de costumbres,novela de costumbres,novela de costumbres,novela de costumbres,novela de costumbres,novela de costumbres
2485,subgenre-theme,novela de costumbres,other,2000,word,tfidf,0,nh0103,other,other,other,other,other,other,other,other,other,other,other
2486,subgenre-theme,novela de costumbres,other,2000,word,tfidf,0,nh0105,novela de costumbres,novela de costumbres,novela de costumbres,novela de costumbres,novela de costumbres,novela de costumbres,novela de costumbres,novela de costumbres,novela de costumbres,novela de costumbres,novela de costumbres
2487,subgenre-theme,novela de costumbres,other,2000,word,tfidf,0,nh0112,other,other,other,other,other,other,other,other,other,other,other
2488,subgenre-theme,novela de costumbres,other,2000,word,tfidf,0,nh0113,other,other,other,other,other,other,other,other,other,other,other
2489,subgenre-theme,novela de costumbres,other,2000,word,tfidf,0,nh0118,novela de costumbres,novela de costumbres,novela de costumbres,novela de costumbres,novela de costumbres,novela de costumbres,novela de costumbres,novela de costumbres,novela de costumbres,novela de costumbres,novela de costumbres
2490,subgenre-theme,novela de costumbres,other,2000,word,tfidf,0,nh0120,novela de costumbres,novela de costumbres,novela de costumbres,novela de costumbres,novela de costumbres,novela de costumbres,novela de costumbres,novela de costumbres,novela de costumbres,novela de costumbres,novela de costumbres
2491,subgenre-theme,novela de costumbres,other,2000,word,tfidf,0,nh0121,other,other,other,other,other,novela de costumbres,other,other,other,other,other
2492,subgenre-theme,novela de costumbres,other,2000,word,tfidf,0,nh0123,other,other,other,other,other,novela de costumbres,other,other,other,other,other
2493,subgenre-theme,novela de costumbres,other,2000,word,tfidf,0,nh0129,novela de costumbres,novela de costumbres,novela de costumbres,novela de costumbres,novela de costumbres,novela de costumbres,novela de costumbres,novela de costumbres,novela de costumbres,novela de costumbres,novela de costumbres
2494,subgenre-theme,novela de costumbres,other,2000,word,tfidf,0,nh0131,novela de costumbres,novela de costumbres,novela de costumbres,novela de costumbres,novela de costumbres,novela de costumbres,novela de costumbres,novela de costumbres,novela de costumbres,novela de costumbres,novela de costumbres
2495,subgenre-theme,novela de costumbres,other,2000,word,tfidf,0,nh0133,novela de costumbres,novela de costumbres,novela de costumbres,novela de costumbres,novela de costumbres,novela de costumbres,novela de costumbres,other,novela de costumbres,novela de costumbres,novela de costumbres
2496,subgenre-theme,novela de costumbres,other,2000,word,tfidf,0,nh0134,other,other,other,other,other,novela de costumbres,other,other,other,other,other
2497,subgenre-theme,novela de costumbres,other,2000,word,tfidf,0,nh0135,novela de costumbres,novela de costumbres,novela de costumbres,novela de costumbres,novela de costumbres,novela de costumbres,novela de costumbres,other,novela de costumbres,novela de costumbres,novela de costumbres
2498,subgenre-theme,novela de costumbres,other,2000,word,tfidf,0,nh0136,other,other,other,other,other,other,novela de costumbres,other,other,other,other
2499,subgenre-theme,novela de costumbres,other,2000,word,tfidf,0,nh0137,novela de costumbres,novela de costumbres,novela de costumbres,novela de costumbres,novela de costumbres,novela de costumbres,novela de costumbres,novela de costumbres,novela de costumbres,novela de costumbres,novela de costumbres
2500,subgenre-theme,novela de costumbres,other,2000,word,tfidf,0,nh0138,novela de costumbres,novela de costumbres,novela de costumbres,novela de costumbres,novela de costumbres,novela de costumbres,novela de costumbres,novela de costumbres,novela de costumbres,novela de costumbres,novela de costumbres
2501,subgenre-theme,novela de costumbres,other,2000,word,tfidf,0,nh0139,other,other,other,other,other,other,novela de costumbres,other,other,other,other
2502,subgenre-theme,novela de costumbres,other,2000,word,tfidf,0,nh0141,novela de costumbres,novela de costumbres,novela de costumbres,novela de costumbres,novela de costumbres,novela de costumbres,novela de costumbres,novela de costumbres,novela de costumbres,novela de costumbres,novela de costumbres
2503,subgenre-theme,novela de costumbres,other,2000,word,tfidf,0,nh0144,novela de costumbres,novela de costumbres,novela de costumbres,novela de costumbres,novela de costumbres,novela de costumbres,novela de costumbres,novela de costumbres,novela de costumbres,novela de costumbres,novela de costumbres
2504,subgenre-theme,novela de costumbres,other,2000,word,tfidf,0,nh0147,novela de costumbres,novela de costumbres,novela de costumbres,novela de costumbres,novela de costumbres,novela de costumbres,novela de costumbres,novela de costumbres,other,novela de costumbres,novela de costumbres
2505,subgenre-theme,novela de costumbres,other,2000,word,tfidf,0,nh0152,other,other,other,other,other,other,other,other,other,other,other
2506,subgenre-theme,novela de costumbres,other,2000,word,tfidf,0,nh0155,other,other,other,other,other,other,novela de costumbres,other,other,other,other
2507,subgenre-theme,novela de costumbres,other,2000,word,tfidf,0,nh0158,other,other,other,other,other,other,other,other,other,other,other
2508,subgenre-theme,novela de costumbres,other,2000,word,tfidf,0,nh0164,novela de costumbres,novela de costumbres,novela de costumbres,novela de costumbres,novela de costumbres,novela de costumbres,novela de costumbres,novela de costumbres,other,novela de costumbres,novela de costumbres
2509,subgenre-theme,novela de costumbres,other,2000,word,tfidf,0,nh0166,other,other,other,other,other,other,other,other,other,other,other
2510,subgenre-theme,novela de costumbres,other,2000,word,tfidf,0,nh0167,other,other,other,other,other,other,other,other,other,other,other
2511,subgenre-theme,novela de costumbres,other,2000,word,tfidf,0,nh0168,other,other,other,other,other,other,other,novela de costumbres,other,other,other
2512,subgenre-theme,novela de costumbres,other,2000,word,tfidf,0,nh0172,novela de costumbres,novela de costumbres,novela de costumbres,novela de costumbres,novela de costumbres,novela de costumbres,novela de costumbres,novela de costumbres,other,novela de costumbres,novela de costumbres
2513,subgenre-theme,novela de costumbres,other,2000,word,tfidf,0,nh0174,other,other,other,other,other,other,other,other,other,other,other
2514,subgenre-theme,novela de costumbres,other,2000,word,tfidf,0,nh0176,other,other,other,other,other,other,other,other,other,other,other
2515,subgenre-theme,novela de costumbres,other,2000,word,tfidf,0,nh0179,novela de costumbres,novela de costumbres,novela de costumbres,novela de costumbres,novela de costumbres,novela de costumbres,novela de costumbres,novela de costumbres,novela de costumbres,novela de costumbres,novela de costumbres
2516,subgenre-theme,novela de costumbres,other,2000,word,tfidf,0,nh0184,other,other,other,other,other,other,other,other,novela de costumbres,other,other
2517,subgenre-theme,novela de costumbres,other,2000,word,tfidf,0,nh0185,other,other,other,other,other,other,other,other,other,other,other
2518,subgenre-theme,novela de costumbres,other,2000,word,tfidf,0,nh0187,other,other,other,other,other,other,other,other,novela de costumbres,other,other
2519,subgenre-theme,novela de costumbres,other,2000,word,tfidf,0,nh0195,other,other,other,other,other,other,other,other,other,other,other
2520,subgenre-theme,novela de costumbres,other,2000,word,tfidf,0,nh0196,other,other,other,other,other,other,other,other,other,other,other
2521,subgenre-theme,novela de costumbres,other,2000,word,tfidf,0,nh0197,novela de costumbres,novela de costumbres,novela de costumbres,novela de costumbres,novela de costumbres,novela de costumbres,novela de costumbres,novela de costumbres,novela de costumbres,novela de costumbres,novela de costumbres
2522,subgenre-theme,novela de costumbres,other,2000,word,tfidf,0,nh0199,novela de costumbres,novela de costumbres,novela de costumbres,novela de costumbres,novela de costumbres,novela de costumbres,novela de costumbres,novela de costumbres,novela de costumbres,novela de costumbres,novela de costumbres
2523,subgenre-theme,novela de costumbres,other,2000,word,tfidf,0,nh0205,other,other,other,other,other,other,other,other,other,other,other
2524,subgenre-theme,novela de costumbres,other,2000,word,tfidf,0,nh0213,novela de costumbres,novela de costumbres,novela de costumbres,novela de costumbres,novela de costumbres,novela de costumbres,novela de costumbres,novela de costumbres,novela de costumbres,novela de costumbres,novela de costumbres
2525,subgenre-theme,novela de costumbres,other,2000,word,tfidf,0,nh0214,novela de costumbres,novela de costumbres,novela de costumbres,novela de costumbres,novela de costumbres,novela de costumbres,novela de costumbres,novela de costumbres,novela de costumbres,other,novela de costumbres
2526,subgenre-theme,novela de costumbres,other,2000,word,tfidf,0,nh0217,novela de costumbres,novela de costumbres,novela de costumbres,novela de costumbres,novela de costumbres,novela de costumbres,novela de costumbres,novela de costumbres,novela de costumbres,novela de costumbres,novela de costumbres
2527,subgenre-theme,novela de costumbres,other,2000,word,tfidf,0,nh0220,novela de costumbres,novela de costumbres,novela de costumbres,novela de costumbres,novela de costumbres,novela de costumbres,novela de costumbres,novela de costumbres,novela de costumbres,novela de costumbres,other
2528,subgenre-theme,novela de costumbres,other,2000,word,tfidf,0,nh0224,other,other,other,other,other,other,other,other,other,novela de costumbres,other
2529,subgenre-theme,novela de costumbres,other,2000,word,tfidf,0,nh0237,other,other,other,other,other,other,other,other,other,other,other
2530,subgenre-theme,novela de costumbres,other,2000,word,tfidf,0,nh0238,novela de costumbres,novela de costumbres,novela de costumbres,novela de costumbres,novela de costumbres,novela de costumbres,novela de costumbres,novela de costumbres,novela de costumbres,novela de costumbres,novela de costumbres
2531,subgenre-theme,novela de costumbres,other,2000,word,tfidf,0,nh0239,other,other,other,other,other,other,other,other,other,novela de costumbres,other
2532,subgenre-theme,novela de costumbres,other,2000,word,tfidf,0,nh0242,novela de costumbres,novela de costumbres,novela de costumbres,novela de costumbres,novela de costumbres,novela de costumbres,novela de costumbres,novela de costumbres,novela de costumbres,novela de costumbres,novela de costumbres
2533,subgenre-theme,novela de costumbres,other,2000,word,tfidf,0,nh0243,other,other,other,other,other,other,other,other,other,other,other
2534,subgenre-theme,novela de costumbres,other,2000,word,tfidf,0,nh0245,other,other,other,other,other,other,other,other,other,other,other
2535,subgenre-theme,novela de costumbres,other,2000,word,tfidf,0,nh0246,novela de costumbres,novela de costumbres,novela de costumbres,novela de costumbres,novela de costumbres,novela de costumbres,novela de costumbres,novela de costumbres,novela de costumbres,novela de costumbres,other
2536,subgenre-theme,novela de costumbres,other,2000,word,tfidf,0,nh0249,other,other,other,other,other,other,other,other,other,other,other
2537,subgenre-theme,novela de costumbres,other,2000,word,tfidf,0,nh0250,other,other,other,other,other,other,other,other,other,other,other
2538,subgenre-theme,novela de costumbres,other,2000,word,tfidf,0,nh0251,other,other,other,other,other,other,other,other,other,other,other
2539,subgenre-theme,novela de costumbres,other,2000,word,tfidf,0,nh0256,other,other,other,other,other,other,other,other,other,other,other
2540,subgenre-theme,novela de costumbres,other,2000,word,tfidf,1,nh0001,novela de costumbres,novela de costumbres,novela de costumbres,novela de costumbres,novela de costumbres,novela de costumbres,novela de costumbres,novela de costumbres,novela de costumbres,novela de costumbres,novela de costumbres
2541,subgenre-theme,novela de costumbres,other,2000,word,tfidf,1,nh0005,novela de costumbres,novela de costumbres,novela de costumbres,novela de costumbres,novela de costumbres,novela de costumbres,novela de costumbres,novela de costumbres,novela de costumbres,novela de costumbres,novela de costumbres
2542,subgenre-theme,novela de costumbres,other,2000,word,tfidf,1,nh0008,novela de costumbres,novela de costumbres,novela de costumbres,novela de costumbres,novela de costumbres,novela de costumbres,novela de costumbres,novela de costumbres,novela de costumbres,novela de costumbres,novela de costumbres
2543,subgenre-theme,novela de costumbres,other,2000,word,tfidf,1,nh0009,other,other,other,other,other,other,other,other,other,other,other
2544,subgenre-theme,novela de costumbres,other,2000,word,tfidf,1,nh0010,novela de costumbres,novela de costumbres,novela de costumbres,novela de costumbres,novela de costumbres,novela de costumbres,novela de costumbres,novela de costumbres,novela de costumbres,novela de costumbres,novela de costumbres
2545,subgenre-theme,novela de costumbres,other,2000,word,tfidf,1,nh0014,other,other,other,other,other,other,other,other,other,other,other
2546,subgenre-theme,novela de costumbres,other,2000,word,tfidf,1,nh0022,other,other,other,other,other,other,other,other,other,other,other
2547,subgenre-theme,novela de costumbres,other,2000,word,tfidf,1,nh0024,other,novela de costumbres,other,other,other,other,other,other,other,other,other
2548,subgenre-theme,novela de costumbres,other,2000,word,tfidf,1,nh0027,novela de costumbres,novela de costumbres,novela de costumbres,novela de costumbres,novela de costumbres,novela de costumbres,novela de costumbres,novela de costumbres,novela de costumbres,novela de costumbres,novela de costumbres
2549,subgenre-theme,novela de costumbres,other,2000,word,tfidf,1,nh0028,other,novela de costumbres,other,other,other,other,other,other,other,other,other
2550,subgenre-theme,novela de costumbres,other,2000,word,tfidf,1,nh0031,other,other,other,other,other,other,other,other,other,other,other
2551,subgenre-theme,novela de costumbres,other,2000,word,tfidf,1,nh0034,other,other,novela de costumbres,other,other,other,other,other,other,other,other
2552,subgenre-theme,novela de costumbres,other,2000,word,tfidf,1,nh0036,novela de costumbres,novela de costumbres,other,novela de costumbres,novela de costumbres,novela de costumbres,novela de costumbres,novela de costumbres,novela de costumbres,novela de costumbres,novela de costumbres
2553,subgenre-theme,novela de costumbres,other,2000,word,tfidf,1,nh0039,novela de costumbres,novela de costumbres,other,novela de costumbres,novela de costumbres,novela de costumbres,novela de costumbres,novela de costumbres,novela de costumbres,novela de costumbres,novela de costumbres
2554,subgenre-theme,novela de costumbres,other,2000,word,tfidf,1,nh0041,other,other,other,other,other,other,other,other,other,other,other
2555,subgenre-theme,novela de costumbres,other,2000,word,tfidf,1,nh0042,novela de costumbres,novela de costumbres,novela de costumbres,novela de costumbres,novela de costumbres,novela de costumbres,novela de costumbres,novela de costumbres,novela de costumbres,novela de costumbres,novela de costumbres
2556,subgenre-theme,novela de costumbres,other,2000,word,tfidf,1,nh0043,other,other,other,other,other,other,other,other,other,other,other
2557,subgenre-theme,novela de costumbres,other,2000,word,tfidf,1,nh0044,other,other,other,other,other,other,other,other,other,other,other
2558,subgenre-theme,novela de costumbres,other,2000,word,tfidf,1,nh0047,other,other,other,novela de costumbres,other,other,other,other,other,other,other
2559,subgenre-theme,novela de costumbres,other,2000,word,tfidf,1,nh0048,novela de costumbres,novela de costumbres,other,novela de costumbres,novela de costumbres,novela de costumbres,novela de costumbres,novela de costumbres,novela de costumbres,novela de costumbres,novela de costumbres
2560,subgenre-theme,novela de costumbres,other,2000,word,tfidf,1,nh0050,novela de costumbres,novela de costumbres,novela de costumbres,novela de costumbres,novela de costumbres,novela de costumbres,novela de costumbres,novela de costumbres,novela de costumbres,novela de costumbres,novela de costumbres
2561,subgenre-theme,novela de costumbres,other,2000,word,tfidf,1,nh0051,novela de costumbres,novela de costumbres,novela de costumbres,novela de costumbres,novela de costumbres,novela de costumbres,novela de costumbres,novela de costumbres,novela de costumbres,novela de costumbres,novela de costumbres
2562,subgenre-theme,novela de costumbres,other,2000,word,tfidf,1,nh0052,other,other,other,novela de costumbres,other,other,other,other,other,other,other
2563,subgenre-theme,novela de costumbres,other,2000,word,tfidf,1,nh0057,novela de costumbres,novela de costumbres,novela de costumbres,other,novela de costumbres,novela de costumbres,novela de costumbres,novela de costumbres,novela de costumbres,novela de costumbres,novela de costumbres
2564,subgenre-theme,novela de costumbres,other,2000,word,tfidf,1,nh0058,other,other,other,novela de costumbres,other,other,other,other,other,other,other
2565,subgenre-theme,novela de costumbres,other,2000,word,tfidf,1,nh0061,novela de costumbres,novela de costumbres,novela de costumbres,other,novela de costumbres,novela de costumbres,novela de costumbres,novela de costumbres,novela de costumbres,novela de costumbres,novela de costumbres
2566,subgenre-theme,novela de costumbres,other,2000,word,tfidf,1,nh0062,novela de costumbres,novela de costumbres,novela de costumbres,novela de costumbres,novela de costumbres,novela de costumbres,novela de costumbres,novela de costumbres,novela de costumbres,novela de costumbres,novela de costumbres
2567,subgenre-theme,novela de costumbres,other,2000,word,tfidf,1,nh0063,novela de costumbres,novela de costumbres,novela de costumbres,novela de costumbres,novela de costumbres,novela de costumbres,novela de costumbres,novela de costumbres,novela de costumbres,novela de costumbres,novela de costumbres
2568,subgenre-theme,novela de costumbres,other,2000,word,tfidf,1,nh0065,novela de costumbres,novela de costumbres,novela de costumbres,novela de costumbres,novela de costumbres,novela de costumbres,novela de costumbres,novela de costumbres,novela de costumbres,novela de costumbres,novela de costumbres
2569,subgenre-theme,novela de costumbres,other,2000,word,tfidf,1,nh0066,novela de costumbres,novela de costumbres,novela de costumbres,novela de costumbres,other,novela de costumbres,novela de costumbres,novela de costumbres,novela de costumbres,novela de costumbres,novela de costumbres
2570,subgenre-theme,novela de costumbres,other,2000,word,tfidf,1,nh0070,novela de costumbres,novela de costumbres,novela de costumbres,novela de costumbres,novela de costumbres,novela de costumbres,novela de costumbres,novela de costumbres,novela de costumbres,novela de costumbres,novela de costumbres
2571,subgenre-theme,novela de costumbres,other,2000,word,tfidf,1,nh0071,novela de costumbres,novela de costumbres,novela de costumbres,novela de costumbres,novela de costumbres,novela de costumbres,novela de costumbres,novela de costumbres,novela de costumbres,novela de costumbres,novela de costumbres
2572,subgenre-theme,novela de costumbres,other,2000,word,tfidf,1,nh0073,novela de costumbres,novela de costumbres,novela de costumbres,novela de costumbres,novela de costumbres,novela de costumbres,novela de costumbres,novela de costumbres,novela de costumbres,novela de costumbres,novela de costumbres
2573,subgenre-theme,novela de costumbres,other,2000,word,tfidf,1,nh0076,other,other,other,novela de costumbres,other,other,other,other,other,other,other
2574,subgenre-theme,novela de costumbres,other,2000,word,tfidf,1,nh0077,novela de costumbres,novela de costumbres,novela de costumbres,novela de costumbres,novela de costumbres,novela de costumbres,novela de costumbres,novela de costumbres,novela de costumbres,novela de costumbres,novela de costumbres
2575,subgenre-theme,novela de costumbres,other,2000,word,tfidf,1,nh0078,novela de costumbres,novela de costumbres,novela de costumbres,novela de costumbres,novela de costumbres,novela de costumbres,novela de costumbres,novela de costumbres,novela de costumbres,novela de costumbres,novela de costumbres
2576,subgenre-theme,novela de costumbres,other,2000,word,tfidf,1,nh0079,novela de costumbres,novela de costumbres,novela de costumbres,novela de costumbres,novela de costumbres,novela de costumbres,novela de costumbres,novela de costumbres,novela de costumbres,novela de costumbres,novela de costumbres
2577,subgenre-theme,novela de costumbres,other,2000,word,tfidf,1,nh0086,other,other,other,other,other,other,other,other,other,other,other
2578,subgenre-theme,novela de costumbres,other,2000,word,tfidf,1,nh0088,other,other,other,other,novela de costumbres,other,other,other,other,other,other
2579,subgenre-theme,novela de costumbres,other,2000,word,tfidf,1,nh0090,novela de costumbres,novela de costumbres,novela de costumbres,novela de costumbres,novela de costumbres,novela de costumbres,novela de costumbres,novela de costumbres,novela de costumbres,novela de costumbres,novela de costumbres
2580,subgenre-theme,novela de costumbres,other,2000,word,tfidf,1,nh0093,novela de costumbres,novela de costumbres,novela de costumbres,novela de costumbres,novela de costumbres,novela de costumbres,novela de costumbres,novela de costumbres,novela de costumbres,novela de costumbres,novela de costumbres
2581,subgenre-theme,novela de costumbres,other,2000,word,tfidf,1,nh0098,other,other,other,other,other,other,other,other,other,other,other
2582,subgenre-theme,novela de costumbres,other,2000,word,tfidf,1,nh0101,novela de costumbres,novela de costumbres,novela de costumbres,novela de costumbres,novela de costumbres,novela de costumbres,novela de costumbres,novela de costumbres,novela de costumbres,novela de costumbres,novela de costumbres
2583,subgenre-theme,novela de costumbres,other,2000,word,tfidf,1,nh0105,novela de costumbres,novela de costumbres,novela de costumbres,novela de costumbres,novela de costumbres,novela de costumbres,novela de costumbres,novela de costumbres,novela de costumbres,novela de costumbres,novela de costumbres
2584,subgenre-theme,novela de costumbres,other,2000,word,tfidf,1,nh0117,other,other,other,other,other,other,other,other,other,other,other
2585,subgenre-theme,novela de costumbres,other,2000,word,tfidf,1,nh0118,novela de costumbres,novela de costumbres,novela de costumbres,novela de costumbres,novela de costumbres,novela de costumbres,novela de costumbres,novela de costumbres,novela de costumbres,novela de costumbres,novela de costumbres
2586,subgenre-theme,novela de costumbres,other,2000,word,tfidf,1,nh0120,novela de costumbres,novela de costumbres,novela de costumbres,novela de costumbres,novela de costumbres,novela de costumbres,novela de costumbres,novela de costumbres,novela de costumbres,novela de costumbres,novela de costumbres
2587,subgenre-theme,novela de costumbres,other,2000,word,tfidf,1,nh0122,other,other,other,other,other,other,other,other,other,other,other
2588,subgenre-theme,novela de costumbres,other,2000,word,tfidf,1,nh0123,other,other,other,other,novela de costumbres,other,other,other,other,other,other
2589,subgenre-theme,novela de costumbres,other,2000,word,tfidf,1,nh0127,other,other,other,other,other,other,other,other,other,other,other
2590,subgenre-theme,novela de costumbres,other,2000,word,tfidf,1,nh0129,novela de costumbres,novela de costumbres,novela de costumbres,novela de costumbres,novela de costumbres,novela de costumbres,novela de costumbres,novela de costumbres,novela de costumbres,novela de costumbres,novela de costumbres
2591,subgenre-theme,novela de costumbres,other,2000,word,tfidf,1,nh0130,other,other,other,other,other,other,other,other,other,other,other
2592,subgenre-theme,novela de costumbres,other,2000,word,tfidf,1,nh0131,novela de costumbres,novela de costumbres,novela de costumbres,novela de costumbres,novela de costumbres,novela de costumbres,novela de costumbres,novela de costumbres,novela de costumbres,novela de costumbres,novela de costumbres
2593,subgenre-theme,novela de costumbres,other,2000,word,tfidf,1,nh0133,novela de costumbres,novela de costumbres,novela de costumbres,novela de costumbres,novela de costumbres,novela de costumbres,novela de costumbres,novela de costumbres,novela de costumbres,novela de costumbres,novela de costumbres
2594,subgenre-theme,novela de costumbres,other,2000,word,tfidf,1,nh0135,novela de costumbres,novela de costumbres,novela de costumbres,novela de costumbres,novela de costumbres,novela de costumbres,novela de costumbres,other,novela de costumbres,novela de costumbres,novela de costumbres
2595,subgenre-theme,novela de costumbres,other,2000,word,tfidf,1,nh0136,other,other,other,other,other,novela de costumbres,other,other,other,other,other
2596,subgenre-theme,novela de costumbres,other,2000,word,tfidf,1,nh0137,novela de costumbres,novela de costumbres,novela de costumbres,novela de costumbres,novela de costumbres,novela de costumbres,novela de costumbres,other,novela de costumbres,novela de costumbres,novela de costumbres
2597,subgenre-theme,novela de costumbres,other,2000,word,tfidf,1,nh0138,novela de costumbres,novela de costumbres,novela de costumbres,novela de costumbres,novela de costumbres,novela de costumbres,novela de costumbres,novela de costumbres,novela de costumbres,novela de costumbres,novela de costumbres
2598,subgenre-theme,novela de costumbres,other,2000,word,tfidf,1,nh0141,novela de costumbres,novela de costumbres,novela de costumbres,novela de costumbres,novela de costumbres,novela de costumbres,novela de costumbres,novela de costumbres,novela de costumbres,novela de costumbres,novela de costumbres
2599,subgenre-theme,novela de costumbres,other,2000,word,tfidf,1,nh0142,other,other,other,other,other,other,other,other,other,other,other
2600,subgenre-theme,novela de costumbres,other,2000,word,tfidf,1,nh0144,novela de costumbres,novela de costumbres,novela de costumbres,novela de costumbres,novela de costumbres,novela de costumbres,novela de costumbres,novela de costumbres,novela de costumbres,novela de costumbres,novela de costumbres
2601,subgenre-theme,novela de costumbres,other,2000,word,tfidf,1,nh0147,novela de costumbres,novela de costumbres,novela de costumbres,novela de costumbres,novela de costumbres,novela de costumbres,novela de costumbres,novela de costumbres,novela de costumbres,novela de costumbres,novela de costumbres
2602,subgenre-theme,novela de costumbres,other,2000,word,tfidf,1,nh0148,other,other,other,other,other,other,other,other,other,other,other
2603,subgenre-theme,novela de costumbres,other,2000,word,tfidf,1,nh0154,other,other,other,other,other,other,other,other,other,other,other
2604,subgenre-theme,novela de costumbres,other,2000,word,tfidf,1,nh0156,other,other,other,other,other,other,novela de costumbres,other,other,other,other
2605,subgenre-theme,novela de costumbres,other,2000,word,tfidf,1,nh0160,other,other,other,other,other,other,other,other,other,other,other
2606,subgenre-theme,novela de costumbres,other,2000,word,tfidf,1,nh0164,novela de costumbres,novela de costumbres,novela de costumbres,novela de costumbres,novela de costumbres,novela de costumbres,novela de costumbres,novela de costumbres,other,novela de costumbres,novela de costumbres
2607,subgenre-theme,novela de costumbres,other,2000,word,tfidf,1,nh0167,other,other,other,other,other,other,other,other,other,other,other
2608,subgenre-theme,novela de costumbres,other,2000,word,tfidf,1,nh0168,other,other,other,other,other,other,other,other,other,other,other
2609,subgenre-theme,novela de costumbres,other,2000,word,tfidf,1,nh0172,novela de costumbres,novela de costumbres,novela de costumbres,novela de costumbres,novela de costumbres,novela de costumbres,novela de costumbres,novela de costumbres,other,novela de costumbres,novela de costumbres
2610,subgenre-theme,novela de costumbres,other,2000,word,tfidf,1,nh0179,novela de costumbres,novela de costumbres,novela de costumbres,novela de costumbres,novela de costumbres,novela de costumbres,novela de costumbres,novela de costumbres,novela de costumbres,other,novela de costumbres
2611,subgenre-theme,novela de costumbres,other,2000,word,tfidf,1,nh0182,other,other,other,other,other,other,other,other,other,other,other
2612,subgenre-theme,novela de costumbres,other,2000,word,tfidf,1,nh0184,other,other,other,other,other,other,other,novela de costumbres,other,other,other
2613,subgenre-theme,novela de costumbres,other,2000,word,tfidf,1,nh0185,other,other,other,other,other,other,other,other,other,other,other
2614,subgenre-theme,novela de costumbres,other,2000,word,tfidf,1,nh0191,other,other,other,other,other,other,other,other,other,other,other
2615,subgenre-theme,novela de costumbres,other,2000,word,tfidf,1,nh0194,other,other,other,other,other,other,other,novela de costumbres,other,other,other
2616,subgenre-theme,novela de costumbres,other,2000,word,tfidf,1,nh0197,novela de costumbres,novela de costumbres,novela de costumbres,novela de costumbres,novela de costumbres,novela de costumbres,novela de costumbres,novela de costumbres,novela de costumbres,novela de costumbres,novela de costumbres
2617,subgenre-theme,novela de costumbres,other,2000,word,tfidf,1,nh0198,other,other,other,other,other,other,other,other,other,other,other
2618,subgenre-theme,novela de costumbres,other,2000,word,tfidf,1,nh0199,novela de costumbres,novela de costumbres,novela de costumbres,novela de costumbres,novela de costumbres,novela de costumbres,novela de costumbres,novela de costumbres,novela de costumbres,novela de costumbres,novela de costumbres
2619,subgenre-theme,novela de costumbres,other,2000,word,tfidf,1,nh0200,other,other,other,other,other,other,other,other,other,other,other
2620,subgenre-theme,novela de costumbres,other,2000,word,tfidf,1,nh0202,other,other,other,other,other,other,other,other,novela de costumbres,other,other
2621,subgenre-theme,novela de costumbres,other,2000,word,tfidf,1,nh0203,other,other,other,other,other,other,other,other,other,other,other
2622,subgenre-theme,novela de costumbres,other,2000,word,tfidf,1,nh0204,other,other,other,other,other,other,other,other,other,other,other
2623,subgenre-theme,novela de costumbres,other,2000,word,tfidf,1,nh0207,other,other,other,other,other,other,other,other,other,novela de costumbres,other
2624,subgenre-theme,novela de costumbres,other,2000,word,tfidf,1,nh0208,other,other,other,other,other,other,other,other,other,other,other
2625,subgenre-theme,novela de costumbres,other,2000,word,tfidf,1,nh0210,other,other,other,other,other,other,other,other,other,novela de costumbres,other
2626,subgenre-theme,novela de costumbres,other,2000,word,tfidf,1,nh0211,other,other,other,other,other,other,other,other,other,other,other
2627,subgenre-theme,novela de costumbres,other,2000,word,tfidf,1,nh0213,novela de costumbres,novela de costumbres,novela de costumbres,novela de costumbres,novela de costumbres,novela de costumbres,novela de costumbres,novela de costumbres,novela de costumbres,novela de costumbres,novela de costumbres
2628,subgenre-theme,novela de costumbres,other,2000,word,tfidf,1,nh0214,novela de costumbres,novela de costumbres,novela de costumbres,novela de costumbres,novela de costumbres,novela de costumbres,novela de costumbres,novela de costumbres,novela de costumbres,novela de costumbres,novela de costumbres
2629,subgenre-theme,novela de costumbres,other,2000,word,tfidf,1,nh0217,novela de costumbres,novela de costumbres,novela de costumbres,novela de costumbres,novela de costumbres,novela de costumbres,novela de costumbres,novela de costumbres,novela de costumbres,novela de costumbres,novela de costumbres
2630,subgenre-theme,novela de costumbres,other,2000,word,tfidf,1,nh0220,novela de costumbres,novela de costumbres,novela de costumbres,novela de costumbres,novela de costumbres,novela de costumbres,novela de costumbres,novela de costumbres,novela de costumbres,novela de costumbres,novela de costumbres
2631,subgenre-theme,novela de costumbres,other,2000,word,tfidf,1,nh0222,other,other,other,other,other,other,other,other,other,other,other
2632,subgenre-theme,novela de costumbres,other,2000,word,tfidf,1,nh0227,other,other,other,other,other,other,other,other,other,other,other
2633,subgenre-theme,novela de costumbres,other,2000,word,tfidf,1,nh0229,other,other,other,other,other,other,other,other,other,other,other
2634,subgenre-theme,novela de costumbres,other,2000,word,tfidf,1,nh0237,other,other,other,other,other,other,other,other,other,other,other
2635,subgenre-theme,novela de costumbres,other,2000,word,tfidf,1,nh0238,novela de costumbres,novela de costumbres,novela de costumbres,novela de costumbres,novela de costumbres,novela de costumbres,novela de costumbres,novela de costumbres,novela de costumbres,novela de costumbres,novela de costumbres
2636,subgenre-theme,novela de costumbres,other,2000,word,tfidf,1,nh0242,novela de costumbres,novela de costumbres,novela de costumbres,novela de costumbres,novela de costumbres,novela de costumbres,novela de costumbres,novela de costumbres,novela de costumbres,novela de costumbres,other
2637,subgenre-theme,novela de costumbres,other,2000,word,tfidf,1,nh0246,novela de costumbres,novela de costumbres,novela de costumbres,novela de costumbres,novela de costumbres,novela de costumbres,novela de costumbres,novela de costumbres,novela de costumbres,novela de costumbres,other
2638,subgenre-theme,novela de costumbres,other,2000,word,tfidf,1,nh0249,other,other,other,other,other,other,other,other,other,other,other
2639,subgenre-theme,novela de costumbres,other,2000,word,tfidf,1,nh0253,other,other,other,other,other,other,other,other,other,other,novela de costumbres
2640,subgenre-theme,novela de costumbres,other,2000,word,tfidf,2,nh0001,novela de costumbres,novela de costumbres,novela de costumbres,novela de costumbres,novela de costumbres,novela de costumbres,novela de costumbres,novela de costumbres,novela de costumbres,novela de costumbres,novela de costumbres
2641,subgenre-theme,novela de costumbres,other,2000,word,tfidf,2,nh0005,novela de costumbres,novela de costumbres,novela de costumbres,novela de costumbres,novela de costumbres,novela de costumbres,novela de costumbres,novela de costumbres,novela de costumbres,novela de costumbres,novela de costumbres
2642,subgenre-theme,novela de costumbres,other,2000,word,tfidf,2,nh0008,novela de costumbres,novela de costumbres,novela de costumbres,novela de costumbres,novela de costumbres,novela de costumbres,novela de costumbres,novela de costumbres,novela de costumbres,novela de costumbres,novela de costumbres
2643,subgenre-theme,novela de costumbres,other,2000,word,tfidf,2,nh0009,other,other,other,other,other,other,other,other,other,other,other
2644,subgenre-theme,novela de costumbres,other,2000,word,tfidf,2,nh0010,novela de costumbres,novela de costumbres,novela de costumbres,novela de costumbres,novela de costumbres,novela de costumbres,novela de costumbres,novela de costumbres,novela de costumbres,novela de costumbres,novela de costumbres
2645,subgenre-theme,novela de costumbres,other,2000,word,tfidf,2,nh0012,other,other,other,other,other,other,other,other,other,other,other
2646,subgenre-theme,novela de costumbres,other,2000,word,tfidf,2,nh0013,other,novela de costumbres,other,other,other,other,other,other,other,other,other
2647,subgenre-theme,novela de costumbres,other,2000,word,tfidf,2,nh0019,other,other,other,other,other,other,other,other,other,other,other
2648,subgenre-theme,novela de costumbres,other,2000,word,tfidf,2,nh0022,other,other,other,other,other,other,other,other,other,other,other
2649,subgenre-theme,novela de costumbres,other,2000,word,tfidf,2,nh0027,novela de costumbres,novela de costumbres,novela de costumbres,novela de costumbres,novela de costumbres,novela de costumbres,novela de costumbres,novela de costumbres,novela de costumbres,novela de costumbres,novela de costumbres
2650,subgenre-theme,novela de costumbres,other,2000,word,tfidf,2,nh0029,other,other,novela de costumbres,other,other,other,other,other,other,other,other
2651,subgenre-theme,novela de costumbres,other,2000,word,tfidf,2,nh0033,other,other,novela de costumbres,other,other,other,other,other,other,other,other
2652,subgenre-theme,novela de costumbres,other,2000,word,tfidf,2,nh0036,novela de costumbres,novela de costumbres,novela de costumbres,novela de costumbres,novela de costumbres,novela de costumbres,novela de costumbres,novela de costumbres,novela de costumbres,novela de costumbres,novela de costumbres
2653,subgenre-theme,novela de costumbres,other,2000,word,tfidf,2,nh0037,other,other,other,other,other,other,other,other,other,other,other
2654,subgenre-theme,novela de costumbres,other,2000,word,tfidf,2,nh0039,novela de costumbres,novela de costumbres,other,novela de costumbres,novela de costumbres,novela de costumbres,novela de costumbres,novela de costumbres,novela de costumbres,novela de costumbres,novela de costumbres
2655,subgenre-theme,novela de costumbres,other,2000,word,tfidf,2,nh0041,other,other,other,other,other,other,other,other,other,other,other
2656,subgenre-theme,novela de costumbres,other,2000,word,tfidf,2,nh0042,novela de costumbres,novela de costumbres,novela de costumbres,novela de costumbres,novela de costumbres,novela de costumbres,novela de costumbres,novela de costumbres,novela de costumbres,novela de costumbres,novela de costumbres
2657,subgenre-theme,novela de costumbres,other,2000,word,tfidf,2,nh0044,other,other,other,other,other,other,other,other,other,other,other
2658,subgenre-theme,novela de costumbres,other,2000,word,tfidf,2,nh0045,other,other,other,other,other,other,other,other,other,other,other
2659,subgenre-theme,novela de costumbres,other,2000,word,tfidf,2,nh0046,other,other,other,novela de costumbres,other,other,other,other,other,other,other
2660,subgenre-theme,novela de costumbres,other,2000,word,tfidf,2,nh0048,novela de costumbres,novela de costumbres,other,novela de costumbres,novela de costumbres,novela de costumbres,novela de costumbres,novela de costumbres,novela de costumbres,novela de costumbres,novela de costumbres
2661,subgenre-theme,novela de costumbres,other,2000,word,tfidf,2,nh0050,novela de costumbres,novela de costumbres,novela de costumbres,novela de costumbres,novela de costumbres,novela de costumbres,novela de costumbres,novela de costumbres,novela de costumbres,novela de costumbres,novela de costumbres
2662,subgenre-theme,novela de costumbres,other,2000,word,tfidf,2,nh0051,novela de costumbres,novela de costumbres,novela de costumbres,novela de costumbres,novela de costumbres,novela de costumbres,novela de costumbres,novela de costumbres,novela de costumbres,novela de costumbres,novela de costumbres
2663,subgenre-theme,novela de costumbres,other,2000,word,tfidf,2,nh0056,other,other,other,other,other,other,other,other,other,other,other
2664,subgenre-theme,novela de costumbres,other,2000,word,tfidf,2,nh0057,novela de costumbres,novela de costumbres,novela de costumbres,novela de costumbres,novela de costumbres,novela de costumbres,novela de costumbres,novela de costumbres,novela de costumbres,novela de costumbres,novela de costumbres
2665,subgenre-theme,novela de costumbres,other,2000,word,tfidf,2,nh0061,novela de costumbres,novela de costumbres,novela de costumbres,other,novela de costumbres,novela de costumbres,novela de costumbres,novela de costumbres,novela de costumbres,novela de costumbres,novela de costumbres
2666,subgenre-theme,novela de costumbres,other,2000,word,tfidf,2,nh0062,novela de costumbres,novela de costumbres,novela de costumbres,novela de costumbres,novela de costumbres,novela de costumbres,novela de costumbres,novela de costumbres,novela de costumbres,novela de costumbres,novela de costumbres
2667,subgenre-theme,novela de costumbres,other,2000,word,tfidf,2,nh0063,novela de costumbres,novela de costumbres,novela de costumbres,novela de costumbres,novela de costumbres,novela de costumbres,novela de costumbres,novela de costumbres,novela de costumbres,novela de costumbres,novela de costumbres
2668,subgenre-theme,novela de costumbres,other,2000,word,tfidf,2,nh0065,novela de costumbres,novela de costumbres,novela de costumbres,novela de costumbres,novela de costumbres,novela de costumbres,novela de costumbres,novela de costumbres,novela de costumbres,novela de costumbres,novela de costumbres
2669,subgenre-theme,novela de costumbres,other,2000,word,tfidf,2,nh0066,novela de costumbres,novela de costumbres,novela de costumbres,novela de costumbres,other,novela de costumbres,novela de costumbres,novela de costumbres,novela de costumbres,novela de costumbres,novela de costumbres
2670,subgenre-theme,novela de costumbres,other,2000,word,tfidf,2,nh0067,other,other,other,other,other,other,other,other,other,other,other
2671,subgenre-theme,novela de costumbres,other,2000,word,tfidf,2,nh0070,novela de costumbres,novela de costumbres,novela de costumbres,novela de costumbres,other,novela de costumbres,novela de costumbres,novela de costumbres,novela de costumbres,novela de costumbres,novela de costumbres
2672,subgenre-theme,novela de costumbres,other,2000,word,tfidf,2,nh0071,novela de costumbres,novela de costumbres,novela de costumbres,novela de costumbres,other,novela de costumbres,novela de costumbres,novela de costumbres,novela de costumbres,novela de costumbres,novela de costumbres
2673,subgenre-theme,novela de costumbres,other,2000,word,tfidf,2,nh0073,novela de costumbres,novela de costumbres,novela de costumbres,novela de costumbres,novela de costumbres,novela de costumbres,novela de costumbres,novela de costumbres,novela de costumbres,novela de costumbres,novela de costumbres
2674,subgenre-theme,novela de costumbres,other,2000,word,tfidf,2,nh0077,novela de costumbres,novela de costumbres,novela de costumbres,novela de costumbres,novela de costumbres,novela de costumbres,novela de costumbres,novela de costumbres,novela de costumbres,novela de costumbres,novela de costumbres
2675,subgenre-theme,novela de costumbres,other,2000,word,tfidf,2,nh0078,novela de costumbres,novela de costumbres,novela de costumbres,novela de costumbres,novela de costumbres,novela de costumbres,novela de costumbres,novela de costumbres,novela de costumbres,novela de costumbres,novela de costumbres
2676,subgenre-theme,novela de costumbres,other,2000,word,tfidf,2,nh0079,novela de costumbres,novela de costumbres,novela de costumbres,novela de costumbres,novela de costumbres,novela de costumbres,novela de costumbres,novela de costumbres,novela de costumbres,novela de costumbres,novela de costumbres
2677,subgenre-theme,novela de costumbres,other,2000,word,tfidf,2,nh0086,other,other,other,other,other,other,other,other,other,other,other
2678,subgenre-theme,novela de costumbres,other,2000,word,tfidf,2,nh0087,other,other,other,other,novela de costumbres,other,other,other,other,other,other
2679,subgenre-theme,novela de costumbres,other,2000,word,tfidf,2,nh0090,novela de costumbres,novela de costumbres,novela de costumbres,novela de costumbres,novela de costumbres,novela de costumbres,novela de costumbres,novela de costumbres,novela de costumbres,novela de costumbres,novela de costumbres
2680,subgenre-theme,novela de costumbres,other,2000,word,tfidf,2,nh0091,other,other,other,other,other,other,other,other,other,other,other
2681,subgenre-theme,novela de costumbres,other,2000,word,tfidf,2,nh0092,other,other,other,other,other,other,other,other,other,other,other
2682,subgenre-theme,novela de costumbres,other,2000,word,tfidf,2,nh0093,novela de costumbres,novela de costumbres,novela de costumbres,novela de costumbres,novela de costumbres,novela de costumbres,novela de costumbres,novela de costumbres,novela de costumbres,novela de costumbres,novela de costumbres
2683,subgenre-theme,novela de costumbres,other,2000,word,tfidf,2,nh0094,other,other,other,other,novela de costumbres,other,other,other,other,other,other
2684,subgenre-theme,novela de costumbres,other,2000,word,tfidf,2,nh0101,novela de costumbres,novela de costumbres,novela de costumbres,novela de costumbres,novela de costumbres,novela de costumbres,novela de costumbres,novela de costumbres,novela de costumbres,novela de costumbres,novela de costumbres
2685,subgenre-theme,novela de costumbres,other,2000,word,tfidf,2,nh0105,novela de costumbres,novela de costumbres,novela de costumbres,novela de costumbres,novela de costumbres,novela de costumbres,novela de costumbres,novela de costumbres,novela de costumbres,novela de costumbres,novela de costumbres
2686,subgenre-theme,novela de costumbres,other,2000,word,tfidf,2,nh0106,other,other,other,other,other,other,other,other,other,other,other
2687,subgenre-theme,novela de costumbres,other,2000,word,tfidf,2,nh0109,other,other,other,other,other,other,other,other,other,other,other
2688,subgenre-theme,novela de costumbres,other,2000,word,tfidf,2,nh0110,other,other,other,other,other,novela de costumbres,other,other,other,other,other
2689,subgenre-theme,novela de costumbres,other,2000,word,tfidf,2,nh0114,other,other,other,other,other,novela de costumbres,other,other,other,other,other
2690,subgenre-theme,novela de costumbres,other,2000,word,tfidf,2,nh0117,other,other,other,other,other,other,other,other,other,other,other
2691,subgenre-theme,novela de costumbres,other,2000,word,tfidf,2,nh0118,novela de costumbres,novela de costumbres,novela de costumbres,novela de costumbres,novela de costumbres,novela de costumbres,novela de costumbres,novela de costumbres,novela de costumbres,novela de costumbres,novela de costumbres
2692,subgenre-theme,novela de costumbres,other,2000,word,tfidf,2,nh0120,novela de costumbres,novela de costumbres,novela de costumbres,novela de costumbres,novela de costumbres,novela de costumbres,novela de costumbres,novela de costumbres,novela de costumbres,novela de costumbres,novela de costumbres
2693,subgenre-theme,novela de costumbres,other,2000,word,tfidf,2,nh0122,other,other,other,other,other,other,other,other,other,other,other
2694,subgenre-theme,novela de costumbres,other,2000,word,tfidf,2,nh0127,other,other,other,other,other,other,other,other,other,other,other
2695,subgenre-theme,novela de costumbres,other,2000,word,tfidf,2,nh0129,novela de costumbres,novela de costumbres,novela de costumbres,novela de costumbres,novela de costumbres,novela de costumbres,novela de costumbres,novela de costumbres,novela de costumbres,novela de costumbres,novela de costumbres
2696,subgenre-theme,novela de costumbres,other,2000,word,tfidf,2,nh0131,novela de costumbres,novela de costumbres,novela de costumbres,novela de costumbres,novela de costumbres,novela de costumbres,novela de costumbres,novela de costumbres,novela de costumbres,novela de costumbres,novela de costumbres
2697,subgenre-theme,novela de costumbres,other,2000,word,tfidf,2,nh0133,novela de costumbres,novela de costumbres,novela de costumbres,novela de costumbres,novela de costumbres,novela de costumbres,novela de costumbres,novela de costumbres,novela de costumbres,novela de costumbres,novela de costumbres
2698,subgenre-theme,novela de costumbres,other,2000,word,tfidf,2,nh0135,novela de costumbres,novela de costumbres,novela de costumbres,novela de costumbres,novela de costumbres,novela de costumbres,novela de costumbres,other,novela de costumbres,novela de costumbres,novela de costumbres
2699,subgenre-theme,novela de costumbres,other,2000,word,tfidf,2,nh0137,novela de costumbres,novela de costumbres,novela de costumbres,novela de costumbres,novela de costumbres,novela de costumbres,novela de costumbres,other,novela de costumbres,novela de costumbres,novela de costumbres
2700,subgenre-theme,novela de costumbres,other,2000,word,tfidf,2,nh0138,novela de costumbres,novela de costumbres,novela de costumbres,novela de costumbres,novela de costumbres,novela de costumbres,novela de costumbres,novela de costumbres,novela de costumbres,novela de costumbres,novela de costumbres
2701,subgenre-theme,novela de costumbres,other,2000,word,tfidf,2,nh0139,other,other,other,other,other,other,novela de costumbres,other,other,other,other
2702,subgenre-theme,novela de costumbres,other,2000,word,tfidf,2,nh0140,other,other,other,other,other,other,other,other,other,other,other
2703,subgenre-theme,novela de costumbres,other,2000,word,tfidf,2,nh0141,novela de costumbres,novela de costumbres,novela de costumbres,novela de costumbres,novela de costumbres,novela de costumbres,novela de costumbres,novela de costumbres,novela de costumbres,novela de costumbres,novela de costumbres
2704,subgenre-theme,novela de costumbres,other,2000,word,tfidf,2,nh0144,novela de costumbres,novela de costumbres,novela de costumbres,novela de costumbres,novela de costumbres,novela de costumbres,novela de costumbres,novela de costumbres,novela de costumbres,novela de costumbres,novela de costumbres
2705,subgenre-theme,novela de costumbres,other,2000,word,tfidf,2,nh0145,other,other,other,other,other,other,other,other,other,other,other
2706,subgenre-theme,novela de costumbres,other,2000,word,tfidf,2,nh0147,novela de costumbres,novela de costumbres,novela de costumbres,novela de costumbres,novela de costumbres,novela de costumbres,novela de costumbres,novela de costumbres,novela de costumbres,novela de costumbres,novela de costumbres
2707,subgenre-theme,novela de costumbres,other,2000,word,tfidf,2,nh0149,other,other,other,other,other,other,other,other,other,other,other
2708,subgenre-theme,novela de costumbres,other,2000,word,tfidf,2,nh0154,other,other,other,other,other,other,other,other,other,other,other
2709,subgenre-theme,novela de costumbres,other,2000,word,tfidf,2,nh0164,novela de costumbres,novela de costumbres,novela de costumbres,novela de costumbres,novela de costumbres,novela de costumbres,novela de costumbres,novela de costumbres,other,novela de costumbres,novela de costumbres
2710,subgenre-theme,novela de costumbres,other,2000,word,tfidf,2,nh0166,other,other,other,other,other,other,other,other,other,other,other
2711,subgenre-theme,novela de costumbres,other,2000,word,tfidf,2,nh0169,other,other,other,other,other,other,other,novela de costumbres,other,other,other
2712,subgenre-theme,novela de costumbres,other,2000,word,tfidf,2,nh0171,other,other,other,other,other,other,other,other,other,other,other
2713,subgenre-theme,novela de costumbres,other,2000,word,tfidf,2,nh0172,novela de costumbres,novela de costumbres,novela de costumbres,novela de costumbres,novela de costumbres,novela de costumbres,novela de costumbres,novela de costumbres,novela de costumbres,novela de costumbres,novela de costumbres
2714,subgenre-theme,novela de costumbres,other,2000,word,tfidf,2,nh0179,novela de costumbres,novela de costumbres,novela de costumbres,novela de costumbres,novela de costumbres,novela de costumbres,novela de costumbres,novela de costumbres,novela de costumbres,novela de costumbres,novela de costumbres
2715,subgenre-theme,novela de costumbres,other,2000,word,tfidf,2,nh0183,other,other,other,other,other,other,other,other,other,other,other
2716,subgenre-theme,novela de costumbres,other,2000,word,tfidf,2,nh0190,other,other,other,other,other,other,other,other,other,other,other
2717,subgenre-theme,novela de costumbres,other,2000,word,tfidf,2,nh0192,other,other,other,other,other,other,other,other,novela de costumbres,other,other
2718,subgenre-theme,novela de costumbres,other,2000,word,tfidf,2,nh0197,novela de costumbres,novela de costumbres,novela de costumbres,novela de costumbres,novela de costumbres,novela de costumbres,novela de costumbres,novela de costumbres,novela de costumbres,novela de costumbres,novela de costumbres
2719,subgenre-theme,novela de costumbres,other,2000,word,tfidf,2,nh0199,novela de costumbres,novela de costumbres,novela de costumbres,novela de costumbres,novela de costumbres,novela de costumbres,novela de costumbres,novela de costumbres,novela de costumbres,novela de costumbres,novela de costumbres
2720,subgenre-theme,novela de costumbres,other,2000,word,tfidf,2,nh0201,other,other,other,other,other,other,other,other,novela de costumbres,other,other
2721,subgenre-theme,novela de costumbres,other,2000,word,tfidf,2,nh0204,other,other,other,other,other,other,other,other,other,other,other
2722,subgenre-theme,novela de costumbres,other,2000,word,tfidf,2,nh0211,other,other,other,other,other,other,other,other,novela de costumbres,other,other
2723,subgenre-theme,novela de costumbres,other,2000,word,tfidf,2,nh0213,novela de costumbres,novela de costumbres,novela de costumbres,novela de costumbres,novela de costumbres,novela de costumbres,novela de costumbres,novela de costumbres,novela de costumbres,novela de costumbres,novela de costumbres
2724,subgenre-theme,novela de costumbres,other,2000,word,tfidf,2,nh0214,novela de costumbres,novela de costumbres,novela de costumbres,novela de costumbres,novela de costumbres,novela de costumbres,novela de costumbres,novela de costumbres,novela de costumbres,other,novela de costumbres
2725,subgenre-theme,novela de costumbres,other,2000,word,tfidf,2,nh0216,other,other,other,other,other,other,other,other,other,other,other
2726,subgenre-theme,novela de costumbres,other,2000,word,tfidf,2,nh0217,novela de costumbres,novela de costumbres,novela de costumbres,novela de costumbres,novela de costumbres,novela de costumbres,novela de costumbres,novela de costumbres,novela de costumbres,novela de costumbres,novela de costumbres
2727,subgenre-theme,novela de costumbres,other,2000,word,tfidf,2,nh0219,other,other,other,other,other,other,other,other,other,other,other
2728,subgenre-theme,novela de costumbres,other,2000,word,tfidf,2,nh0220,novela de costumbres,novela de costumbres,novela de costumbres,novela de costumbres,novela de costumbres,novela de costumbres,novela de costumbres,novela de costumbres,novela de costumbres,novela de costumbres,other
2729,subgenre-theme,novela de costumbres,other,2000,word,tfidf,2,nh0223,other,other,other,other,other,other,other,other,other,novela de costumbres,other
2730,subgenre-theme,novela de costumbres,other,2000,word,tfidf,2,nh0227,other,other,other,other,other,other,other,other,other,other,other
2731,subgenre-theme,novela de costumbres,other,2000,word,tfidf,2,nh0228,other,other,other,other,other,other,other,other,other,novela de costumbres,other
2732,subgenre-theme,novela de costumbres,other,2000,word,tfidf,2,nh0237,other,other,other,other,other,other,other,other,other,other,other
2733,subgenre-theme,novela de costumbres,other,2000,word,tfidf,2,nh0238,novela de costumbres,novela de costumbres,novela de costumbres,novela de costumbres,novela de costumbres,novela de costumbres,novela de costumbres,novela de costumbres,novela de costumbres,novela de costumbres,other
2734,subgenre-theme,novela de costumbres,other,2000,word,tfidf,2,nh0240,other,other,other,other,other,other,other,other,other,other,other
2735,subgenre-theme,novela de costumbres,other,2000,word,tfidf,2,nh0242,novela de costumbres,novela de costumbres,novela de costumbres,novela de costumbres,novela de costumbres,novela de costumbres,novela de costumbres,novela de costumbres,novela de costumbres,novela de costumbres,novela de costumbres
2736,subgenre-theme,novela de costumbres,other,2000,word,tfidf,2,nh0243,other,other,other,other,other,other,other,other,other,other,other
2737,subgenre-theme,novela de costumbres,other,2000,word,tfidf,2,nh0246,novela de costumbres,novela de costumbres,novela de costumbres,novela de costumbres,novela de costumbres,novela de costumbres,novela de costumbres,novela de costumbres,novela de costumbres,novela de costumbres,other
2738,subgenre-theme,novela de costumbres,other,2000,word,tfidf,2,nh0248,other,other,other,other,other,other,other,other,other,other,other
2739,subgenre-theme,novela de costumbres,other,2000,word,tfidf,2,nh0253,other,other,other,other,other,other,other,other,other,other,novela de costumbres
2740,subgenre-theme,novela de costumbres,other,2000,word,tfidf,3,nh0001,novela de costumbres,novela de costumbres,novela de costumbres,novela de costumbres,novela de costumbres,novela de costumbres,novela de costumbres,novela de costumbres,novela de costumbres,novela de costumbres,novela de costumbres
2741,subgenre-theme,novela de costumbres,other,2000,word,tfidf,3,nh0004,other,other,other,other,other,other,other,other,other,other,other
2742,subgenre-theme,novela de costumbres,other,2000,word,tfidf,3,nh0005,novela de costumbres,novela de costumbres,novela de costumbres,novela de costumbres,novela de costumbres,novela de costumbres,novela de costumbres,novela de costumbres,novela de costumbres,novela de costumbres,novela de costumbres
2743,subgenre-theme,novela de costumbres,other,2000,word,tfidf,3,nh0008,novela de costumbres,other,novela de costumbres,novela de costumbres,novela de costumbres,novela de costumbres,novela de costumbres,novela de costumbres,novela de costumbres,novela de costumbres,novela de costumbres
2744,subgenre-theme,novela de costumbres,other,2000,word,tfidf,3,nh0010,novela de costumbres,novela de costumbres,novela de costumbres,novela de costumbres,novela de costumbres,novela de costumbres,novela de costumbres,novela de costumbres,novela de costumbres,novela de costumbres,novela de costumbres
2745,subgenre-theme,novela de costumbres,other,2000,word,tfidf,3,nh0011,other,novela de costumbres,other,other,other,other,other,other,other,other,other
2746,subgenre-theme,novela de costumbres,other,2000,word,tfidf,3,nh0013,other,novela de costumbres,other,other,other,other,other,other,other,other,other
2747,subgenre-theme,novela de costumbres,other,2000,word,tfidf,3,nh0014,other,other,other,other,other,other,other,other,other,other,other
2748,subgenre-theme,novela de costumbres,other,2000,word,tfidf,3,nh0015,other,novela de costumbres,other,other,other,other,other,other,other,other,other
2749,subgenre-theme,novela de costumbres,other,2000,word,tfidf,3,nh0019,other,other,other,other,other,other,other,other,other,other,other
2750,subgenre-theme,novela de costumbres,other,2000,word,tfidf,3,nh0022,other,other,other,other,other,other,other,other,other,other,other
2751,subgenre-theme,novela de costumbres,other,2000,word,tfidf,3,nh0025,other,other,other,other,other,other,other,other,other,other,other
2752,subgenre-theme,novela de costumbres,other,2000,word,tfidf,3,nh0027,novela de costumbres,novela de costumbres,novela de costumbres,novela de costumbres,novela de costumbres,novela de costumbres,novela de costumbres,novela de costumbres,novela de costumbres,novela de costumbres,novela de costumbres
2753,subgenre-theme,novela de costumbres,other,2000,word,tfidf,3,nh0036,novela de costumbres,novela de costumbres,novela de costumbres,novela de costumbres,novela de costumbres,novela de costumbres,novela de costumbres,novela de costumbres,novela de costumbres,novela de costumbres,novela de costumbres
2754,subgenre-theme,novela de costumbres,other,2000,word,tfidf,3,nh0037,other,other,other,other,other,other,other,other,other,other,other
2755,subgenre-theme,novela de costumbres,other,2000,word,tfidf,3,nh0038,other,other,novela de costumbres,other,other,other,other,other,other,other,other
2756,subgenre-theme,novela de costumbres,other,2000,word,tfidf,3,nh0039,novela de costumbres,novela de costumbres,other,novela de costumbres,novela de costumbres,novela de costumbres,novela de costumbres,novela de costumbres,novela de costumbres,novela de costumbres,novela de costumbres
2757,subgenre-theme,novela de costumbres,other,2000,word,tfidf,3,nh0040,other,other,other,other,other,other,other,other,other,other,other
2758,subgenre-theme,novela de costumbres,other,2000,word,tfidf,3,nh0041,other,other,other,other,other,other,other,other,other,other,other
2759,subgenre-theme,novela de costumbres,other,2000,word,tfidf,3,nh0042,novela de costumbres,novela de costumbres,novela de costumbres,novela de costumbres,novela de costumbres,novela de costumbres,novela de costumbres,novela de costumbres,novela de costumbres,novela de costumbres,novela de costumbres
2760,subgenre-theme,novela de costumbres,other,2000,word,tfidf,3,nh0045,other,other,other,other,other,other,other,other,other,other,other
2761,subgenre-theme,novela de costumbres,other,2000,word,tfidf,3,nh0046,other,other,other,novela de costumbres,other,other,other,other,other,other,other
2762,subgenre-theme,novela de costumbres,other,2000,word,tfidf,3,nh0048,novela de costumbres,novela de costumbres,other,novela de costumbres,novela de costumbres,novela de costumbres,novela de costumbres,novela de costumbres,novela de costumbres,novela de costumbres,novela de costumbres
2763,subgenre-theme,novela de costumbres,other,2000,word,tfidf,3,nh0050,novela de costumbres,novela de costumbres,novela de costumbres,novela de costumbres,novela de costumbres,novela de costumbres,novela de costumbres,novela de costumbres,novela de costumbres,novela de costumbres,novela de costumbres
2764,subgenre-theme,novela de costumbres,other,2000,word,tfidf,3,nh0051,novela de costumbres,novela de costumbres,novela de costumbres,novela de costumbres,novela de costumbres,novela de costumbres,novela de costumbres,novela de costumbres,novela de costumbres,novela de costumbres,novela de costumbres
2765,subgenre-theme,novela de costumbres,other,2000,word,tfidf,3,nh0057,novela de costumbres,novela de costumbres,novela de costumbres,novela de costumbres,novela de costumbres,novela de costumbres,novela de costumbres,novela de costumbres,novela de costumbres,novela de costumbres,novela de costumbres
2766,subgenre-theme,novela de costumbres,other,2000,word,tfidf,3,nh0059,other,other,other,novela de costumbres,other,other,other,other,other,other,other
2767,subgenre-theme,novela de costumbres,other,2000,word,tfidf,3,nh0061,novela de costumbres,novela de costumbres,novela de costumbres,other,novela de costumbres,novela de costumbres,novela de costumbres,novela de costumbres,novela de costumbres,novela de costumbres,novela de costumbres
2768,subgenre-theme,novela de costumbres,other,2000,word,tfidf,3,nh0062,novela de costumbres,novela de costumbres,novela de costumbres,novela de costumbres,novela de costumbres,novela de costumbres,novela de costumbres,novela de costumbres,novela de costumbres,novela de costumbres,novela de costumbres
2769,subgenre-theme,novela de costumbres,other,2000,word,tfidf,3,nh0063,novela de costumbres,novela de costumbres,novela de costumbres,novela de costumbres,novela de costumbres,novela de costumbres,novela de costumbres,novela de costumbres,novela de costumbres,novela de costumbres,novela de costumbres
2770,subgenre-theme,novela de costumbres,other,2000,word,tfidf,3,nh0065,novela de costumbres,novela de costumbres,novela de costumbres,novela de costumbres,other,novela de costumbres,novela de costumbres,novela de costumbres,novela de costumbres,novela de costumbres,novela de costumbres
2771,subgenre-theme,novela de costumbres,other,2000,word,tfidf,3,nh0066,novela de costumbres,novela de costumbres,novela de costumbres,novela de costumbres,novela de costumbres,novela de costumbres,novela de costumbres,novela de costumbres,novela de costumbres,novela de costumbres,novela de costumbres
2772,subgenre-theme,novela de costumbres,other,2000,word,tfidf,3,nh0069,other,other,other,other,other,other,other,other,other,other,other
2773,subgenre-theme,novela de costumbres,other,2000,word,tfidf,3,nh0070,novela de costumbres,novela de costumbres,novela de costumbres,novela de costumbres,other,novela de costumbres,novela de costumbres,novela de costumbres,novela de costumbres,novela de costumbres,novela de costumbres
2774,subgenre-theme,novela de costumbres,other,2000,word,tfidf,3,nh0071,novela de costumbres,novela de costumbres,novela de costumbres,novela de costumbres,other,novela de costumbres,novela de costumbres,novela de costumbres,novela de costumbres,novela de costumbres,novela de costumbres
2775,subgenre-theme,novela de costumbres,other,2000,word,tfidf,3,nh0073,novela de costumbres,novela de costumbres,novela de costumbres,novela de costumbres,novela de costumbres,novela de costumbres,novela de costumbres,novela de costumbres,novela de costumbres,novela de costumbres,novela de costumbres
2776,subgenre-theme,novela de costumbres,other,2000,word,tfidf,3,nh0075,other,other,other,other,novela de costumbres,other,other,other,other,other,other
2777,subgenre-theme,novela de costumbres,other,2000,word,tfidf,3,nh0077,novela de costumbres,novela de costumbres,novela de costumbres,novela de costumbres,novela de costumbres,novela de costumbres,novela de costumbres,novela de costumbres,novela de costumbres,novela de costumbres,novela de costumbres
2778,subgenre-theme,novela de costumbres,other,2000,word,tfidf,3,nh0078,novela de costumbres,novela de costumbres,novela de costumbres,novela de costumbres,novela de costumbres,novela de costumbres,novela de costumbres,novela de costumbres,novela de costumbres,novela de costumbres,novela de costumbres
2779,subgenre-theme,novela de costumbres,other,2000,word,tfidf,3,nh0079,novela de costumbres,novela de costumbres,novela de costumbres,novela de costumbres,novela de costumbres,novela de costumbres,novela de costumbres,novela de costumbres,novela de costumbres,novela de costumbres,novela de costumbres
2780,subgenre-theme,novela de costumbres,other,2000,word,tfidf,3,nh0081,other,other,other,other,other,other,other,other,other,other,other
2781,subgenre-theme,novela de costumbres,other,2000,word,tfidf,3,nh0082,other,other,other,other,other,other,other,other,other,other,other
2782,subgenre-theme,novela de costumbres,other,2000,word,tfidf,3,nh0084,other,other,other,other,other,other,other,other,other,other,other
2783,subgenre-theme,novela de costumbres,other,2000,word,tfidf,3,nh0087,other,other,other,other,other,novela de costumbres,other,other,other,other,other
2784,subgenre-theme,novela de costumbres,other,2000,word,tfidf,3,nh0088,other,other,other,other,other,other,other,other,other,other,other
2785,subgenre-theme,novela de costumbres,other,2000,word,tfidf,3,nh0090,novela de costumbres,novela de costumbres,novela de costumbres,novela de costumbres,novela de costumbres,novela de costumbres,novela de costumbres,novela de costumbres,novela de costumbres,novela de costumbres,novela de costumbres
2786,subgenre-theme,novela de costumbres,other,2000,word,tfidf,3,nh0093,novela de costumbres,novela de costumbres,novela de costumbres,novela de costumbres,novela de costumbres,novela de costumbres,novela de costumbres,novela de costumbres,novela de costumbres,novela de costumbres,novela de costumbres
2787,subgenre-theme,novela de costumbres,other,2000,word,tfidf,3,nh0096,other,other,other,other,other,other,other,other,other,other,other
2788,subgenre-theme,novela de costumbres,other,2000,word,tfidf,3,nh0099,other,other,other,other,other,novela de costumbres,other,other,other,other,other
2789,subgenre-theme,novela de costumbres,other,2000,word,tfidf,3,nh0101,novela de costumbres,novela de costumbres,novela de costumbres,novela de costumbres,novela de costumbres,novela de costumbres,novela de costumbres,novela de costumbres,novela de costumbres,novela de costumbres,novela de costumbres
2790,subgenre-theme,novela de costumbres,other,2000,word,tfidf,3,nh0105,novela de costumbres,novela de costumbres,novela de costumbres,novela de costumbres,novela de costumbres,novela de costumbres,novela de costumbres,novela de costumbres,novela de costumbres,novela de costumbres,novela de costumbres
2791,subgenre-theme,novela de costumbres,other,2000,word,tfidf,3,nh0112,other,other,other,other,other,other,other,other,other,other,other
2792,subgenre-theme,novela de costumbres,other,2000,word,tfidf,3,nh0113,other,other,other,other,other,other,other,other,other,other,other
2793,subgenre-theme,novela de costumbres,other,2000,word,tfidf,3,nh0115,other,other,other,other,other,other,other,other,other,other,other
2794,subgenre-theme,novela de costumbres,other,2000,word,tfidf,3,nh0118,novela de costumbres,novela de costumbres,novela de costumbres,novela de costumbres,novela de costumbres,novela de costumbres,novela de costumbres,novela de costumbres,novela de costumbres,novela de costumbres,novela de costumbres
2795,subgenre-theme,novela de costumbres,other,2000,word,tfidf,3,nh0120,novela de costumbres,novela de costumbres,novela de costumbres,novela de costumbres,novela de costumbres,novela de costumbres,novela de costumbres,novela de costumbres,novela de costumbres,novela de costumbres,novela de costumbres
2796,subgenre-theme,novela de costumbres,other,2000,word,tfidf,3,nh0124,other,other,other,other,other,other,other,other,other,other,other
2797,subgenre-theme,novela de costumbres,other,2000,word,tfidf,3,nh0129,novela de costumbres,novela de costumbres,novela de costumbres,novela de costumbres,novela de costumbres,novela de costumbres,novela de costumbres,novela de costumbres,novela de costumbres,novela de costumbres,novela de costumbres
2798,subgenre-theme,novela de costumbres,other,2000,word,tfidf,3,nh0131,novela de costumbres,novela de costumbres,novela de costumbres,novela de costumbres,novela de costumbres,novela de costumbres,novela de costumbres,novela de costumbres,novela de costumbres,novela de costumbres,novela de costumbres
2799,subgenre-theme,novela de costumbres,other,2000,word,tfidf,3,nh0133,novela de costumbres,novela de costumbres,novela de costumbres,novela de costumbres,novela de costumbres,novela de costumbres,novela de costumbres,novela de costumbres,novela de costumbres,novela de costumbres,novela de costumbres
2800,subgenre-theme,novela de costumbres,other,2000,word,tfidf,3,nh0135,novela de costumbres,novela de costumbres,novela de costumbres,novela de costumbres,novela de costumbres,novela de costumbres,novela de costumbres,other,novela de costumbres,novela de costumbres,novela de costumbres
2801,subgenre-theme,novela de costumbres,other,2000,word,tfidf,3,nh0137,novela de costumbres,novela de costumbres,novela de costumbres,novela de costumbres,novela de costumbres,novela de costumbres,novela de costumbres,novela de costumbres,novela de costumbres,novela de costumbres,novela de costumbres
2802,subgenre-theme,novela de costumbres,other,2000,word,tfidf,3,nh0138,novela de costumbres,novela de costumbres,novela de costumbres,novela de costumbres,novela de costumbres,novela de costumbres,novela de costumbres,novela de costumbres,novela de costumbres,novela de costumbres,novela de costumbres
2803,subgenre-theme,novela de costumbres,other,2000,word,tfidf,3,nh0139,other,other,other,other,other,other,novela de costumbres,other,other,other,other
2804,subgenre-theme,novela de costumbres,other,2000,word,tfidf,3,nh0141,novela de costumbres,novela de costumbres,novela de costumbres,novela de costumbres,novela de costumbres,novela de costumbres,novela de costumbres,novela de costumbres,novela de costumbres,novela de costumbres,novela de costumbres
2805,subgenre-theme,novela de costumbres,other,2000,word,tfidf,3,nh0143,other,other,other,other,other,other,other,other,other,other,other
2806,subgenre-theme,novela de costumbres,other,2000,word,tfidf,3,nh0144,novela de costumbres,novela de costumbres,novela de costumbres,novela de costumbres,novela de costumbres,novela de costumbres,novela de costumbres,novela de costumbres,novela de costumbres,novela de costumbres,novela de costumbres
2807,subgenre-theme,novela de costumbres,other,2000,word,tfidf,3,nh0145,other,other,other,other,other,other,other,other,other,other,other
2808,subgenre-theme,novela de costumbres,other,2000,word,tfidf,3,nh0147,novela de costumbres,novela de costumbres,novela de costumbres,novela de costumbres,novela de costumbres,novela de costumbres,novela de costumbres,novela de costumbres,novela de costumbres,novela de costumbres,novela de costumbres
2809,subgenre-theme,novela de costumbres,other,2000,word,tfidf,3,nh0149,other,other,other,other,other,other,other,other,other,other,other
2810,subgenre-theme,novela de costumbres,other,2000,word,tfidf,3,nh0158,other,other,other,other,other,other,other,other,other,other,other
2811,subgenre-theme,novela de costumbres,other,2000,word,tfidf,3,nh0163,other,other,other,other,other,other,other,other,other,other,other
2812,subgenre-theme,novela de costumbres,other,2000,word,tfidf,3,nh0164,novela de costumbres,novela de costumbres,novela de costumbres,novela de costumbres,novela de costumbres,novela de costumbres,novela de costumbres,novela de costumbres,other,novela de costumbres,novela de costumbres
2813,subgenre-theme,novela de costumbres,other,2000,word,tfidf,3,nh0168,other,other,other,other,other,other,other,other,other,other,other
2814,subgenre-theme,novela de costumbres,other,2000,word,tfidf,3,nh0169,other,other,other,other,other,other,other,other,novela de costumbres,other,other
2815,subgenre-theme,novela de costumbres,other,2000,word,tfidf,3,nh0170,other,other,other,other,other,other,other,other,other,other,other
2816,subgenre-theme,novela de costumbres,other,2000,word,tfidf,3,nh0172,novela de costumbres,novela de costumbres,novela de costumbres,novela de costumbres,novela de costumbres,novela de costumbres,novela de costumbres,novela de costumbres,other,novela de costumbres,novela de costumbres
2817,subgenre-theme,novela de costumbres,other,2000,word,tfidf,3,nh0173,other,other,other,other,other,other,other,other,other,other,other
2818,subgenre-theme,novela de costumbres,other,2000,word,tfidf,3,nh0176,other,other,other,other,other,other,other,other,other,other,other
2819,subgenre-theme,novela de costumbres,other,2000,word,tfidf,3,nh0177,other,other,other,other,other,other,other,other,novela de costumbres,other,other
2820,subgenre-theme,novela de costumbres,other,2000,word,tfidf,3,nh0179,novela de costumbres,novela de costumbres,novela de costumbres,novela de costumbres,novela de costumbres,novela de costumbres,novela de costumbres,novela de costumbres,novela de costumbres,novela de costumbres,novela de costumbres
2821,subgenre-theme,novela de costumbres,other,2000,word,tfidf,3,nh0184,other,other,other,other,other,other,other,other,other,other,other
2822,subgenre-theme,novela de costumbres,other,2000,word,tfidf,3,nh0197,novela de costumbres,novela de costumbres,novela de costumbres,novela de costumbres,novela de costumbres,novela de costumbres,novela de costumbres,novela de costumbres,novela de costumbres,novela de costumbres,novela de costumbres
2823,subgenre-theme,novela de costumbres,other,2000,word,tfidf,3,nh0199,novela de costumbres,novela de costumbres,novela de costumbres,novela de costumbres,novela de costumbres,novela de costumbres,novela de costumbres,novela de costumbres,novela de costumbres,novela de costumbres,novela de costumbres
2824,subgenre-theme,novela de costumbres,other,2000,word,tfidf,3,nh0209,other,other,other,other,other,other,other,other,other,novela de costumbres,other
2825,subgenre-theme,novela de costumbres,other,2000,word,tfidf,3,nh0213,novela de costumbres,novela de costumbres,novela de costumbres,novela de costumbres,novela de costumbres,novela de costumbres,novela de costumbres,novela de costumbres,novela de costumbres,other,novela de costumbres
2826,subgenre-theme,novela de costumbres,other,2000,word,tfidf,3,nh0214,novela de costumbres,novela de costumbres,novela de costumbres,novela de costumbres,novela de costumbres,novela de costumbres,novela de costumbres,novela de costumbres,novela de costumbres,novela de costumbres,novela de costumbres
2827,subgenre-theme,novela de costumbres,other,2000,word,tfidf,3,nh0217,novela de costumbres,novela de costumbres,novela de costumbres,novela de costumbres,novela de costumbres,novela de costumbres,novela de costumbres,novela de costumbres,novela de costumbres,novela de costumbres,novela de costumbres
2828,subgenre-theme,novela de costumbres,other,2000,word,tfidf,3,nh0220,novela de costumbres,novela de costumbres,novela de costumbres,novela de costumbres,novela de costumbres,novela de costumbres,novela de costumbres,novela de costumbres,novela de costumbres,novela de costumbres,other
2829,subgenre-theme,novela de costumbres,other,2000,word,tfidf,3,nh0227,other,other,other,other,other,other,other,other,other,other,other
2830,subgenre-theme,novela de costumbres,other,2000,word,tfidf,3,nh0231,other,other,other,other,other,other,other,other,other,other,other
2831,subgenre-theme,novela de costumbres,other,2000,word,tfidf,3,nh0235,other,other,other,other,other,other,other,other,other,novela de costumbres,other
2832,subgenre-theme,novela de costumbres,other,2000,word,tfidf,3,nh0236,other,other,other,other,other,other,other,other,other,other,novela de costumbres
2833,subgenre-theme,novela de costumbres,other,2000,word,tfidf,3,nh0238,novela de costumbres,novela de costumbres,novela de costumbres,novela de costumbres,novela de costumbres,novela de costumbres,novela de costumbres,novela de costumbres,novela de costumbres,novela de costumbres,novela de costumbres
2834,subgenre-theme,novela de costumbres,other,2000,word,tfidf,3,nh0241,other,other,other,other,other,other,other,other,other,other,other
2835,subgenre-theme,novela de costumbres,other,2000,word,tfidf,3,nh0242,novela de costumbres,novela de costumbres,novela de costumbres,novela de costumbres,novela de costumbres,novela de costumbres,novela de costumbres,novela de costumbres,novela de costumbres,novela de costumbres,novela de costumbres
2836,subgenre-theme,novela de costumbres,other,2000,word,tfidf,3,nh0246,novela de costumbres,novela de costumbres,novela de costumbres,novela de costumbres,novela de costumbres,novela de costumbres,novela de costumbres,novela de costumbres,novela de costumbres,novela de costumbres,novela de costumbres
2837,subgenre-theme,novela de costumbres,other,2000,word,tfidf,3,nh0250,other,other,other,other,other,other,other,other,other,other,other
2838,subgenre-theme,novela de costumbres,other,2000,word,tfidf,3,nh0251,other,other,other,other,other,other,other,other,other,other,novela de costumbres
2839,subgenre-theme,novela de costumbres,other,2000,word,tfidf,3,nh0255,other,other,other,other,other,other,other,other,other,other,novela de costumbres
2840,subgenre-theme,novela de costumbres,other,2000,word,tfidf,4,nh0001,novela de costumbres,novela de costumbres,novela de costumbres,novela de costumbres,novela de costumbres,novela de costumbres,novela de costumbres,novela de costumbres,novela de costumbres,novela de costumbres,novela de costumbres
2841,subgenre-theme,novela de costumbres,other,2000,word,tfidf,4,nh0002,other,other,other,other,other,other,other,other,other,other,other
2842,subgenre-theme,novela de costumbres,other,2000,word,tfidf,4,nh0003,other,other,other,other,other,other,other,other,other,other,other
2843,subgenre-theme,novela de costumbres,other,2000,word,tfidf,4,nh0005,novela de costumbres,novela de costumbres,novela de costumbres,novela de costumbres,novela de costumbres,novela de costumbres,novela de costumbres,novela de costumbres,novela de costumbres,novela de costumbres,novela de costumbres
2844,subgenre-theme,novela de costumbres,other,2000,word,tfidf,4,nh0006,other,other,other,other,other,other,other,other,other,other,other
2845,subgenre-theme,novela de costumbres,other,2000,word,tfidf,4,nh0008,novela de costumbres,novela de costumbres,novela de costumbres,novela de costumbres,novela de costumbres,novela de costumbres,novela de costumbres,novela de costumbres,novela de costumbres,novela de costumbres,novela de costumbres
2846,subgenre-theme,novela de costumbres,other,2000,word,tfidf,4,nh0010,novela de costumbres,novela de costumbres,novela de costumbres,novela de costumbres,novela de costumbres,novela de costumbres,novela de costumbres,novela de costumbres,novela de costumbres,novela de costumbres,novela de costumbres
2847,subgenre-theme,novela de costumbres,other,2000,word,tfidf,4,nh0014,other,other,other,other,other,other,other,other,other,other,other
2848,subgenre-theme,novela de costumbres,other,2000,word,tfidf,4,nh0017,other,other,other,other,other,other,other,other,other,other,other
2849,subgenre-theme,novela de costumbres,other,2000,word,tfidf,4,nh0018,other,other,other,other,other,other,other,other,other,other,other
2850,subgenre-theme,novela de costumbres,other,2000,word,tfidf,4,nh0027,novela de costumbres,novela de costumbres,novela de costumbres,novela de costumbres,novela de costumbres,novela de costumbres,novela de costumbres,novela de costumbres,novela de costumbres,novela de costumbres,novela de costumbres
2851,subgenre-theme,novela de costumbres,other,2000,word,tfidf,4,nh0028,other,other,other,other,other,other,other,other,other,other,other
2852,subgenre-theme,novela de costumbres,other,2000,word,tfidf,4,nh0031,other,other,other,other,other,other,other,other,other,other,other
2853,subgenre-theme,novela de costumbres,other,2000,word,tfidf,4,nh0034,other,other,novela de costumbres,other,other,other,other,other,other,other,other
2854,subgenre-theme,novela de costumbres,other,2000,word,tfidf,4,nh0035,other,other,other,other,other,other,other,other,other,other,other
2855,subgenre-theme,novela de costumbres,other,2000,word,tfidf,4,nh0036,novela de costumbres,novela de costumbres,other,novela de costumbres,novela de costumbres,novela de costumbres,novela de costumbres,novela de costumbres,novela de costumbres,novela de costumbres,novela de costumbres
2856,subgenre-theme,novela de costumbres,other,2000,word,tfidf,4,nh0039,novela de costumbres,novela de costumbres,other,novela de costumbres,novela de costumbres,novela de costumbres,novela de costumbres,novela de costumbres,novela de costumbres,novela de costumbres,novela de costumbres
2857,subgenre-theme,novela de costumbres,other,2000,word,tfidf,4,nh0041,other,other,other,other,other,other,other,other,other,other,other
2858,subgenre-theme,novela de costumbres,other,2000,word,tfidf,4,nh0042,novela de costumbres,novela de costumbres,novela de costumbres,novela de costumbres,novela de costumbres,novela de costumbres,novela de costumbres,novela de costumbres,novela de costumbres,novela de costumbres,novela de costumbres
2859,subgenre-theme,novela de costumbres,other,2000,word,tfidf,4,nh0043,other,other,other,other,other,other,other,other,other,other,other
2860,subgenre-theme,novela de costumbres,other,2000,word,tfidf,4,nh0048,novela de costumbres,novela de costumbres,novela de costumbres,novela de costumbres,novela de costumbres,novela de costumbres,novela de costumbres,novela de costumbres,novela de costumbres,novela de costumbres,novela de costumbres
2861,subgenre-theme,novela de costumbres,other,2000,word,tfidf,4,nh0049,other,other,other,other,other,other,other,other,other,other,other
2862,subgenre-theme,novela de costumbres,other,2000,word,tfidf,4,nh0050,novela de costumbres,novela de costumbres,novela de costumbres,novela de costumbres,novela de costumbres,novela de costumbres,novela de costumbres,novela de costumbres,novela de costumbres,novela de costumbres,novela de costumbres
2863,subgenre-theme,novela de costumbres,other,2000,word,tfidf,4,nh0051,novela de costumbres,novela de costumbres,novela de costumbres,novela de costumbres,novela de costumbres,novela de costumbres,novela de costumbres,novela de costumbres,novela de costumbres,novela de costumbres,novela de costumbres
2864,subgenre-theme,novela de costumbres,other,2000,word,tfidf,4,nh0052,other,other,other,novela de costumbres,other,other,other,other,other,other,other
2865,subgenre-theme,novela de costumbres,other,2000,word,tfidf,4,nh0057,novela de costumbres,novela de costumbres,novela de costumbres,other,novela de costumbres,novela de costumbres,novela de costumbres,novela de costumbres,novela de costumbres,novela de costumbres,novela de costumbres
2866,subgenre-theme,novela de costumbres,other,2000,word,tfidf,4,nh0058,other,other,other,novela de costumbres,other,other,other,other,other,other,other
2867,subgenre-theme,novela de costumbres,other,2000,word,tfidf,4,nh0061,novela de costumbres,novela de costumbres,novela de costumbres,novela de costumbres,novela de costumbres,novela de costumbres,novela de costumbres,novela de costumbres,novela de costumbres,novela de costumbres,novela de costumbres
2868,subgenre-theme,novela de costumbres,other,2000,word,tfidf,4,nh0062,novela de costumbres,novela de costumbres,novela de costumbres,novela de costumbres,novela de costumbres,novela de costumbres,novela de costumbres,novela de costumbres,novela de costumbres,novela de costumbres,novela de costumbres
2869,subgenre-theme,novela de costumbres,other,2000,word,tfidf,4,nh0063,novela de costumbres,novela de costumbres,novela de costumbres,novela de costumbres,novela de costumbres,novela de costumbres,novela de costumbres,novela de costumbres,novela de costumbres,novela de costumbres,novela de costumbres
2870,subgenre-theme,novela de costumbres,other,2000,word,tfidf,4,nh0065,novela de costumbres,novela de costumbres,novela de costumbres,novela de costumbres,other,novela de costumbres,novela de costumbres,novela de costumbres,novela de costumbres,novela de costumbres,novela de costumbres
2871,subgenre-theme,novela de costumbres,other,2000,word,tfidf,4,nh0066,novela de costumbres,novela de costumbres,novela de costumbres,novela de costumbres,other,novela de costumbres,novela de costumbres,novela de costumbres,novela de costumbres,novela de costumbres,novela de costumbres
2872,subgenre-theme,novela de costumbres,other,2000,word,tfidf,4,nh0070,novela de costumbres,novela de costumbres,novela de costumbres,novela de costumbres,novela de costumbres,novela de costumbres,novela de costumbres,novela de costumbres,novela de costumbres,novela de costumbres,novela de costumbres
2873,subgenre-theme,novela de costumbres,other,2000,word,tfidf,4,nh0071,novela de costumbres,novela de costumbres,novela de costumbres,novela de costumbres,other,novela de costumbres,novela de costumbres,novela de costumbres,novela de costumbres,novela de costumbres,novela de costumbres
2874,subgenre-theme,novela de costumbres,other,2000,word,tfidf,4,nh0072,other,other,other,other,other,other,other,other,other,other,other
2875,subgenre-theme,novela de costumbres,other,2000,word,tfidf,4,nh0073,novela de costumbres,novela de costumbres,novela de costumbres,novela de costumbres,novela de costumbres,novela de costumbres,novela de costumbres,novela de costumbres,novela de costumbres,novela de costumbres,novela de costumbres
2876,subgenre-theme,novela de costumbres,other,2000,word,tfidf,4,nh0077,novela de costumbres,novela de costumbres,novela de costumbres,novela de costumbres,novela de costumbres,novela de costumbres,novela de costumbres,novela de costumbres,novela de costumbres,novela de costumbres,novela de costumbres
2877,subgenre-theme,novela de costumbres,other,2000,word,tfidf,4,nh0078,novela de costumbres,novela de costumbres,novela de costumbres,novela de costumbres,novela de costumbres,novela de costumbres,novela de costumbres,novela de costumbres,novela de costumbres,novela de costumbres,novela de costumbres
2878,subgenre-theme,novela de costumbres,other,2000,word,tfidf,4,nh0079,novela de costumbres,novela de costumbres,novela de costumbres,novela de costumbres,novela de costumbres,novela de costumbres,novela de costumbres,novela de costumbres,novela de costumbres,novela de costumbres,novela de costumbres
2879,subgenre-theme,novela de costumbres,other,2000,word,tfidf,4,nh0084,other,other,other,other,other,other,other,other,other,other,other
2880,subgenre-theme,novela de costumbres,other,2000,word,tfidf,4,nh0088,other,other,other,other,other,other,other,other,other,other,other
2881,subgenre-theme,novela de costumbres,other,2000,word,tfidf,4,nh0090,novela de costumbres,novela de costumbres,novela de costumbres,novela de costumbres,novela de costumbres,novela de costumbres,novela de costumbres,novela de costumbres,novela de costumbres,novela de costumbres,novela de costumbres
2882,subgenre-theme,novela de costumbres,other,2000,word,tfidf,4,nh0093,novela de costumbres,novela de costumbres,novela de costumbres,novela de costumbres,novela de costumbres,novela de costumbres,novela de costumbres,novela de costumbres,novela de costumbres,novela de costumbres,novela de costumbres
2883,subgenre-theme,novela de costumbres,other,2000,word,tfidf,4,nh0099,other,other,other,other,novela de costumbres,other,other,other,other,other,other
2884,subgenre-theme,novela de costumbres,other,2000,word,tfidf,4,nh0101,novela de costumbres,novela de costumbres,novela de costumbres,novela de costumbres,novela de costumbres,novela de costumbres,novela de costumbres,novela de costumbres,novela de costumbres,novela de costumbres,novela de costumbres
2885,subgenre-theme,novela de costumbres,other,2000,word,tfidf,4,nh0103,other,other,other,other,other,other,other,other,other,other,other
2886,subgenre-theme,novela de costumbres,other,2000,word,tfidf,4,nh0105,novela de costumbres,novela de costumbres,novela de costumbres,novela de costumbres,novela de costumbres,novela de costumbres,novela de costumbres,novela de costumbres,novela de costumbres,novela de costumbres,novela de costumbres
2887,subgenre-theme,novela de costumbres,other,2000,word,tfidf,4,nh0112,other,other,other,other,other,novela de costumbres,other,other,other,other,other
2888,subgenre-theme,novela de costumbres,other,2000,word,tfidf,4,nh0113,other,other,other,other,other,other,other,other,other,other,other
2889,subgenre-theme,novela de costumbres,other,2000,word,tfidf,4,nh0116,other,other,other,other,other,other,other,other,other,other,other
2890,subgenre-theme,novela de costumbres,other,2000,word,tfidf,4,nh0118,novela de costumbres,novela de costumbres,novela de costumbres,novela de costumbres,novela de costumbres,novela de costumbres,novela de costumbres,novela de costumbres,novela de costumbres,novela de costumbres,novela de costumbres
2891,subgenre-theme,novela de costumbres,other,2000,word,tfidf,4,nh0119,other,other,other,other,other,novela de costumbres,other,other,other,other,other
2892,subgenre-theme,novela de costumbres,other,2000,word,tfidf,4,nh0120,novela de costumbres,novela de costumbres,novela de costumbres,novela de costumbres,novela de costumbres,novela de costumbres,novela de costumbres,novela de costumbres,novela de costumbres,novela de costumbres,novela de costumbres
2893,subgenre-theme,novela de costumbres,other,2000,word,tfidf,4,nh0127,other,other,other,other,other,other,other,other,other,other,other
2894,subgenre-theme,novela de costumbres,other,2000,word,tfidf,4,nh0129,novela de costumbres,novela de costumbres,novela de costumbres,novela de costumbres,novela de costumbres,novela de costumbres,novela de costumbres,novela de costumbres,novela de costumbres,novela de costumbres,novela de costumbres
2895,subgenre-theme,novela de costumbres,other,2000,word,tfidf,4,nh0131,novela de costumbres,novela de costumbres,novela de costumbres,novela de costumbres,novela de costumbres,novela de costumbres,novela de costumbres,novela de costumbres,novela de costumbres,novela de costumbres,novela de costumbres
2896,subgenre-theme,novela de costumbres,other,2000,word,tfidf,4,nh0133,novela de costumbres,novela de costumbres,novela de costumbres,novela de costumbres,novela de costumbres,novela de costumbres,novela de costumbres,novela de costumbres,novela de costumbres,novela de costumbres,novela de costumbres
2897,subgenre-theme,novela de costumbres,other,2000,word,tfidf,4,nh0135,novela de costumbres,novela de costumbres,novela de costumbres,novela de costumbres,novela de costumbres,novela de costumbres,novela de costumbres,other,novela de costumbres,novela de costumbres,novela de costumbres
2898,subgenre-theme,novela de costumbres,other,2000,word,tfidf,4,nh0137,novela de costumbres,novela de costumbres,novela de costumbres,novela de costumbres,novela de costumbres,novela de costumbres,novela de costumbres,other,novela de costumbres,novela de costumbres,novela de costumbres
2899,subgenre-theme,novela de costumbres,other,2000,word,tfidf,4,nh0138,novela de costumbres,novela de costumbres,novela de costumbres,novela de costumbres,novela de costumbres,novela de costumbres,novela de costumbres,novela de costumbres,novela de costumbres,novela de costumbres,novela de costumbres
2900,subgenre-theme,novela de costumbres,other,2000,word,tfidf,4,nh0140,other,other,other,other,other,other,other,other,other,other,other
2901,subgenre-theme,novela de costumbres,other,2000,word,tfidf,4,nh0141,novela de costumbres,novela de costumbres,novela de costumbres,novela de costumbres,novela de costumbres,novela de costumbres,novela de costumbres,novela de costumbres,novela de costumbres,novela de costumbres,novela de costumbres
2902,subgenre-theme,novela de costumbres,other,2000,word,tfidf,4,nh0144,novela de costumbres,novela de costumbres,novela de costumbres,novela de costumbres,novela de costumbres,novela de costumbres,novela de costumbres,novela de costumbres,novela de costumbres,novela de costumbres,novela de costumbres
2903,subgenre-theme,novela de costumbres,other,2000,word,tfidf,4,nh0147,novela de costumbres,novela de costumbres,novela de costumbres,novela de costumbres,novela de costumbres,novela de costumbres,novela de costumbres,novela de costumbres,novela de costumbres,novela de costumbres,novela de costumbres
2904,subgenre-theme,novela de costumbres,other,2000,word,tfidf,4,nh0151,other,other,other,other,other,other,other,other,other,other,other
2905,subgenre-theme,novela de costumbres,other,2000,word,tfidf,4,nh0152,other,other,other,other,other,other,other,other,other,other,other
2906,subgenre-theme,novela de costumbres,other,2000,word,tfidf,4,nh0153,other,other,other,other,other,other,other,other,other,other,other
2907,subgenre-theme,novela de costumbres,other,2000,word,tfidf,4,nh0155,other,other,other,other,other,other,novela de costumbres,other,other,other,other
2908,subgenre-theme,novela de costumbres,other,2000,word,tfidf,4,nh0157,other,other,other,other,other,other,other,other,other,other,other
2909,subgenre-theme,novela de costumbres,other,2000,word,tfidf,4,nh0162,other,other,other,other,other,other,other,novela de costumbres,other,other,other
2910,subgenre-theme,novela de costumbres,other,2000,word,tfidf,4,nh0164,novela de costumbres,novela de costumbres,novela de costumbres,novela de costumbres,novela de costumbres,novela de costumbres,novela de costumbres,novela de costumbres,other,novela de costumbres,novela de costumbres
2911,subgenre-theme,novela de costumbres,other,2000,word,tfidf,4,nh0165,other,other,other,other,other,other,other,other,other,other,other
2912,subgenre-theme,novela de costumbres,other,2000,word,tfidf,4,nh0168,other,other,other,other,other,other,other,other,other,other,other
2913,subgenre-theme,novela de costumbres,other,2000,word,tfidf,4,nh0172,novela de costumbres,novela de costumbres,novela de costumbres,novela de costumbres,novela de costumbres,novela de costumbres,novela de costumbres,novela de costumbres,other,novela de costumbres,novela de costumbres
2914,subgenre-theme,novela de costumbres,other,2000,word,tfidf,4,nh0176,other,other,other,other,other,other,other,other,other,other,other
2915,subgenre-theme,novela de costumbres,other,2000,word,tfidf,4,nh0179,novela de costumbres,novela de costumbres,novela de costumbres,novela de costumbres,novela de costumbres,novela de costumbres,novela de costumbres,novela de costumbres,novela de costumbres,other,novela de costumbres
2916,subgenre-theme,novela de costumbres,other,2000,word,tfidf,4,nh0182,other,other,other,other,other,other,other,other,other,other,other
2917,subgenre-theme,novela de costumbres,other,2000,word,tfidf,4,nh0187,other,other,other,other,other,other,other,other,other,other,other
2918,subgenre-theme,novela de costumbres,other,2000,word,tfidf,4,nh0189,other,other,other,other,other,other,other,other,novela de costumbres,other,other
2919,subgenre-theme,novela de costumbres,other,2000,word,tfidf,4,nh0195,other,other,other,other,other,other,other,other,other,other,other
2920,subgenre-theme,novela de costumbres,other,2000,word,tfidf,4,nh0197,novela de costumbres,novela de costumbres,novela de costumbres,novela de costumbres,novela de costumbres,novela de costumbres,novela de costumbres,novela de costumbres,novela de costumbres,novela de costumbres,novela de costumbres
2921,subgenre-theme,novela de costumbres,other,2000,word,tfidf,4,nh0199,novela de costumbres,novela de costumbres,novela de costumbres,novela de costumbres,novela de costumbres,novela de costumbres,novela de costumbres,novela de costumbres,novela de costumbres,novela de costumbres,novela de costumbres
2922,subgenre-theme,novela de costumbres,other,2000,word,tfidf,4,nh0202,other,other,other,other,other,other,other,other,novela de costumbres,other,other
2923,subgenre-theme,novela de costumbres,other,2000,word,tfidf,4,nh0204,other,other,other,other,other,other,other,other,other,novela de costumbres,other
2924,subgenre-theme,novela de costumbres,other,2000,word,tfidf,4,nh0205,other,other,other,other,other,other,other,other,other,novela de costumbres,other
2925,subgenre-theme,novela de costumbres,other,2000,word,tfidf,4,nh0206,other,other,other,other,other,other,other,other,other,other,other
2926,subgenre-theme,novela de costumbres,other,2000,word,tfidf,4,nh0207,other,other,other,other,other,other,other,other,other,other,other
2927,subgenre-theme,novela de costumbres,other,2000,word,tfidf,4,nh0208,other,other,other,other,other,other,other,other,other,other,other
2928,subgenre-theme,novela de costumbres,other,2000,word,tfidf,4,nh0213,novela de costumbres,novela de costumbres,novela de costumbres,novela de costumbres,novela de costumbres,novela de costumbres,novela de costumbres,novela de costumbres,novela de costumbres,novela de costumbres,novela de costumbres
2929,subgenre-theme,novela de costumbres,other,2000,word,tfidf,4,nh0214,novela de costumbres,novela de costumbres,novela de costumbres,novela de costumbres,novela de costumbres,novela de costumbres,novela de costumbres,novela de costumbres,novela de costumbres,novela de costumbres,novela de costumbres
2930,subgenre-theme,novela de costumbres,other,2000,word,tfidf,4,nh0217,novela de costumbres,novela de costumbres,novela de costumbres,novela de costumbres,novela de costumbres,novela de costumbres,novela de costumbres,novela de costumbres,novela de costumbres,novela de costumbres,novela de costumbres
2931,subgenre-theme,novela de costumbres,other,2000,word,tfidf,4,nh0218,other,other,other,other,other,other,other,other,other,other,other
2932,subgenre-theme,novela de costumbres,other,2000,word,tfidf,4,nh0220,novela de costumbres,novela de costumbres,novela de costumbres,novela de costumbres,novela de costumbres,novela de costumbres,novela de costumbres,novela de costumbres,novela de costumbres,novela de costumbres,other
2933,subgenre-theme,novela de costumbres,other,2000,word,tfidf,4,nh0226,other,other,other,other,other,other,other,other,other,other,other
2934,subgenre-theme,novela de costumbres,other,2000,word,tfidf,4,nh0227,other,other,other,other,other,other,other,other,other,other,other
2935,subgenre-theme,novela de costumbres,other,2000,word,tfidf,4,nh0232,other,other,other,other,other,other,other,other,other,other,novela de costumbres
2936,subgenre-theme,novela de costumbres,other,2000,word,tfidf,4,nh0238,novela de costumbres,novela de costumbres,novela de costumbres,novela de costumbres,novela de costumbres,novela de costumbres,novela de costumbres,novela de costumbres,novela de costumbres,novela de costumbres,other
2937,subgenre-theme,novela de costumbres,other,2000,word,tfidf,4,nh0242,novela de costumbres,novela de costumbres,novela de costumbres,novela de costumbres,novela de costumbres,novela de costumbres,novela de costumbres,novela de costumbres,novela de costumbres,novela de costumbres,novela de costumbres
2938,subgenre-theme,novela de costumbres,other,2000,word,tfidf,4,nh0246,novela de costumbres,novela de costumbres,novela de costumbres,novela de costumbres,novela de costumbres,novela de costumbres,novela de costumbres,novela de costumbres,novela de costumbres,novela de costumbres,novela de costumbres
2939,subgenre-theme,novela de costumbres,other,2000,word,tfidf,4,nh0250,other,other,other,other,other,other,other,other,other,other,other
2940,subgenre-theme,novela de costumbres,other,2000,word,tfidf,5,nh0001,novela de costumbres,novela de costumbres,novela de costumbres,novela de costumbres,novela de costumbres,novela de costumbres,novela de costumbres,novela de costumbres,novela de costumbres,novela de costumbres,novela de costumbres
2941,subgenre-theme,novela de costumbres,other,2000,word,tfidf,5,nh0005,novela de costumbres,novela de costumbres,novela de costumbres,novela de costumbres,novela de costumbres,novela de costumbres,novela de costumbres,novela de costumbres,novela de costumbres,novela de costumbres,novela de costumbres
2942,subgenre-theme,novela de costumbres,other,2000,word,tfidf,5,nh0006,other,other,other,other,other,other,other,other,other,other,other
2943,subgenre-theme,novela de costumbres,other,2000,word,tfidf,5,nh0008,novela de costumbres,other,novela de costumbres,novela de costumbres,novela de costumbres,novela de costumbres,novela de costumbres,novela de costumbres,novela de costumbres,novela de costumbres,novela de costumbres
2944,subgenre-theme,novela de costumbres,other,2000,word,tfidf,5,nh0010,novela de costumbres,novela de costumbres,novela de costumbres,novela de costumbres,novela de costumbres,novela de costumbres,novela de costumbres,novela de costumbres,novela de costumbres,novela de costumbres,novela de costumbres
2945,subgenre-theme,novela de costumbres,other,2000,word,tfidf,5,nh0013,other,novela de costumbres,other,other,other,other,other,other,other,other,other
2946,subgenre-theme,novela de costumbres,other,2000,word,tfidf,5,nh0014,other,other,other,other,other,other,other,other,other,other,other
2947,subgenre-theme,novela de costumbres,other,2000,word,tfidf,5,nh0027,novela de costumbres,novela de costumbres,novela de costumbres,novela de costumbres,novela de costumbres,novela de costumbres,novela de costumbres,novela de costumbres,novela de costumbres,novela de costumbres,novela de costumbres
2948,subgenre-theme,novela de costumbres,other,2000,word,tfidf,5,nh0029,other,other,other,other,other,other,other,other,other,other,other
2949,subgenre-theme,novela de costumbres,other,2000,word,tfidf,5,nh0031,other,other,other,other,other,other,other,other,other,other,other
2950,subgenre-theme,novela de costumbres,other,2000,word,tfidf,5,nh0032,other,other,other,other,other,other,other,other,other,other,other
2951,subgenre-theme,novela de costumbres,other,2000,word,tfidf,5,nh0036,novela de costumbres,novela de costumbres,novela de costumbres,novela de costumbres,novela de costumbres,novela de costumbres,novela de costumbres,novela de costumbres,novela de costumbres,novela de costumbres,novela de costumbres
2952,subgenre-theme,novela de costumbres,other,2000,word,tfidf,5,nh0039,novela de costumbres,novela de costumbres,other,novela de costumbres,novela de costumbres,novela de costumbres,novela de costumbres,novela de costumbres,novela de costumbres,novela de costumbres,novela de costumbres
2953,subgenre-theme,novela de costumbres,other,2000,word,tfidf,5,nh0041,other,other,other,other,other,other,other,other,other,other,other
2954,subgenre-theme,novela de costumbres,other,2000,word,tfidf,5,nh0042,novela de costumbres,novela de costumbres,novela de costumbres,novela de costumbres,novela de costumbres,novela de costumbres,novela de costumbres,novela de costumbres,novela de costumbres,novela de costumbres,novela de costumbres
2955,subgenre-theme,novela de costumbres,other,2000,word,tfidf,5,nh0046,other,other,novela de costumbres,other,other,other,other,other,other,other,other
2956,subgenre-theme,novela de costumbres,other,2000,word,tfidf,5,nh0047,other,other,novela de costumbres,other,other,other,other,other,other,other,other
2957,subgenre-theme,novela de costumbres,other,2000,word,tfidf,5,nh0048,novela de costumbres,novela de costumbres,novela de costumbres,novela de costumbres,novela de costumbres,novela de costumbres,novela de costumbres,novela de costumbres,novela de costumbres,novela de costumbres,novela de costumbres
2958,subgenre-theme,novela de costumbres,other,2000,word,tfidf,5,nh0050,novela de costumbres,novela de costumbres,novela de costumbres,novela de costumbres,novela de costumbres,novela de costumbres,novela de costumbres,novela de costumbres,novela de costumbres,novela de costumbres,novela de costumbres
2959,subgenre-theme,novela de costumbres,other,2000,word,tfidf,5,nh0051,novela de costumbres,novela de costumbres,novela de costumbres,novela de costumbres,novela de costumbres,novela de costumbres,novela de costumbres,novela de costumbres,novela de costumbres,novela de costumbres,novela de costumbres
2960,subgenre-theme,novela de costumbres,other,2000,word,tfidf,5,nh0057,novela de costumbres,novela de costumbres,novela de costumbres,novela de costumbres,novela de costumbres,novela de costumbres,novela de costumbres,novela de costumbres,novela de costumbres,novela de costumbres,novela de costumbres
2961,subgenre-theme,novela de costumbres,other,2000,word,tfidf,5,nh0059,other,other,novela de costumbres,other,other,other,other,other,other,other,other
2962,subgenre-theme,novela de costumbres,other,2000,word,tfidf,5,nh0061,novela de costumbres,novela de costumbres,novela de costumbres,novela de costumbres,novela de costumbres,novela de costumbres,novela de costumbres,novela de costumbres,novela de costumbres,novela de costumbres,novela de costumbres
2963,subgenre-theme,novela de costumbres,other,2000,word,tfidf,5,nh0062,novela de costumbres,novela de costumbres,novela de costumbres,novela de costumbres,novela de costumbres,novela de costumbres,novela de costumbres,novela de costumbres,novela de costumbres,novela de costumbres,novela de costumbres
2964,subgenre-theme,novela de costumbres,other,2000,word,tfidf,5,nh0063,novela de costumbres,novela de costumbres,novela de costumbres,novela de costumbres,novela de costumbres,novela de costumbres,novela de costumbres,novela de costumbres,novela de costumbres,novela de costumbres,novela de costumbres
2965,subgenre-theme,novela de costumbres,other,2000,word,tfidf,5,nh0065,novela de costumbres,novela de costumbres,novela de costumbres,novela de costumbres,other,novela de costumbres,novela de costumbres,novela de costumbres,novela de costumbres,novela de costumbres,novela de costumbres
2966,subgenre-theme,novela de costumbres,other,2000,word,tfidf,5,nh0066,novela de costumbres,novela de costumbres,novela de costumbres,novela de costumbres,other,novela de costumbres,novela de costumbres,novela de costumbres,novela de costumbres,novela de costumbres,novela de costumbres
2967,subgenre-theme,novela de costumbres,other,2000,word,tfidf,5,nh0067,other,other,other,other,other,other,other,other,other,other,other
2968,subgenre-theme,novela de costumbres,other,2000,word,tfidf,5,nh0068,other,other,other,novela de costumbres,other,other,other,other,other,other,other
2969,subgenre-theme,novela de costumbres,other,2000,word,tfidf,5,nh0070,novela de costumbres,novela de costumbres,novela de costumbres,novela de costumbres,other,novela de costumbres,novela de costumbres,novela de costumbres,novela de costumbres,novela de costumbres,novela de costumbres
2970,subgenre-theme,novela de costumbres,other,2000,word,tfidf,5,nh0071,novela de costumbres,novela de costumbres,novela de costumbres,novela de costumbres,other,novela de costumbres,novela de costumbres,novela de costumbres,novela de costumbres,novela de costumbres,novela de costumbres
2971,subgenre-theme,novela de costumbres,other,2000,word,tfidf,5,nh0073,novela de costumbres,novela de costumbres,novela de costumbres,novela de costumbres,novela de costumbres,novela de costumbres,novela de costumbres,novela de costumbres,novela de costumbres,novela de costumbres,novela de costumbres
2972,subgenre-theme,novela de costumbres,other,2000,word,tfidf,5,nh0077,novela de costumbres,novela de costumbres,novela de costumbres,novela de costumbres,novela de costumbres,novela de costumbres,novela de costumbres,novela de costumbres,novela de costumbres,novela de costumbres,novela de costumbres
2973,subgenre-theme,novela de costumbres,other,2000,word,tfidf,5,nh0078,novela de costumbres,novela de costumbres,novela de costumbres,novela de costumbres,novela de costumbres,novela de costumbres,novela de costumbres,novela de costumbres,novela de costumbres,novela de costumbres,novela de costumbres
2974,subgenre-theme,novela de costumbres,other,2000,word,tfidf,5,nh0079,novela de costumbres,novela de costumbres,novela de costumbres,novela de costumbres,novela de costumbres,novela de costumbres,novela de costumbres,novela de costumbres,novela de costumbres,novela de costumbres,novela de costumbres
2975,subgenre-theme,novela de costumbres,other,2000,word,tfidf,5,nh0090,novela de costumbres,novela de costumbres,novela de costumbres,novela de costumbres,novela de costumbres,novela de costumbres,novela de costumbres,novela de costumbres,novela de costumbres,novela de costumbres,novela de costumbres
2976,subgenre-theme,novela de costumbres,other,2000,word,tfidf,5,nh0092,other,other,other,other,other,other,other,other,other,other,other
2977,subgenre-theme,novela de costumbres,other,2000,word,tfidf,5,nh0093,novela de costumbres,novela de costumbres,novela de costumbres,novela de costumbres,novela de costumbres,novela de costumbres,novela de costumbres,novela de costumbres,novela de costumbres,novela de costumbres,novela de costumbres
2978,subgenre-theme,novela de costumbres,other,2000,word,tfidf,5,nh0098,other,other,other,other,other,other,other,other,other,other,other
2979,subgenre-theme,novela de costumbres,other,2000,word,tfidf,5,nh0099,other,other,other,other,other,other,other,other,other,other,other
2980,subgenre-theme,novela de costumbres,other,2000,word,tfidf,5,nh0101,novela de costumbres,novela de costumbres,novela de costumbres,novela de costumbres,novela de costumbres,novela de costumbres,novela de costumbres,novela de costumbres,novela de costumbres,novela de costumbres,novela de costumbres
2981,subgenre-theme,novela de costumbres,other,2000,word,tfidf,5,nh0105,novela de costumbres,novela de costumbres,novela de costumbres,novela de costumbres,novela de costumbres,novela de costumbres,novela de costumbres,novela de costumbres,novela de costumbres,novela de costumbres,novela de costumbres
2982,subgenre-theme,novela de costumbres,other,2000,word,tfidf,5,nh0106,other,other,other,other,other,other,other,other,other,other,other
2983,subgenre-theme,novela de costumbres,other,2000,word,tfidf,5,nh0111,other,other,other,other,other,other,other,other,other,other,other
2984,subgenre-theme,novela de costumbres,other,2000,word,tfidf,5,nh0113,other,other,other,other,other,other,other,other,other,other,other
2985,subgenre-theme,novela de costumbres,other,2000,word,tfidf,5,nh0115,other,other,other,other,other,other,other,other,other,other,other
2986,subgenre-theme,novela de costumbres,other,2000,word,tfidf,5,nh0118,novela de costumbres,novela de costumbres,novela de costumbres,novela de costumbres,novela de costumbres,novela de costumbres,novela de costumbres,novela de costumbres,novela de costumbres,novela de costumbres,novela de costumbres
2987,subgenre-theme,novela de costumbres,other,2000,word,tfidf,5,nh0120,novela de costumbres,novela de costumbres,novela de costumbres,novela de costumbres,novela de costumbres,novela de costumbres,novela de costumbres,novela de costumbres,novela de costumbres,novela de costumbres,novela de costumbres
2988,subgenre-theme,novela de costumbres,other,2000,word,tfidf,5,nh0129,novela de costumbres,novela de costumbres,novela de costumbres,novela de costumbres,novela de costumbres,novela de costumbres,novela de costumbres,novela de costumbres,novela de costumbres,novela de costumbres,novela de costumbres
2989,subgenre-theme,novela de costumbres,other,2000,word,tfidf,5,nh0131,novela de costumbres,novela de costumbres,novela de costumbres,novela de costumbres,novela de costumbres,novela de costumbres,novela de costumbres,novela de costumbres,novela de costumbres,novela de costumbres,novela de costumbres
2990,subgenre-theme,novela de costumbres,other,2000,word,tfidf,5,nh0133,novela de costumbres,novela de costumbres,novela de costumbres,novela de costumbres,novela de costumbres,novela de costumbres,novela de costumbres,novela de costumbres,novela de costumbres,novela de costumbres,novela de costumbres
2991,subgenre-theme,novela de costumbres,other,2000,word,tfidf,5,nh0135,novela de costumbres,novela de costumbres,novela de costumbres,novela de costumbres,novela de costumbres,novela de costumbres,novela de costumbres,other,novela de costumbres,novela de costumbres,novela de costumbres
2992,subgenre-theme,novela de costumbres,other,2000,word,tfidf,5,nh0137,novela de costumbres,novela de costumbres,novela de costumbres,novela de costumbres,novela de costumbres,novela de costumbres,novela de costumbres,novela de costumbres,novela de costumbres,novela de costumbres,novela de costumbres
2993,subgenre-theme,novela de costumbres,other,2000,word,tfidf,5,nh0138,novela de costumbres,novela de costumbres,novela de costumbres,novela de costumbres,novela de costumbres,novela de costumbres,novela de costumbres,novela de costumbres,novela de costumbres,novela de costumbres,novela de costumbres
2994,subgenre-theme,novela de costumbres,other,2000,word,tfidf,5,nh0139,other,other,other,other,novela de costumbres,other,other,other,other,other,other
2995,subgenre-theme,novela de costumbres,other,2000,word,tfidf,5,nh0141,novela de costumbres,novela de costumbres,novela de costumbres,novela de costumbres,novela de costumbres,novela de costumbres,novela de costumbres,novela de costumbres,novela de costumbres,novela de costumbres,novela de costumbres
2996,subgenre-theme,novela de costumbres,other,2000,word,tfidf,5,nh0142,other,other,other,other,other,other,other,other,other,other,other
2997,subgenre-theme,novela de costumbres,other,2000,word,tfidf,5,nh0143,other,other,other,other,other,other,other,other,other,other,other
2998,subgenre-theme,novela de costumbres,other,2000,word,tfidf,5,nh0144,novela de costumbres,novela de costumbres,novela de costumbres,novela de costumbres,novela de costumbres,novela de costumbres,novela de costumbres,novela de costumbres,novela de costumbres,novela de costumbres,novela de costumbres
2999,subgenre-theme,novela de costumbres,other,2000,word,tfidf,5,nh0147,novela de costumbres,novela de costumbres,novela de costumbres,novela de costumbres,novela de costumbres,novela de costumbres,novela de costumbres,novela de costumbres,novela de costumbres,novela de costumbres,novela de costumbres
3000,subgenre-theme,novela de costumbres,other,2000,word,tfidf,5,nh0151,other,other,other,other,other,other,other,other,other,other,other
3001,subgenre-theme,novela de costumbres,other,2000,word,tfidf,5,nh0152,other,other,other,other,other,other,other,other,other,other,other
3002,subgenre-theme,novela de costumbres,other,2000,word,tfidf,5,nh0156,other,other,other,other,other,novela de costumbres,other,other,other,other,other
3003,subgenre-theme,novela de costumbres,other,2000,word,tfidf,5,nh0161,other,other,other,other,other,other,other,other,other,other,other
3004,subgenre-theme,novela de costumbres,other,2000,word,tfidf,5,nh0164,novela de costumbres,novela de costumbres,novela de costumbres,novela de costumbres,novela de costumbres,novela de costumbres,novela de costumbres,novela de costumbres,other,novela de costumbres,novela de costumbres
3005,subgenre-theme,novela de costumbres,other,2000,word,tfidf,5,nh0167,other,other,other,other,other,other,other,other,other,other,other
3006,subgenre-theme,novela de costumbres,other,2000,word,tfidf,5,nh0170,other,other,other,other,other,other,novela de costumbres,other,other,other,other
3007,subgenre-theme,novela de costumbres,other,2000,word,tfidf,5,nh0172,novela de costumbres,novela de costumbres,novela de costumbres,novela de costumbres,novela de costumbres,novela de costumbres,novela de costumbres,novela de costumbres,other,novela de costumbres,novela de costumbres
3008,subgenre-theme,novela de costumbres,other,2000,word,tfidf,5,nh0177,other,other,other,other,other,other,novela de costumbres,other,other,other,other
3009,subgenre-theme,novela de costumbres,other,2000,word,tfidf,5,nh0179,novela de costumbres,novela de costumbres,novela de costumbres,novela de costumbres,novela de costumbres,novela de costumbres,novela de costumbres,novela de costumbres,novela de costumbres,novela de costumbres,novela de costumbres
3010,subgenre-theme,novela de costumbres,other,2000,word,tfidf,5,nh0180,other,other,other,other,other,other,other,other,other,other,other
3011,subgenre-theme,novela de costumbres,other,2000,word,tfidf,5,nh0181,other,other,other,other,other,other,other,other,other,other,other
3012,subgenre-theme,novela de costumbres,other,2000,word,tfidf,5,nh0183,other,other,other,other,other,other,other,other,other,other,other
3013,subgenre-theme,novela de costumbres,other,2000,word,tfidf,5,nh0189,other,other,other,other,other,other,other,other,other,other,other
3014,subgenre-theme,novela de costumbres,other,2000,word,tfidf,5,nh0190,other,other,other,other,other,other,other,novela de costumbres,other,other,other
3015,subgenre-theme,novela de costumbres,other,2000,word,tfidf,5,nh0194,other,other,other,other,other,other,other,novela de costumbres,other,other,other
3016,subgenre-theme,novela de costumbres,other,2000,word,tfidf,5,nh0195,other,other,other,other,other,other,other,other,other,other,other
3017,subgenre-theme,novela de costumbres,other,2000,word,tfidf,5,nh0197,novela de costumbres,novela de costumbres,novela de costumbres,novela de costumbres,novela de costumbres,novela de costumbres,novela de costumbres,novela de costumbres,novela de costumbres,novela de costumbres,novela de costumbres
3018,subgenre-theme,novela de costumbres,other,2000,word,tfidf,5,nh0199,novela de costumbres,novela de costumbres,novela de costumbres,novela de costumbres,novela de costumbres,novela de costumbres,novela de costumbres,novela de costumbres,novela de costumbres,novela de costumbres,novela de costumbres
3019,subgenre-theme,novela de costumbres,other,2000,word,tfidf,5,nh0200,other,other,other,other,other,other,other,other,other,other,other
3020,subgenre-theme,novela de costumbres,other,2000,word,tfidf,5,nh0204,other,other,other,other,other,other,other,other,other,other,other
3021,subgenre-theme,novela de costumbres,other,2000,word,tfidf,5,nh0209,other,other,other,other,other,other,other,other,other,other,other
3022,subgenre-theme,novela de costumbres,other,2000,word,tfidf,5,nh0211,other,other,other,other,other,other,other,other,other,other,other
3023,subgenre-theme,novela de costumbres,other,2000,word,tfidf,5,nh0212,other,other,other,other,other,other,other,other,other,other,other
3024,subgenre-theme,novela de costumbres,other,2000,word,tfidf,5,nh0213,novela de costumbres,novela de costumbres,novela de costumbres,novela de costumbres,novela de costumbres,novela de costumbres,novela de costumbres,novela de costumbres,novela de costumbres,novela de costumbres,novela de costumbres
3025,subgenre-theme,novela de costumbres,other,2000,word,tfidf,5,nh0214,novela de costumbres,novela de costumbres,novela de costumbres,novela de costumbres,novela de costumbres,novela de costumbres,novela de costumbres,novela de costumbres,novela de costumbres,novela de costumbres,novela de costumbres
3026,subgenre-theme,novela de costumbres,other,2000,word,tfidf,5,nh0216,other,other,other,other,other,other,other,other,other,other,other
3027,subgenre-theme,novela de costumbres,other,2000,word,tfidf,5,nh0217,novela de costumbres,novela de costumbres,novela de costumbres,novela de costumbres,novela de costumbres,novela de costumbres,novela de costumbres,novela de costumbres,novela de costumbres,novela de costumbres,novela de costumbres
3028,subgenre-theme,novela de costumbres,other,2000,word,tfidf,5,nh0220,novela de costumbres,novela de costumbres,novela de costumbres,novela de costumbres,novela de costumbres,novela de costumbres,novela de costumbres,novela de costumbres,novela de costumbres,novela de costumbres,other
3029,subgenre-theme,novela de costumbres,other,2000,word,tfidf,5,nh0221,other,other,other,other,other,other,other,other,other,other,other
3030,subgenre-theme,novela de costumbres,other,2000,word,tfidf,5,nh0225,other,other,other,other,other,other,other,other,other,other,other
3031,subgenre-theme,novela de costumbres,other,2000,word,tfidf,5,nh0232,other,other,other,other,other,other,other,other,other,other,other
3032,subgenre-theme,novela de costumbres,other,2000,word,tfidf,5,nh0234,other,other,other,other,other,other,other,other,other,other,other
3033,subgenre-theme,novela de costumbres,other,2000,word,tfidf,5,nh0238,novela de costumbres,novela de costumbres,novela de costumbres,novela de costumbres,novela de costumbres,novela de costumbres,novela de costumbres,novela de costumbres,novela de costumbres,novela de costumbres,novela de costumbres
3034,subgenre-theme,novela de costumbres,other,2000,word,tfidf,5,nh0242,novela de costumbres,novela de costumbres,novela de costumbres,novela de costumbres,novela de costumbres,novela de costumbres,novela de costumbres,novela de costumbres,novela de costumbres,novela de costumbres,novela de costumbres
3035,subgenre-theme,novela de costumbres,other,2000,word,tfidf,5,nh0246,novela de costumbres,novela de costumbres,novela de costumbres,novela de costumbres,novela de costumbres,novela de costumbres,novela de costumbres,novela de costumbres,novela de costumbres,novela de costumbres,other
3036,subgenre-theme,novela de costumbres,other,2000,word,tfidf,5,nh0247,other,other,other,other,other,other,other,other,other,other,other
3037,subgenre-theme,novela de costumbres,other,2000,word,tfidf,5,nh0252,other,other,other,other,other,other,other,other,other,other,other
3038,subgenre-theme,novela de costumbres,other,2000,word,tfidf,5,nh0253,other,other,other,other,other,other,other,other,other,other,novela de costumbres
3039,subgenre-theme,novela de costumbres,other,2000,word,tfidf,5,nh0255,other,other,other,other,other,other,other,other,other,other,other
3040,subgenre-theme,novela de costumbres,other,2000,word,tfidf,6,nh0001,novela de costumbres,novela de costumbres,novela de costumbres,novela de costumbres,novela de costumbres,novela de costumbres,novela de costumbres,novela de costumbres,novela de costumbres,novela de costumbres,novela de costumbres
3041,subgenre-theme,novela de costumbres,other,2000,word,tfidf,6,nh0005,novela de costumbres,novela de costumbres,novela de costumbres,novela de costumbres,novela de costumbres,novela de costumbres,novela de costumbres,novela de costumbres,novela de costumbres,novela de costumbres,novela de costumbres
3042,subgenre-theme,novela de costumbres,other,2000,word,tfidf,6,nh0007,other,other,other,other,other,other,other,other,other,other,other
3043,subgenre-theme,novela de costumbres,other,2000,word,tfidf,6,nh0008,novela de costumbres,novela de costumbres,novela de costumbres,novela de costumbres,novela de costumbres,novela de costumbres,novela de costumbres,novela de costumbres,novela de costumbres,novela de costumbres,novela de costumbres
3044,subgenre-theme,novela de costumbres,other,2000,word,tfidf,6,nh0009,other,other,other,other,other,other,other,other,other,other,other
3045,subgenre-theme,novela de costumbres,other,2000,word,tfidf,6,nh0010,novela de costumbres,novela de costumbres,novela de costumbres,novela de costumbres,novela de costumbres,novela de costumbres,novela de costumbres,novela de costumbres,novela de costumbres,novela de costumbres,novela de costumbres
3046,subgenre-theme,novela de costumbres,other,2000,word,tfidf,6,nh0012,other,other,other,other,other,other,other,other,other,other,other
3047,subgenre-theme,novela de costumbres,other,2000,word,tfidf,6,nh0013,other,novela de costumbres,other,other,other,other,other,other,other,other,other
3048,subgenre-theme,novela de costumbres,other,2000,word,tfidf,6,nh0016,other,novela de costumbres,other,other,other,other,other,other,other,other,other
3049,subgenre-theme,novela de costumbres,other,2000,word,tfidf,6,nh0017,other,other,other,other,other,other,other,other,other,other,other
3050,subgenre-theme,novela de costumbres,other,2000,word,tfidf,6,nh0023,other,other,other,other,other,other,other,other,other,other,other
3051,subgenre-theme,novela de costumbres,other,2000,word,tfidf,6,nh0025,other,other,other,other,other,other,other,other,other,other,other
3052,subgenre-theme,novela de costumbres,other,2000,word,tfidf,6,nh0027,novela de costumbres,novela de costumbres,novela de costumbres,novela de costumbres,novela de costumbres,novela de costumbres,novela de costumbres,novela de costumbres,novela de costumbres,novela de costumbres,novela de costumbres
3053,subgenre-theme,novela de costumbres,other,2000,word,tfidf,6,nh0028,other,other,other,other,other,other,other,other,other,other,other
3054,subgenre-theme,novela de costumbres,other,2000,word,tfidf,6,nh0034,other,other,other,other,other,other,other,other,other,other,other
3055,subgenre-theme,novela de costumbres,other,2000,word,tfidf,6,nh0036,novela de costumbres,novela de costumbres,novela de costumbres,novela de costumbres,novela de costumbres,novela de costumbres,novela de costumbres,novela de costumbres,novela de costumbres,novela de costumbres,novela de costumbres
3056,subgenre-theme,novela de costumbres,other,2000,word,tfidf,6,nh0039,novela de costumbres,novela de costumbres,other,novela de costumbres,novela de costumbres,novela de costumbres,novela de costumbres,novela de costumbres,novela de costumbres,novela de costumbres,novela de costumbres
3057,subgenre-theme,novela de costumbres,other,2000,word,tfidf,6,nh0040,other,other,other,other,other,other,other,other,other,other,other
3058,subgenre-theme,novela de costumbres,other,2000,word,tfidf,6,nh0042,novela de costumbres,novela de costumbres,novela de costumbres,novela de costumbres,novela de costumbres,novela de costumbres,novela de costumbres,novela de costumbres,novela de costumbres,novela de costumbres,novela de costumbres
3059,subgenre-theme,novela de costumbres,other,2000,word,tfidf,6,nh0046,other,other,other,novela de costumbres,other,other,other,other,other,other,other
3060,subgenre-theme,novela de costumbres,other,2000,word,tfidf,6,nh0048,novela de costumbres,novela de costumbres,other,novela de costumbres,novela de costumbres,novela de costumbres,novela de costumbres,novela de costumbres,novela de costumbres,novela de costumbres,novela de costumbres
3061,subgenre-theme,novela de costumbres,other,2000,word,tfidf,6,nh0049,other,other,other,other,other,other,other,other,other,other,other
3062,subgenre-theme,novela de costumbres,other,2000,word,tfidf,6,nh0050,novela de costumbres,novela de costumbres,novela de costumbres,novela de costumbres,novela de costumbres,novela de costumbres,novela de costumbres,novela de costumbres,novela de costumbres,novela de costumbres,novela de costumbres
3063,subgenre-theme,novela de costumbres,other,2000,word,tfidf,6,nh0051,novela de costumbres,novela de costumbres,novela de costumbres,novela de costumbres,novela de costumbres,novela de costumbres,novela de costumbres,novela de costumbres,novela de costumbres,novela de costumbres,novela de costumbres
3064,subgenre-theme,novela de costumbres,other,2000,word,tfidf,6,nh0057,novela de costumbres,novela de costumbres,novela de costumbres,other,novela de costumbres,novela de costumbres,novela de costumbres,novela de costumbres,novela de costumbres,novela de costumbres,novela de costumbres
3065,subgenre-theme,novela de costumbres,other,2000,word,tfidf,6,nh0061,novela de costumbres,novela de costumbres,novela de costumbres,other,novela de costumbres,novela de costumbres,novela de costumbres,novela de costumbres,novela de costumbres,novela de costumbres,novela de costumbres
3066,subgenre-theme,novela de costumbres,other,2000,word,tfidf,6,nh0062,novela de costumbres,novela de costumbres,novela de costumbres,novela de costumbres,novela de costumbres,novela de costumbres,novela de costumbres,novela de costumbres,novela de costumbres,novela de costumbres,novela de costumbres
3067,subgenre-theme,novela de costumbres,other,2000,word,tfidf,6,nh0063,novela de costumbres,novela de costumbres,novela de costumbres,novela de costumbres,novela de costumbres,novela de costumbres,novela de costumbres,novela de costumbres,novela de costumbres,novela de costumbres,novela de costumbres
3068,subgenre-theme,novela de costumbres,other,2000,word,tfidf,6,nh0065,novela de costumbres,novela de costumbres,novela de costumbres,novela de costumbres,other,novela de costumbres,novela de costumbres,novela de costumbres,novela de costumbres,novela de costumbres,novela de costumbres
3069,subgenre-theme,novela de costumbres,other,2000,word,tfidf,6,nh0066,novela de costumbres,novela de costumbres,novela de costumbres,novela de costumbres,novela de costumbres,novela de costumbres,novela de costumbres,novela de costumbres,novela de costumbres,novela de costumbres,novela de costumbres
3070,subgenre-theme,novela de costumbres,other,2000,word,tfidf,6,nh0070,novela de costumbres,novela de costumbres,novela de costumbres,novela de costumbres,novela de costumbres,novela de costumbres,novela de costumbres,novela de costumbres,novela de costumbres,novela de costumbres,novela de costumbres
3071,subgenre-theme,novela de costumbres,other,2000,word,tfidf,6,nh0071,novela de costumbres,novela de costumbres,novela de costumbres,novela de costumbres,other,novela de costumbres,novela de costumbres,novela de costumbres,novela de costumbres,novela de costumbres,novela de costumbres
3072,subgenre-theme,novela de costumbres,other,2000,word,tfidf,6,nh0073,novela de costumbres,novela de costumbres,novela de costumbres,novela de costumbres,novela de costumbres,novela de costumbres,novela de costumbres,novela de costumbres,novela de costumbres,novela de costumbres,novela de costumbres
3073,subgenre-theme,novela de costumbres,other,2000,word,tfidf,6,nh0077,novela de costumbres,novela de costumbres,novela de costumbres,novela de costumbres,novela de costumbres,novela de costumbres,novela de costumbres,novela de costumbres,novela de costumbres,novela de costumbres,novela de costumbres
3074,subgenre-theme,novela de costumbres,other,2000,word,tfidf,6,nh0078,novela de costumbres,novela de costumbres,novela de costumbres,novela de costumbres,novela de costumbres,novela de costumbres,novela de costumbres,novela de costumbres,novela de costumbres,novela de costumbres,novela de costumbres
3075,subgenre-theme,novela de costumbres,other,2000,word,tfidf,6,nh0079,novela de costumbres,novela de costumbres,novela de costumbres,novela de costumbres,novela de costumbres,novela de costumbres,novela de costumbres,novela de costumbres,novela de costumbres,novela de costumbres,novela de costumbres
3076,subgenre-theme,novela de costumbres,other,2000,word,tfidf,6,nh0080,other,other,other,other,other,other,other,other,other,other,other
3077,subgenre-theme,novela de costumbres,other,2000,word,tfidf,6,nh0082,other,other,other,other,other,other,other,other,other,other,other
3078,subgenre-theme,novela de costumbres,other,2000,word,tfidf,6,nh0083,other,other,other,other,novela de costumbres,other,other,other,other,other,other
3079,subgenre-theme,novela de costumbres,other,2000,word,tfidf,6,nh0084,other,other,other,other,other,other,other,other,other,other,other
3080,subgenre-theme,novela de costumbres,other,2000,word,tfidf,6,nh0087,other,other,other,other,novela de costumbres,other,other,other,other,other,other
3081,subgenre-theme,novela de costumbres,other,2000,word,tfidf,6,nh0090,novela de costumbres,novela de costumbres,novela de costumbres,novela de costumbres,novela de costumbres,novela de costumbres,novela de costumbres,novela de costumbres,novela de costumbres,novela de costumbres,novela de costumbres
3082,subgenre-theme,novela de costumbres,other,2000,word,tfidf,6,nh0092,other,other,other,other,novela de costumbres,other,other,other,other,other,other
3083,subgenre-theme,novela de costumbres,other,2000,word,tfidf,6,nh0093,novela de costumbres,novela de costumbres,novela de costumbres,novela de costumbres,novela de costumbres,novela de costumbres,novela de costumbres,novela de costumbres,novela de costumbres,novela de costumbres,novela de costumbres
3084,subgenre-theme,novela de costumbres,other,2000,word,tfidf,6,nh0098,other,other,other,other,novela de costumbres,other,other,other,other,other,other
3085,subgenre-theme,novela de costumbres,other,2000,word,tfidf,6,nh0101,novela de costumbres,novela de costumbres,novela de costumbres,novela de costumbres,novela de costumbres,novela de costumbres,novela de costumbres,novela de costumbres,novela de costumbres,novela de costumbres,novela de costumbres
3086,subgenre-theme,novela de costumbres,other,2000,word,tfidf,6,nh0104,other,other,other,other,other,other,other,other,other,other,other
3087,subgenre-theme,novela de costumbres,other,2000,word,tfidf,6,nh0105,novela de costumbres,novela de costumbres,novela de costumbres,novela de costumbres,novela de costumbres,novela de costumbres,novela de costumbres,novela de costumbres,novela de costumbres,novela de costumbres,novela de costumbres
3088,subgenre-theme,novela de costumbres,other,2000,word,tfidf,6,nh0106,other,other,other,other,other,other,other,other,other,other,other
3089,subgenre-theme,novela de costumbres,other,2000,word,tfidf,6,nh0116,other,other,other,other,other,other,other,other,other,other,other
3090,subgenre-theme,novela de costumbres,other,2000,word,tfidf,6,nh0117,other,other,other,other,other,other,other,other,other,other,other
3091,subgenre-theme,novela de costumbres,other,2000,word,tfidf,6,nh0118,novela de costumbres,novela de costumbres,novela de costumbres,novela de costumbres,novela de costumbres,novela de costumbres,novela de costumbres,novela de costumbres,novela de costumbres,novela de costumbres,novela de costumbres
3092,subgenre-theme,novela de costumbres,other,2000,word,tfidf,6,nh0120,novela de costumbres,novela de costumbres,novela de costumbres,novela de costumbres,novela de costumbres,novela de costumbres,novela de costumbres,novela de costumbres,novela de costumbres,novela de costumbres,novela de costumbres
3093,subgenre-theme,novela de costumbres,other,2000,word,tfidf,6,nh0121,other,other,other,other,other,novela de costumbres,other,other,other,other,other
3094,subgenre-theme,novela de costumbres,other,2000,word,tfidf,6,nh0125,other,other,other,other,other,other,novela de costumbres,other,other,other,other
3095,subgenre-theme,novela de costumbres,other,2000,word,tfidf,6,nh0129,novela de costumbres,novela de costumbres,novela de costumbres,novela de costumbres,novela de costumbres,novela de costumbres,novela de costumbres,novela de costumbres,novela de costumbres,novela de costumbres,novela de costumbres
3096,subgenre-theme,novela de costumbres,other,2000,word,tfidf,6,nh0131,novela de costumbres,novela de costumbres,novela de costumbres,novela de costumbres,novela de costumbres,novela de costumbres,novela de costumbres,novela de costumbres,novela de costumbres,novela de costumbres,novela de costumbres
3097,subgenre-theme,novela de costumbres,other,2000,word,tfidf,6,nh0133,novela de costumbres,novela de costumbres,novela de costumbres,novela de costumbres,novela de costumbres,novela de costumbres,novela de costumbres,novela de costumbres,novela de costumbres,novela de costumbres,novela de costumbres
3098,subgenre-theme,novela de costumbres,other,2000,word,tfidf,6,nh0135,novela de costumbres,novela de costumbres,novela de costumbres,novela de costumbres,novela de costumbres,novela de costumbres,novela de costumbres,other,novela de costumbres,novela de costumbres,novela de costumbres
3099,subgenre-theme,novela de costumbres,other,2000,word,tfidf,6,nh0137,novela de costumbres,novela de costumbres,novela de costumbres,novela de costumbres,novela de costumbres,novela de costumbres,novela de costumbres,other,novela de costumbres,novela de costumbres,novela de costumbres
3100,subgenre-theme,novela de costumbres,other,2000,word,tfidf,6,nh0138,novela de costumbres,novela de costumbres,novela de costumbres,novela de costumbres,novela de costumbres,novela de costumbres,novela de costumbres,novela de costumbres,novela de costumbres,novela de costumbres,novela de costumbres
3101,subgenre-theme,novela de costumbres,other,2000,word,tfidf,6,nh0141,novela de costumbres,novela de costumbres,novela de costumbres,novela de costumbres,novela de costumbres,novela de costumbres,novela de costumbres,novela de costumbres,novela de costumbres,novela de costumbres,novela de costumbres
3102,subgenre-theme,novela de costumbres,other,2000,word,tfidf,6,nh0142,other,other,other,other,other,other,other,other,other,other,other
3103,subgenre-theme,novela de costumbres,other,2000,word,tfidf,6,nh0144,novela de costumbres,novela de costumbres,novela de costumbres,novela de costumbres,novela de costumbres,novela de costumbres,novela de costumbres,novela de costumbres,novela de costumbres,novela de costumbres,novela de costumbres
3104,subgenre-theme,novela de costumbres,other,2000,word,tfidf,6,nh0145,other,other,other,other,other,other,other,other,other,other,other
3105,subgenre-theme,novela de costumbres,other,2000,word,tfidf,6,nh0146,other,other,other,other,other,other,other,other,other,other,other
3106,subgenre-theme,novela de costumbres,other,2000,word,tfidf,6,nh0147,novela de costumbres,novela de costumbres,novela de costumbres,novela de costumbres,novela de costumbres,novela de costumbres,novela de costumbres,novela de costumbres,novela de costumbres,novela de costumbres,novela de costumbres
3107,subgenre-theme,novela de costumbres,other,2000,word,tfidf,6,nh0153,other,other,other,other,other,other,other,other,other,other,other
3108,subgenre-theme,novela de costumbres,other,2000,word,tfidf,6,nh0156,other,other,other,other,other,other,other,other,other,other,other
3109,subgenre-theme,novela de costumbres,other,2000,word,tfidf,6,nh0164,novela de costumbres,novela de costumbres,novela de costumbres,novela de costumbres,novela de costumbres,novela de costumbres,novela de costumbres,novela de costumbres,other,novela de costumbres,novela de costumbres
3110,subgenre-theme,novela de costumbres,other,2000,word,tfidf,6,nh0170,other,other,other,other,other,other,other,other,other,other,other
3111,subgenre-theme,novela de costumbres,other,2000,word,tfidf,6,nh0172,novela de costumbres,novela de costumbres,novela de costumbres,novela de costumbres,novela de costumbres,novela de costumbres,novela de costumbres,novela de costumbres,other,novela de costumbres,novela de costumbres
3112,subgenre-theme,novela de costumbres,other,2000,word,tfidf,6,nh0177,other,other,other,other,other,other,other,novela de costumbres,other,other,other
3113,subgenre-theme,novela de costumbres,other,2000,word,tfidf,6,nh0179,novela de costumbres,novela de costumbres,novela de costumbres,novela de costumbres,novela de costumbres,novela de costumbres,novela de costumbres,novela de costumbres,novela de costumbres,novela de costumbres,novela de costumbres
3114,subgenre-theme,novela de costumbres,other,2000,word,tfidf,6,nh0193,other,other,other,other,other,other,other,other,other,other,other
3115,subgenre-theme,novela de costumbres,other,2000,word,tfidf,6,nh0196,other,other,other,other,other,other,other,other,other,other,other
3116,subgenre-theme,novela de costumbres,other,2000,word,tfidf,6,nh0197,novela de costumbres,novela de costumbres,novela de costumbres,novela de costumbres,novela de costumbres,novela de costumbres,novela de costumbres,novela de costumbres,novela de costumbres,novela de costumbres,novela de costumbres
3117,subgenre-theme,novela de costumbres,other,2000,word,tfidf,6,nh0198,other,other,other,other,other,other,other,other,other,other,other
3118,subgenre-theme,novela de costumbres,other,2000,word,tfidf,6,nh0199,novela de costumbres,novela de costumbres,novela de costumbres,novela de costumbres,novela de costumbres,novela de costumbres,novela de costumbres,novela de costumbres,novela de costumbres,novela de costumbres,novela de costumbres
3119,subgenre-theme,novela de costumbres,other,2000,word,tfidf,6,nh0205,other,other,other,other,other,other,other,other,novela de costumbres,other,other
3120,subgenre-theme,novela de costumbres,other,2000,word,tfidf,6,nh0206,other,other,other,other,other,other,other,other,other,other,other
3121,subgenre-theme,novela de costumbres,other,2000,word,tfidf,6,nh0207,other,other,other,other,other,other,other,other,other,other,other
3122,subgenre-theme,novela de costumbres,other,2000,word,tfidf,6,nh0213,novela de costumbres,novela de costumbres,novela de costumbres,novela de costumbres,novela de costumbres,novela de costumbres,novela de costumbres,novela de costumbres,novela de costumbres,novela de costumbres,novela de costumbres
3123,subgenre-theme,novela de costumbres,other,2000,word,tfidf,6,nh0214,novela de costumbres,novela de costumbres,novela de costumbres,novela de costumbres,novela de costumbres,novela de costumbres,novela de costumbres,novela de costumbres,novela de costumbres,novela de costumbres,novela de costumbres
3124,subgenre-theme,novela de costumbres,other,2000,word,tfidf,6,nh0217,novela de costumbres,novela de costumbres,novela de costumbres,novela de costumbres,novela de costumbres,novela de costumbres,novela de costumbres,novela de costumbres,novela de costumbres,novela de costumbres,novela de costumbres
3125,subgenre-theme,novela de costumbres,other,2000,word,tfidf,6,nh0220,novela de costumbres,novela de costumbres,novela de costumbres,novela de costumbres,novela de costumbres,novela de costumbres,novela de costumbres,novela de costumbres,novela de costumbres,novela de costumbres,other
3126,subgenre-theme,novela de costumbres,other,2000,word,tfidf,6,nh0222,other,other,other,other,other,other,other,other,other,other,other
3127,subgenre-theme,novela de costumbres,other,2000,word,tfidf,6,nh0223,other,other,other,other,other,other,other,other,other,novela de costumbres,other
3128,subgenre-theme,novela de costumbres,other,2000,word,tfidf,6,nh0224,other,other,other,other,other,other,other,other,other,novela de costumbres,other
3129,subgenre-theme,novela de costumbres,other,2000,word,tfidf,6,nh0230,other,other,other,other,other,other,other,other,other,novela de costumbres,other
3130,subgenre-theme,novela de costumbres,other,2000,word,tfidf,6,nh0233,other,other,other,other,other,other,other,other,other,novela de costumbres,other
3131,subgenre-theme,novela de costumbres,other,2000,word,tfidf,6,nh0235,other,other,other,other,other,other,other,other,other,other,other
3132,subgenre-theme,novela de costumbres,other,2000,word,tfidf,6,nh0238,novela de costumbres,novela de costumbres,novela de costumbres,novela de costumbres,novela de costumbres,novela de costumbres,novela de costumbres,novela de costumbres,novela de costumbres,novela de costumbres,other
3133,subgenre-theme,novela de costumbres,other,2000,word,tfidf,6,nh0241,other,other,other,other,other,other,other,other,other,other,other
3134,subgenre-theme,novela de costumbres,other,2000,word,tfidf,6,nh0242,novela de costumbres,novela de costumbres,novela de costumbres,novela de costumbres,novela de costumbres,novela de costumbres,novela de costumbres,novela de costumbres,novela de costumbres,novela de costumbres,novela de costumbres
3135,subgenre-theme,novela de costumbres,other,2000,word,tfidf,6,nh0243,other,other,other,other,other,other,other,other,other,other,novela de costumbres
3136,subgenre-theme,novela de costumbres,other,2000,word,tfidf,6,nh0246,novela de costumbres,novela de costumbres,novela de costumbres,novela de costumbres,novela de costumbres,novela de costumbres,novela de costumbres,novela de costumbres,novela de costumbres,novela de costumbres,other
3137,subgenre-theme,novela de costumbres,other,2000,word,tfidf,6,nh0250,other,other,other,other,other,other,other,other,other,other,novela de costumbres
3138,subgenre-theme,novela de costumbres,other,2000,word,tfidf,6,nh0253,other,other,other,other,other,other,other,other,other,other,novela de costumbres
3139,subgenre-theme,novela de costumbres,other,2000,word,tfidf,6,nh0254,other,other,other,other,other,other,other,other,other,other,other
3140,subgenre-theme,novela de costumbres,other,2000,word,tfidf,7,nh0001,novela de costumbres,novela de costumbres,novela de costumbres,novela de costumbres,novela de costumbres,novela de costumbres,novela de costumbres,novela de costumbres,novela de costumbres,novela de costumbres,novela de costumbres
3141,subgenre-theme,novela de costumbres,other,2000,word,tfidf,7,nh0002,other,other,other,other,other,other,other,other,other,other,other
3142,subgenre-theme,novela de costumbres,other,2000,word,tfidf,7,nh0003,other,novela de costumbres,other,other,other,other,other,other,other,other,other
3143,subgenre-theme,novela de costumbres,other,2000,word,tfidf,7,nh0005,novela de costumbres,novela de costumbres,novela de costumbres,novela de costumbres,novela de costumbres,novela de costumbres,novela de costumbres,novela de costumbres,novela de costumbres,novela de costumbres,novela de costumbres
3144,subgenre-theme,novela de costumbres,other,2000,word,tfidf,7,nh0006,other,other,other,other,other,other,other,other,other,other,other
3145,subgenre-theme,novela de costumbres,other,2000,word,tfidf,7,nh0007,other,other,other,other,other,other,other,other,other,other,other
3146,subgenre-theme,novela de costumbres,other,2000,word,tfidf,7,nh0008,novela de costumbres,novela de costumbres,novela de costumbres,novela de costumbres,novela de costumbres,novela de costumbres,novela de costumbres,novela de costumbres,novela de costumbres,novela de costumbres,novela de costumbres
3147,subgenre-theme,novela de costumbres,other,2000,word,tfidf,7,nh0009,other,other,other,other,other,other,other,other,other,other,other
3148,subgenre-theme,novela de costumbres,other,2000,word,tfidf,7,nh0010,novela de costumbres,novela de costumbres,novela de costumbres,novela de costumbres,novela de costumbres,novela de costumbres,novela de costumbres,novela de costumbres,novela de costumbres,novela de costumbres,novela de costumbres
3149,subgenre-theme,novela de costumbres,other,2000,word,tfidf,7,nh0012,other,other,other,other,other,other,other,other,other,other,other
3150,subgenre-theme,novela de costumbres,other,2000,word,tfidf,7,nh0027,novela de costumbres,other,novela de costumbres,novela de costumbres,novela de costumbres,novela de costumbres,novela de costumbres,novela de costumbres,novela de costumbres,novela de costumbres,novela de costumbres
3151,subgenre-theme,novela de costumbres,other,2000,word,tfidf,7,nh0028,other,other,other,other,other,other,other,other,other,other,other
3152,subgenre-theme,novela de costumbres,other,2000,word,tfidf,7,nh0029,other,other,novela de costumbres,other,other,other,other,other,other,other,other
3153,subgenre-theme,novela de costumbres,other,2000,word,tfidf,7,nh0030,other,other,novela de costumbres,other,other,other,other,other,other,other,other
3154,subgenre-theme,novela de costumbres,other,2000,word,tfidf,7,nh0032,other,other,novela de costumbres,other,other,other,other,other,other,other,other
3155,subgenre-theme,novela de costumbres,other,2000,word,tfidf,7,nh0036,novela de costumbres,novela de costumbres,novela de costumbres,novela de costumbres,novela de costumbres,novela de costumbres,novela de costumbres,novela de costumbres,novela de costumbres,novela de costumbres,novela de costumbres
3156,subgenre-theme,novela de costumbres,other,2000,word,tfidf,7,nh0037,other,other,other,other,other,other,other,other,other,other,other
3157,subgenre-theme,novela de costumbres,other,2000,word,tfidf,7,nh0039,novela de costumbres,novela de costumbres,other,novela de costumbres,novela de costumbres,novela de costumbres,novela de costumbres,novela de costumbres,novela de costumbres,novela de costumbres,novela de costumbres
3158,subgenre-theme,novela de costumbres,other,2000,word,tfidf,7,nh0042,novela de costumbres,novela de costumbres,novela de costumbres,novela de costumbres,novela de costumbres,novela de costumbres,novela de costumbres,novela de costumbres,novela de costumbres,novela de costumbres,novela de costumbres
3159,subgenre-theme,novela de costumbres,other,2000,word,tfidf,7,nh0047,other,other,other,novela de costumbres,other,other,other,other,other,other,other
3160,subgenre-theme,novela de costumbres,other,2000,word,tfidf,7,nh0048,novela de costumbres,novela de costumbres,novela de costumbres,novela de costumbres,novela de costumbres,novela de costumbres,novela de costumbres,novela de costumbres,novela de costumbres,novela de costumbres,novela de costumbres
3161,subgenre-theme,novela de costumbres,other,2000,word,tfidf,7,nh0050,novela de costumbres,novela de costumbres,novela de costumbres,novela de costumbres,novela de costumbres,novela de costumbres,novela de costumbres,novela de costumbres,novela de costumbres,novela de costumbres,novela de costumbres
3162,subgenre-theme,novela de costumbres,other,2000,word,tfidf,7,nh0051,novela de costumbres,novela de costumbres,novela de costumbres,novela de costumbres,novela de costumbres,novela de costumbres,novela de costumbres,novela de costumbres,novela de costumbres,novela de costumbres,novela de costumbres
3163,subgenre-theme,novela de costumbres,other,2000,word,tfidf,7,nh0056,other,other,other,other,other,other,other,other,other,other,other
3164,subgenre-theme,novela de costumbres,other,2000,word,tfidf,7,nh0057,novela de costumbres,novela de costumbres,novela de costumbres,novela de costumbres,novela de costumbres,novela de costumbres,novela de costumbres,novela de costumbres,novela de costumbres,novela de costumbres,novela de costumbres
3165,subgenre-theme,novela de costumbres,other,2000,word,tfidf,7,nh0059,other,other,other,novela de costumbres,other,other,other,other,other,other,other
3166,subgenre-theme,novela de costumbres,other,2000,word,tfidf,7,nh0060,other,other,other,novela de costumbres,other,other,other,other,other,other,other
3167,subgenre-theme,novela de costumbres,other,2000,word,tfidf,7,nh0061,novela de costumbres,novela de costumbres,novela de costumbres,other,novela de costumbres,novela de costumbres,novela de costumbres,novela de costumbres,novela de costumbres,novela de costumbres,novela de costumbres
3168,subgenre-theme,novela de costumbres,other,2000,word,tfidf,7,nh0062,novela de costumbres,novela de costumbres,novela de costumbres,novela de costumbres,novela de costumbres,novela de costumbres,novela de costumbres,novela de costumbres,novela de costumbres,novela de costumbres,novela de costumbres
3169,subgenre-theme,novela de costumbres,other,2000,word,tfidf,7,nh0063,novela de costumbres,novela de costumbres,novela de costumbres,novela de costumbres,novela de costumbres,novela de costumbres,novela de costumbres,novela de costumbres,novela de costumbres,novela de costumbres,novela de costumbres
3170,subgenre-theme,novela de costumbres,other,2000,word,tfidf,7,nh0065,novela de costumbres,novela de costumbres,novela de costumbres,novela de costumbres,other,novela de costumbres,novela de costumbres,novela de costumbres,novela de costumbres,novela de costumbres,novela de costumbres
3171,subgenre-theme,novela de costumbres,other,2000,word,tfidf,7,nh0066,novela de costumbres,novela de costumbres,novela de costumbres,novela de costumbres,other,novela de costumbres,novela de costumbres,novela de costumbres,novela de costumbres,novela de costumbres,novela de costumbres
3172,subgenre-theme,novela de costumbres,other,2000,word,tfidf,7,nh0070,novela de costumbres,novela de costumbres,novela de costumbres,novela de costumbres,novela de costumbres,novela de costumbres,novela de costumbres,novela de costumbres,novela de costumbres,novela de costumbres,novela de costumbres
3173,subgenre-theme,novela de costumbres,other,2000,word,tfidf,7,nh0071,novela de costumbres,novela de costumbres,novela de costumbres,novela de costumbres,other,novela de costumbres,novela de costumbres,novela de costumbres,novela de costumbres,novela de costumbres,novela de costumbres
3174,subgenre-theme,novela de costumbres,other,2000,word,tfidf,7,nh0072,other,other,other,other,other,other,other,other,other,other,other
3175,subgenre-theme,novela de costumbres,other,2000,word,tfidf,7,nh0073,novela de costumbres,novela de costumbres,novela de costumbres,novela de costumbres,novela de costumbres,novela de costumbres,novela de costumbres,novela de costumbres,novela de costumbres,novela de costumbres,novela de costumbres
3176,subgenre-theme,novela de costumbres,other,2000,word,tfidf,7,nh0077,novela de costumbres,novela de costumbres,novela de costumbres,novela de costumbres,novela de costumbres,novela de costumbres,novela de costumbres,novela de costumbres,novela de costumbres,novela de costumbres,novela de costumbres
3177,subgenre-theme,novela de costumbres,other,2000,word,tfidf,7,nh0078,novela de costumbres,novela de costumbres,novela de costumbres,novela de costumbres,novela de costumbres,novela de costumbres,novela de costumbres,novela de costumbres,novela de costumbres,novela de costumbres,novela de costumbres
3178,subgenre-theme,novela de costumbres,other,2000,word,tfidf,7,nh0079,novela de costumbres,novela de costumbres,novela de costumbres,novela de costumbres,novela de costumbres,novela de costumbres,novela de costumbres,novela de costumbres,novela de costumbres,novela de costumbres,novela de costumbres
3179,subgenre-theme,novela de costumbres,other,2000,word,tfidf,7,nh0083,other,other,other,other,other,other,other,other,other,other,other
3180,subgenre-theme,novela de costumbres,other,2000,word,tfidf,7,nh0087,other,other,other,other,novela de costumbres,other,other,other,other,other,other
3181,subgenre-theme,novela de costumbres,other,2000,word,tfidf,7,nh0090,novela de costumbres,novela de costumbres,novela de costumbres,novela de costumbres,novela de costumbres,novela de costumbres,novela de costumbres,novela de costumbres,novela de costumbres,novela de costumbres,novela de costumbres
3182,subgenre-theme,novela de costumbres,other,2000,word,tfidf,7,nh0092,other,other,other,other,other,other,other,other,other,other,other
3183,subgenre-theme,novela de costumbres,other,2000,word,tfidf,7,nh0093,novela de costumbres,novela de costumbres,novela de costumbres,novela de costumbres,novela de costumbres,novela de costumbres,novela de costumbres,novela de costumbres,novela de costumbres,novela de costumbres,novela de costumbres
3184,subgenre-theme,novela de costumbres,other,2000,word,tfidf,7,nh0101,novela de costumbres,novela de costumbres,novela de costumbres,novela de costumbres,novela de costumbres,novela de costumbres,novela de costumbres,novela de costumbres,novela de costumbres,novela de costumbres,novela de costumbres
3185,subgenre-theme,novela de costumbres,other,2000,word,tfidf,7,nh0104,other,other,other,other,other,other,other,other,other,other,other
3186,subgenre-theme,novela de costumbres,other,2000,word,tfidf,7,nh0105,novela de costumbres,novela de costumbres,novela de costumbres,novela de costumbres,novela de costumbres,novela de costumbres,novela de costumbres,novela de costumbres,novela de costumbres,novela de costumbres,novela de costumbres
3187,subgenre-theme,novela de costumbres,other,2000,word,tfidf,7,nh0107,other,other,other,other,other,other,other,other,other,other,other
3188,subgenre-theme,novela de costumbres,other,2000,word,tfidf,7,nh0109,other,other,other,other,other,other,other,other,other,other,other
3189,subgenre-theme,novela de costumbres,other,2000,word,tfidf,7,nh0115,other,other,other,other,other,other,other,other,other,other,other
3190,subgenre-theme,novela de costumbres,other,2000,word,tfidf,7,nh0116,other,other,other,other,other,other,other,other,other,other,other
3191,subgenre-theme,novela de costumbres,other,2000,word,tfidf,7,nh0118,novela de costumbres,novela de costumbres,novela de costumbres,novela de costumbres,novela de costumbres,novela de costumbres,novela de costumbres,novela de costumbres,novela de costumbres,novela de costumbres,novela de costumbres
3192,subgenre-theme,novela de costumbres,other,2000,word,tfidf,7,nh0120,novela de costumbres,novela de costumbres,novela de costumbres,novela de costumbres,novela de costumbres,novela de costumbres,novela de costumbres,novela de costumbres,novela de costumbres,novela de costumbres,novela de costumbres
3193,subgenre-theme,novela de costumbres,other,2000,word,tfidf,7,nh0121,other,other,other,other,other,novela de costumbres,other,other,other,other,other
3194,subgenre-theme,novela de costumbres,other,2000,word,tfidf,7,nh0124,other,other,other,other,other,other,other,other,other,other,other
3195,subgenre-theme,novela de costumbres,other,2000,word,tfidf,7,nh0128,other,other,other,other,other,other,other,other,other,other,other
3196,subgenre-theme,novela de costumbres,other,2000,word,tfidf,7,nh0129,novela de costumbres,novela de costumbres,novela de costumbres,novela de costumbres,novela de costumbres,novela de costumbres,novela de costumbres,novela de costumbres,novela de costumbres,novela de costumbres,novela de costumbres
3197,subgenre-theme,novela de costumbres,other,2000,word,tfidf,7,nh0131,novela de costumbres,novela de costumbres,novela de costumbres,novela de costumbres,novela de costumbres,novela de costumbres,novela de costumbres,novela de costumbres,novela de costumbres,novela de costumbres,novela de costumbres
3198,subgenre-theme,novela de costumbres,other,2000,word,tfidf,7,nh0133,novela de costumbres,novela de costumbres,novela de costumbres,novela de costumbres,novela de costumbres,novela de costumbres,novela de costumbres,novela de costumbres,novela de costumbres,novela de costumbres,novela de costumbres
3199,subgenre-theme,novela de costumbres,other,2000,word,tfidf,7,nh0135,novela de costumbres,novela de costumbres,novela de costumbres,novela de costumbres,novela de costumbres,novela de costumbres,novela de costumbres,other,novela de costumbres,novela de costumbres,novela de costumbres
3200,subgenre-theme,novela de costumbres,other,2000,word,tfidf,7,nh0137,novela de costumbres,novela de costumbres,novela de costumbres,novela de costumbres,novela de costumbres,novela de costumbres,novela de costumbres,novela de costumbres,novela de costumbres,novela de costumbres,novela de costumbres
3201,subgenre-theme,novela de costumbres,other,2000,word,tfidf,7,nh0138,novela de costumbres,novela de costumbres,novela de costumbres,novela de costumbres,novela de costumbres,novela de costumbres,novela de costumbres,novela de costumbres,novela de costumbres,novela de costumbres,novela de costumbres
3202,subgenre-theme,novela de costumbres,other,2000,word,tfidf,7,nh0139,other,other,other,other,other,other,novela de costumbres,other,other,other,other
3203,subgenre-theme,novela de costumbres,other,2000,word,tfidf,7,nh0141,novela de costumbres,novela de costumbres,novela de costumbres,novela de costumbres,novela de costumbres,novela de costumbres,novela de costumbres,novela de costumbres,novela de costumbres,novela de costumbres,novela de costumbres
3204,subgenre-theme,novela de costumbres,other,2000,word,tfidf,7,nh0142,other,other,other,other,other,other,other,other,other,other,other
3205,subgenre-theme,novela de costumbres,other,2000,word,tfidf,7,nh0144,novela de costumbres,novela de costumbres,novela de costumbres,novela de costumbres,novela de costumbres,novela de costumbres,novela de costumbres,novela de costumbres,novela de costumbres,novela de costumbres,novela de costumbres
3206,subgenre-theme,novela de costumbres,other,2000,word,tfidf,7,nh0147,novela de costumbres,novela de costumbres,novela de costumbres,novela de costumbres,novela de costumbres,novela de costumbres,novela de costumbres,novela de costumbres,novela de costumbres,novela de costumbres,novela de costumbres
3207,subgenre-theme,novela de costumbres,other,2000,word,tfidf,7,nh0149,other,other,other,other,other,other,other,other,other,other,other
3208,subgenre-theme,novela de costumbres,other,2000,word,tfidf,7,nh0151,other,other,other,other,other,other,other,other,other,other,other
3209,subgenre-theme,novela de costumbres,other,2000,word,tfidf,7,nh0153,other,other,other,other,other,other,other,other,other,other,other
3210,subgenre-theme,novela de costumbres,other,2000,word,tfidf,7,nh0155,other,other,other,other,other,other,other,novela de costumbres,other,other,other
3211,subgenre-theme,novela de costumbres,other,2000,word,tfidf,7,nh0164,novela de costumbres,novela de costumbres,novela de costumbres,novela de costumbres,novela de costumbres,novela de costumbres,novela de costumbres,novela de costumbres,novela de costumbres,novela de costumbres,novela de costumbres
3212,subgenre-theme,novela de costumbres,other,2000,word,tfidf,7,nh0169,other,other,other,other,other,other,other,novela de costumbres,other,other,other
3213,subgenre-theme,novela de costumbres,other,2000,word,tfidf,7,nh0170,other,other,other,other,other,other,other,other,other,other,other
3214,subgenre-theme,novela de costumbres,other,2000,word,tfidf,7,nh0171,other,other,other,other,other,other,other,other,other,other,other
3215,subgenre-theme,novela de costumbres,other,2000,word,tfidf,7,nh0172,novela de costumbres,novela de costumbres,novela de costumbres,novela de costumbres,novela de costumbres,novela de costumbres,novela de costumbres,novela de costumbres,novela de costumbres,novela de costumbres,novela de costumbres
3216,subgenre-theme,novela de costumbres,other,2000,word,tfidf,7,nh0175,other,other,other,other,other,other,other,other,other,other,other
3217,subgenre-theme,novela de costumbres,other,2000,word,tfidf,7,nh0179,novela de costumbres,novela de costumbres,novela de costumbres,novela de costumbres,novela de costumbres,novela de costumbres,novela de costumbres,novela de costumbres,novela de costumbres,novela de costumbres,novela de costumbres
3218,subgenre-theme,novela de costumbres,other,2000,word,tfidf,7,nh0180,other,other,other,other,other,other,other,other,other,other,other
3219,subgenre-theme,novela de costumbres,other,2000,word,tfidf,7,nh0181,other,other,other,other,other,other,other,other,other,other,other
3220,subgenre-theme,novela de costumbres,other,2000,word,tfidf,7,nh0187,other,other,other,other,other,other,other,other,other,other,other
3221,subgenre-theme,novela de costumbres,other,2000,word,tfidf,7,nh0193,other,other,other,other,other,other,other,other,other,other,other
3222,subgenre-theme,novela de costumbres,other,2000,word,tfidf,7,nh0196,other,other,other,other,other,other,other,other,other,other,other
3223,subgenre-theme,novela de costumbres,other,2000,word,tfidf,7,nh0197,novela de costumbres,novela de costumbres,novela de costumbres,novela de costumbres,novela de costumbres,novela de costumbres,novela de costumbres,novela de costumbres,novela de costumbres,novela de costumbres,novela de costumbres
3224,subgenre-theme,novela de costumbres,other,2000,word,tfidf,7,nh0198,other,other,other,other,other,other,other,other,other,other,other
3225,subgenre-theme,novela de costumbres,other,2000,word,tfidf,7,nh0199,novela de costumbres,novela de costumbres,novela de costumbres,novela de costumbres,novela de costumbres,novela de costumbres,novela de costumbres,novela de costumbres,novela de costumbres,novela de costumbres,novela de costumbres
3226,subgenre-theme,novela de costumbres,other,2000,word,tfidf,7,nh0203,other,other,other,other,other,other,other,other,other,other,other
3227,subgenre-theme,novela de costumbres,other,2000,word,tfidf,7,nh0208,other,other,other,other,other,other,other,other,other,other,other
3228,subgenre-theme,novela de costumbres,other,2000,word,tfidf,7,nh0212,other,other,other,other,other,other,other,other,other,other,other
3229,subgenre-theme,novela de costumbres,other,2000,word,tfidf,7,nh0213,novela de costumbres,novela de costumbres,novela de costumbres,novela de costumbres,novela de costumbres,novela de costumbres,novela de costumbres,novela de costumbres,novela de costumbres,novela de costumbres,novela de costumbres
3230,subgenre-theme,novela de costumbres,other,2000,word,tfidf,7,nh0214,novela de costumbres,novela de costumbres,novela de costumbres,novela de costumbres,novela de costumbres,novela de costumbres,novela de costumbres,novela de costumbres,novela de costumbres,other,novela de costumbres
3231,subgenre-theme,novela de costumbres,other,2000,word,tfidf,7,nh0217,novela de costumbres,novela de costumbres,novela de costumbres,novela de costumbres,novela de costumbres,novela de costumbres,novela de costumbres,novela de costumbres,novela de costumbres,novela de costumbres,novela de costumbres
3232,subgenre-theme,novela de costumbres,other,2000,word,tfidf,7,nh0219,other,other,other,other,other,other,other,other,other,other,other
3233,subgenre-theme,novela de costumbres,other,2000,word,tfidf,7,nh0220,novela de costumbres,novela de costumbres,novela de costumbres,novela de costumbres,novela de costumbres,novela de costumbres,novela de costumbres,novela de costumbres,novela de costumbres,novela de costumbres,novela de costumbres
3234,subgenre-theme,novela de costumbres,other,2000,word,tfidf,7,nh0226,other,other,other,other,other,other,other,other,other,other,other
3235,subgenre-theme,novela de costumbres,other,2000,word,tfidf,7,nh0234,other,other,other,other,other,other,other,other,other,other,other
3236,subgenre-theme,novela de costumbres,other,2000,word,tfidf,7,nh0238,novela de costumbres,novela de costumbres,novela de costumbres,novela de costumbres,novela de costumbres,novela de costumbres,novela de costumbres,novela de costumbres,novela de costumbres,novela de costumbres,other
3237,subgenre-theme,novela de costumbres,other,2000,word,tfidf,7,nh0239,other,other,other,other,other,other,other,other,other,other,novela de costumbres
3238,subgenre-theme,novela de costumbres,other,2000,word,tfidf,7,nh0242,novela de costumbres,novela de costumbres,novela de costumbres,novela de costumbres,novela de costumbres,novela de costumbres,novela de costumbres,novela de costumbres,novela de costumbres,novela de costumbres,novela de costumbres
3239,subgenre-theme,novela de costumbres,other,2000,word,tfidf,7,nh0246,novela de costumbres,novela de costumbres,novela de costumbres,novela de costumbres,novela de costumbres,novela de costumbres,novela de costumbres,novela de costumbres,novela de costumbres,novela de costumbres,novela de costumbres
3240,subgenre-theme,novela de costumbres,other,2000,word,tfidf,8,nh0001,novela de costumbres,novela de costumbres,novela de costumbres,novela de costumbres,novela de costumbres,novela de costumbres,novela de costumbres,novela de costumbres,novela de costumbres,novela de costumbres,novela de costumbres
3241,subgenre-theme,novela de costumbres,other,2000,word,tfidf,8,nh0005,novela de costumbres,novela de costumbres,novela de costumbres,novela de costumbres,novela de costumbres,novela de costumbres,novela de costumbres,novela de costumbres,novela de costumbres,novela de costumbres,novela de costumbres
3242,subgenre-theme,novela de costumbres,other,2000,word,tfidf,8,nh0008,novela de costumbres,novela de costumbres,novela de costumbres,novela de costumbres,novela de costumbres,novela de costumbres,novela de costumbres,novela de costumbres,novela de costumbres,novela de costumbres,novela de costumbres
3243,subgenre-theme,novela de costumbres,other,2000,word,tfidf,8,nh0010,novela de costumbres,novela de costumbres,novela de costumbres,novela de costumbres,novela de costumbres,novela de costumbres,novela de costumbres,novela de costumbres,novela de costumbres,novela de costumbres,novela de costumbres
3244,subgenre-theme,novela de costumbres,other,2000,word,tfidf,8,nh0021,other,other,other,other,other,other,other,other,other,other,other
3245,subgenre-theme,novela de costumbres,other,2000,word,tfidf,8,nh0027,novela de costumbres,other,novela de costumbres,novela de costumbres,novela de costumbres,novela de costumbres,novela de costumbres,novela de costumbres,novela de costumbres,novela de costumbres,novela de costumbres
3246,subgenre-theme,novela de costumbres,other,2000,word,tfidf,8,nh0028,other,other,other,other,other,other,other,other,other,other,other
3247,subgenre-theme,novela de costumbres,other,2000,word,tfidf,8,nh0030,other,other,other,other,other,other,other,other,other,other,other
3248,subgenre-theme,novela de costumbres,other,2000,word,tfidf,8,nh0032,other,other,other,other,other,other,other,other,other,other,other
3249,subgenre-theme,novela de costumbres,other,2000,word,tfidf,8,nh0033,other,other,other,other,other,other,other,other,other,other,other
3250,subgenre-theme,novela de costumbres,other,2000,word,tfidf,8,nh0034,other,other,novela de costumbres,other,other,other,other,other,other,other,other
3251,subgenre-theme,novela de costumbres,other,2000,word,tfidf,8,nh0035,other,other,other,other,other,other,other,other,other,other,other
3252,subgenre-theme,novela de costumbres,other,2000,word,tfidf,8,nh0036,novela de costumbres,novela de costumbres,novela de costumbres,novela de costumbres,novela de costumbres,novela de costumbres,novela de costumbres,novela de costumbres,novela de costumbres,novela de costumbres,novela de costumbres
3253,subgenre-theme,novela de costumbres,other,2000,word,tfidf,8,nh0037,other,other,novela de costumbres,other,other,other,other,other,other,other,other
3254,subgenre-theme,novela de costumbres,other,2000,word,tfidf,8,nh0039,novela de costumbres,novela de costumbres,other,novela de costumbres,novela de costumbres,novela de costumbres,novela de costumbres,novela de costumbres,novela de costumbres,novela de costumbres,novela de costumbres
3255,subgenre-theme,novela de costumbres,other,2000,word,tfidf,8,nh0042,novela de costumbres,novela de costumbres,novela de costumbres,novela de costumbres,novela de costumbres,novela de costumbres,novela de costumbres,novela de costumbres,novela de costumbres,novela de costumbres,novela de costumbres
3256,subgenre-theme,novela de costumbres,other,2000,word,tfidf,8,nh0048,novela de costumbres,novela de costumbres,novela de costumbres,novela de costumbres,novela de costumbres,novela de costumbres,novela de costumbres,novela de costumbres,novela de costumbres,novela de costumbres,novela de costumbres
3257,subgenre-theme,novela de costumbres,other,2000,word,tfidf,8,nh0050,novela de costumbres,novela de costumbres,novela de costumbres,novela de costumbres,novela de costumbres,novela de costumbres,novela de costumbres,novela de costumbres,novela de costumbres,novela de costumbres,novela de costumbres
3258,subgenre-theme,novela de costumbres,other,2000,word,tfidf,8,nh0051,novela de costumbres,novela de costumbres,novela de costumbres,novela de costumbres,novela de costumbres,novela de costumbres,novela de costumbres,novela de costumbres,novela de costumbres,novela de costumbres,novela de costumbres
3259,subgenre-theme,novela de costumbres,other,2000,word,tfidf,8,nh0052,other,other,other,other,other,other,other,other,other,other,other
3260,subgenre-theme,novela de costumbres,other,2000,word,tfidf,8,nh0057,novela de costumbres,novela de costumbres,novela de costumbres,other,novela de costumbres,novela de costumbres,novela de costumbres,novela de costumbres,novela de costumbres,novela de costumbres,novela de costumbres
3261,subgenre-theme,novela de costumbres,other,2000,word,tfidf,8,nh0059,other,other,novela de costumbres,other,other,other,other,other,other,other,other
3262,subgenre-theme,novela de costumbres,other,2000,word,tfidf,8,nh0061,novela de costumbres,novela de costumbres,novela de costumbres,other,novela de costumbres,novela de costumbres,novela de costumbres,novela de costumbres,novela de costumbres,novela de costumbres,novela de costumbres
3263,subgenre-theme,novela de costumbres,other,2000,word,tfidf,8,nh0062,novela de costumbres,novela de costumbres,novela de costumbres,novela de costumbres,novela de costumbres,novela de costumbres,novela de costumbres,novela de costumbres,novela de costumbres,novela de costumbres,novela de costumbres
3264,subgenre-theme,novela de costumbres,other,2000,word,tfidf,8,nh0063,novela de costumbres,novela de costumbres,novela de costumbres,novela de costumbres,novela de costumbres,novela de costumbres,novela de costumbres,novela de costumbres,novela de costumbres,novela de costumbres,novela de costumbres
3265,subgenre-theme,novela de costumbres,other,2000,word,tfidf,8,nh0065,novela de costumbres,novela de costumbres,novela de costumbres,novela de costumbres,other,novela de costumbres,novela de costumbres,novela de costumbres,novela de costumbres,novela de costumbres,novela de costumbres
3266,subgenre-theme,novela de costumbres,other,2000,word,tfidf,8,nh0066,novela de costumbres,novela de costumbres,novela de costumbres,novela de costumbres,novela de costumbres,novela de costumbres,novela de costumbres,novela de costumbres,novela de costumbres,novela de costumbres,novela de costumbres
3267,subgenre-theme,novela de costumbres,other,2000,word,tfidf,8,nh0070,novela de costumbres,novela de costumbres,novela de costumbres,novela de costumbres,novela de costumbres,novela de costumbres,novela de costumbres,novela de costumbres,novela de costumbres,novela de costumbres,novela de costumbres
3268,subgenre-theme,novela de costumbres,other,2000,word,tfidf,8,nh0071,novela de costumbres,novela de costumbres,novela de costumbres,novela de costumbres,other,novela de costumbres,novela de costumbres,novela de costumbres,novela de costumbres,novela de costumbres,novela de costumbres
3269,subgenre-theme,novela de costumbres,other,2000,word,tfidf,8,nh0073,novela de costumbres,novela de costumbres,novela de costumbres,novela de costumbres,novela de costumbres,novela de costumbres,novela de costumbres,novela de costumbres,novela de costumbres,novela de costumbres,novela de costumbres
3270,subgenre-theme,novela de costumbres,other,2000,word,tfidf,8,nh0075,other,other,other,novela de costumbres,other,other,other,other,other,other,other
3271,subgenre-theme,novela de costumbres,other,2000,word,tfidf,8,nh0077,novela de costumbres,novela de costumbres,novela de costumbres,novela de costumbres,novela de costumbres,novela de costumbres,novela de costumbres,novela de costumbres,novela de costumbres,novela de costumbres,novela de costumbres
3272,subgenre-theme,novela de costumbres,other,2000,word,tfidf,8,nh0078,novela de costumbres,novela de costumbres,novela de costumbres,novela de costumbres,novela de costumbres,novela de costumbres,novela de costumbres,novela de costumbres,novela de costumbres,novela de costumbres,novela de costumbres
3273,subgenre-theme,novela de costumbres,other,2000,word,tfidf,8,nh0079,novela de costumbres,novela de costumbres,novela de costumbres,novela de costumbres,novela de costumbres,novela de costumbres,novela de costumbres,novela de costumbres,novela de costumbres,novela de costumbres,novela de costumbres
3274,subgenre-theme,novela de costumbres,other,2000,word,tfidf,8,nh0080,other,other,other,other,other,other,other,other,other,other,other
3275,subgenre-theme,novela de costumbres,other,2000,word,tfidf,8,nh0085,other,other,other,other,other,other,other,other,other,other,other
3276,subgenre-theme,novela de costumbres,other,2000,word,tfidf,8,nh0086,other,other,other,other,other,other,other,other,other,other,other
3277,subgenre-theme,novela de costumbres,other,2000,word,tfidf,8,nh0087,other,other,other,other,other,other,other,other,other,other,other
3278,subgenre-theme,novela de costumbres,other,2000,word,tfidf,8,nh0090,novela de costumbres,novela de costumbres,novela de costumbres,novela de costumbres,novela de costumbres,novela de costumbres,novela de costumbres,novela de costumbres,novela de costumbres,novela de costumbres,novela de costumbres
3279,subgenre-theme,novela de costumbres,other,2000,word,tfidf,8,nh0093,novela de costumbres,novela de costumbres,novela de costumbres,novela de costumbres,novela de costumbres,novela de costumbres,novela de costumbres,novela de costumbres,novela de costumbres,novela de costumbres,novela de costumbres
3280,subgenre-theme,novela de costumbres,other,2000,word,tfidf,8,nh0095,other,other,other,other,novela de costumbres,other,other,other,other,other,other
3281,subgenre-theme,novela de costumbres,other,2000,word,tfidf,8,nh0101,novela de costumbres,novela de costumbres,novela de costumbres,novela de costumbres,novela de costumbres,novela de costumbres,novela de costumbres,novela de costumbres,novela de costumbres,novela de costumbres,novela de costumbres
3282,subgenre-theme,novela de costumbres,other,2000,word,tfidf,8,nh0102,other,other,other,other,novela de costumbres,other,other,other,other,other,other
3283,subgenre-theme,novela de costumbres,other,2000,word,tfidf,8,nh0103,other,other,other,other,other,other,other,other,other,other,other
3284,subgenre-theme,novela de costumbres,other,2000,word,tfidf,8,nh0104,other,other,other,other,other,other,other,other,other,other,other
3285,subgenre-theme,novela de costumbres,other,2000,word,tfidf,8,nh0105,novela de costumbres,novela de costumbres,novela de costumbres,novela de costumbres,novela de costumbres,novela de costumbres,novela de costumbres,novela de costumbres,novela de costumbres,novela de costumbres,novela de costumbres
3286,subgenre-theme,novela de costumbres,other,2000,word,tfidf,8,nh0110,other,other,other,other,other,other,other,other,other,other,other
3287,subgenre-theme,novela de costumbres,other,2000,word,tfidf,8,nh0111,other,other,other,other,other,other,other,other,other,other,other
3288,subgenre-theme,novela de costumbres,other,2000,word,tfidf,8,nh0118,novela de costumbres,novela de costumbres,novela de costumbres,novela de costumbres,novela de costumbres,novela de costumbres,novela de costumbres,novela de costumbres,novela de costumbres,novela de costumbres,novela de costumbres
3289,subgenre-theme,novela de costumbres,other,2000,word,tfidf,8,nh0119,other,other,other,other,other,novela de costumbres,other,other,other,other,other
3290,subgenre-theme,novela de costumbres,other,2000,word,tfidf,8,nh0120,novela de costumbres,novela de costumbres,novela de costumbres,novela de costumbres,novela de costumbres,novela de costumbres,novela de costumbres,novela de costumbres,novela de costumbres,novela de costumbres,novela de costumbres
3291,subgenre-theme,novela de costumbres,other,2000,word,tfidf,8,nh0124,other,other,other,other,other,other,other,other,other,other,other
3292,subgenre-theme,novela de costumbres,other,2000,word,tfidf,8,nh0129,novela de costumbres,novela de costumbres,novela de costumbres,novela de costumbres,novela de costumbres,novela de costumbres,novela de costumbres,novela de costumbres,novela de costumbres,novela de costumbres,novela de costumbres
3293,subgenre-theme,novela de costumbres,other,2000,word,tfidf,8,nh0131,novela de costumbres,novela de costumbres,novela de costumbres,novela de costumbres,novela de costumbres,novela de costumbres,novela de costumbres,novela de costumbres,novela de costumbres,novela de costumbres,novela de costumbres
3294,subgenre-theme,novela de costumbres,other,2000,word,tfidf,8,nh0133,novela de costumbres,novela de costumbres,novela de costumbres,novela de costumbres,novela de costumbres,novela de costumbres,novela de costumbres,novela de costumbres,novela de costumbres,novela de costumbres,novela de costumbres
3295,subgenre-theme,novela de costumbres,other,2000,word,tfidf,8,nh0135,novela de costumbres,novela de costumbres,novela de costumbres,novela de costumbres,novela de costumbres,novela de costumbres,novela de costumbres,other,novela de costumbres,novela de costumbres,novela de costumbres
3296,subgenre-theme,novela de costumbres,other,2000,word,tfidf,8,nh0137,novela de costumbres,novela de costumbres,novela de costumbres,novela de costumbres,novela de costumbres,novela de costumbres,novela de costumbres,other,novela de costumbres,novela de costumbres,novela de costumbres
3297,subgenre-theme,novela de costumbres,other,2000,word,tfidf,8,nh0138,novela de costumbres,novela de costumbres,novela de costumbres,novela de costumbres,novela de costumbres,novela de costumbres,novela de costumbres,novela de costumbres,novela de costumbres,novela de costumbres,novela de costumbres
3298,subgenre-theme,novela de costumbres,other,2000,word,tfidf,8,nh0141,novela de costumbres,novela de costumbres,novela de costumbres,novela de costumbres,novela de costumbres,novela de costumbres,novela de costumbres,novela de costumbres,novela de costumbres,novela de costumbres,novela de costumbres
3299,subgenre-theme,novela de costumbres,other,2000,word,tfidf,8,nh0143,other,other,other,other,other,other,other,other,other,other,other
3300,subgenre-theme,novela de costumbres,other,2000,word,tfidf,8,nh0144,novela de costumbres,novela de costumbres,novela de costumbres,novela de costumbres,novela de costumbres,novela de costumbres,novela de costumbres,novela de costumbres,novela de costumbres,novela de costumbres,novela de costumbres
3301,subgenre-theme,novela de costumbres,other,2000,word,tfidf,8,nh0145,other,other,other,other,other,other,other,other,other,other,other
3302,subgenre-theme,novela de costumbres,other,2000,word,tfidf,8,nh0146,other,other,other,other,other,other,novela de costumbres,other,other,other,other
3303,subgenre-theme,novela de costumbres,other,2000,word,tfidf,8,nh0147,novela de costumbres,novela de costumbres,novela de costumbres,novela de costumbres,novela de costumbres,novela de costumbres,novela de costumbres,novela de costumbres,novela de costumbres,novela de costumbres,novela de costumbres
3304,subgenre-theme,novela de costumbres,other,2000,word,tfidf,8,nh0154,other,other,other,other,other,other,other,other,other,other,other
3305,subgenre-theme,novela de costumbres,other,2000,word,tfidf,8,nh0155,other,other,other,other,other,other,novela de costumbres,other,other,other,other
3306,subgenre-theme,novela de costumbres,other,2000,word,tfidf,8,nh0156,other,other,other,other,other,other,novela de costumbres,other,other,other,other
3307,subgenre-theme,novela de costumbres,other,2000,word,tfidf,8,nh0161,other,other,other,other,other,other,other,other,other,other,other
3308,subgenre-theme,novela de costumbres,other,2000,word,tfidf,8,nh0164,novela de costumbres,novela de costumbres,novela de costumbres,novela de costumbres,novela de costumbres,novela de costumbres,novela de costumbres,novela de costumbres,other,novela de costumbres,novela de costumbres
3309,subgenre-theme,novela de costumbres,other,2000,word,tfidf,8,nh0166,other,other,other,other,other,other,other,other,other,other,other
3310,subgenre-theme,novela de costumbres,other,2000,word,tfidf,8,nh0170,other,other,other,other,other,other,other,novela de costumbres,other,other,other
3311,subgenre-theme,novela de costumbres,other,2000,word,tfidf,8,nh0172,novela de costumbres,novela de costumbres,novela de costumbres,novela de costumbres,novela de costumbres,novela de costumbres,novela de costumbres,novela de costumbres,other,novela de costumbres,novela de costumbres
3312,subgenre-theme,novela de costumbres,other,2000,word,tfidf,8,nh0179,novela de costumbres,novela de costumbres,novela de costumbres,novela de costumbres,novela de costumbres,novela de costumbres,novela de costumbres,novela de costumbres,novela de costumbres,novela de costumbres,novela de costumbres
3313,subgenre-theme,novela de costumbres,other,2000,word,tfidf,8,nh0181,other,other,other,other,other,other,other,other,other,other,other
3314,subgenre-theme,novela de costumbres,other,2000,word,tfidf,8,nh0193,other,other,other,other,other,other,other,other,other,other,other
3315,subgenre-theme,novela de costumbres,other,2000,word,tfidf,8,nh0197,novela de costumbres,novela de costumbres,novela de costumbres,novela de costumbres,novela de costumbres,novela de costumbres,novela de costumbres,novela de costumbres,novela de costumbres,novela de costumbres,novela de costumbres
3316,subgenre-theme,novela de costumbres,other,2000,word,tfidf,8,nh0199,novela de costumbres,novela de costumbres,novela de costumbres,novela de costumbres,novela de costumbres,novela de costumbres,novela de costumbres,novela de costumbres,novela de costumbres,novela de costumbres,novela de costumbres
3317,subgenre-theme,novela de costumbres,other,2000,word,tfidf,8,nh0207,other,other,other,other,other,other,other,other,other,other,other
3318,subgenre-theme,novela de costumbres,other,2000,word,tfidf,8,nh0209,other,other,other,other,other,other,other,other,novela de costumbres,other,other
3319,subgenre-theme,novela de costumbres,other,2000,word,tfidf,8,nh0211,other,other,other,other,other,other,other,other,other,other,other
3320,subgenre-theme,novela de costumbres,other,2000,word,tfidf,8,nh0213,novela de costumbres,novela de costumbres,novela de costumbres,novela de costumbres,novela de costumbres,novela de costumbres,novela de costumbres,novela de costumbres,novela de costumbres,novela de costumbres,novela de costumbres
3321,subgenre-theme,novela de costumbres,other,2000,word,tfidf,8,nh0214,novela de costumbres,novela de costumbres,novela de costumbres,novela de costumbres,novela de costumbres,novela de costumbres,novela de costumbres,novela de costumbres,novela de costumbres,novela de costumbres,novela de costumbres
3322,subgenre-theme,novela de costumbres,other,2000,word,tfidf,8,nh0215,other,other,other,other,other,other,other,other,other,other,other
3323,subgenre-theme,novela de costumbres,other,2000,word,tfidf,8,nh0217,novela de costumbres,novela de costumbres,novela de costumbres,novela de costumbres,novela de costumbres,novela de costumbres,novela de costumbres,novela de costumbres,novela de costumbres,novela de costumbres,novela de costumbres
3324,subgenre-theme,novela de costumbres,other,2000,word,tfidf,8,nh0220,novela de costumbres,novela de costumbres,novela de costumbres,novela de costumbres,novela de costumbres,novela de costumbres,novela de costumbres,novela de costumbres,novela de costumbres,novela de costumbres,other
3325,subgenre-theme,novela de costumbres,other,2000,word,tfidf,8,nh0221,other,other,other,other,other,other,other,other,other,other,other
3326,subgenre-theme,novela de costumbres,other,2000,word,tfidf,8,nh0222,other,other,other,other,other,other,other,other,other,other,other
3327,subgenre-theme,novela de costumbres,other,2000,word,tfidf,8,nh0223,other,other,other,other,other,other,other,other,other,novela de costumbres,other
3328,subgenre-theme,novela de costumbres,other,2000,word,tfidf,8,nh0224,other,other,other,other,other,other,other,other,other,novela de costumbres,other
3329,subgenre-theme,novela de costumbres,other,2000,word,tfidf,8,nh0226,other,other,other,other,other,other,other,other,other,novela de costumbres,other
3330,subgenre-theme,novela de costumbres,other,2000,word,tfidf,8,nh0238,novela de costumbres,novela de costumbres,novela de costumbres,novela de costumbres,novela de costumbres,novela de costumbres,novela de costumbres,novela de costumbres,novela de costumbres,novela de costumbres,novela de costumbres
3331,subgenre-theme,novela de costumbres,other,2000,word,tfidf,8,nh0240,other,other,other,other,other,other,other,other,other,other,other
3332,subgenre-theme,novela de costumbres,other,2000,word,tfidf,8,nh0241,other,other,other,other,other,other,other,other,other,other,other
3333,subgenre-theme,novela de costumbres,other,2000,word,tfidf,8,nh0242,novela de costumbres,novela de costumbres,novela de costumbres,novela de costumbres,novela de costumbres,novela de costumbres,novela de costumbres,novela de costumbres,novela de costumbres,novela de costumbres,novela de costumbres
3334,subgenre-theme,novela de costumbres,other,2000,word,tfidf,8,nh0244,other,other,other,other,other,other,other,other,other,other,novela de costumbres
3335,subgenre-theme,novela de costumbres,other,2000,word,tfidf,8,nh0245,other,other,other,other,other,other,other,other,other,other,other
3336,subgenre-theme,novela de costumbres,other,2000,word,tfidf,8,nh0246,novela de costumbres,novela de costumbres,novela de costumbres,novela de costumbres,novela de costumbres,novela de costumbres,novela de costumbres,novela de costumbres,novela de costumbres,novela de costumbres,other
3337,subgenre-theme,novela de costumbres,other,2000,word,tfidf,8,nh0251,other,other,other,other,other,other,other,other,other,other,other
3338,subgenre-theme,novela de costumbres,other,2000,word,tfidf,8,nh0252,other,other,other,other,other,other,other,other,other,other,other
3339,subgenre-theme,novela de costumbres,other,2000,word,tfidf,8,nh0253,other,other,other,other,other,other,other,other,other,other,novela de costumbres
3340,subgenre-theme,novela de costumbres,other,2000,word,tfidf,9,nh0001,novela de costumbres,novela de costumbres,novela de costumbres,novela de costumbres,novela de costumbres,novela de costumbres,novela de costumbres,novela de costumbres,novela de costumbres,novela de costumbres,novela de costumbres
3341,subgenre-theme,novela de costumbres,other,2000,word,tfidf,9,nh0005,novela de costumbres,novela de costumbres,novela de costumbres,novela de costumbres,novela de costumbres,novela de costumbres,novela de costumbres,novela de costumbres,novela de costumbres,novela de costumbres,novela de costumbres
3342,subgenre-theme,novela de costumbres,other,2000,word,tfidf,9,nh0007,other,novela de costumbres,other,other,other,other,other,other,other,other,other
3343,subgenre-theme,novela de costumbres,other,2000,word,tfidf,9,nh0008,novela de costumbres,other,novela de costumbres,novela de costumbres,novela de costumbres,novela de costumbres,novela de costumbres,novela de costumbres,novela de costumbres,novela de costumbres,novela de costumbres
3344,subgenre-theme,novela de costumbres,other,2000,word,tfidf,9,nh0009,other,other,other,other,other,other,other,other,other,other,other
3345,subgenre-theme,novela de costumbres,other,2000,word,tfidf,9,nh0010,novela de costumbres,novela de costumbres,novela de costumbres,novela de costumbres,novela de costumbres,novela de costumbres,novela de costumbres,novela de costumbres,novela de costumbres,novela de costumbres,novela de costumbres
3346,subgenre-theme,novela de costumbres,other,2000,word,tfidf,9,nh0011,other,other,other,other,other,other,other,other,other,other,other
3347,subgenre-theme,novela de costumbres,other,2000,word,tfidf,9,nh0014,other,other,other,other,other,other,other,other,other,other,other
3348,subgenre-theme,novela de costumbres,other,2000,word,tfidf,9,nh0017,other,other,other,other,other,other,other,other,other,other,other
3349,subgenre-theme,novela de costumbres,other,2000,word,tfidf,9,nh0019,other,other,other,other,other,other,other,other,other,other,other
3350,subgenre-theme,novela de costumbres,other,2000,word,tfidf,9,nh0021,other,other,other,other,other,other,other,other,other,other,other
3351,subgenre-theme,novela de costumbres,other,2000,word,tfidf,9,nh0022,other,other,other,other,other,other,other,other,other,other,other
3352,subgenre-theme,novela de costumbres,other,2000,word,tfidf,9,nh0027,novela de costumbres,novela de costumbres,novela de costumbres,novela de costumbres,novela de costumbres,novela de costumbres,novela de costumbres,novela de costumbres,novela de costumbres,novela de costumbres,novela de costumbres
3353,subgenre-theme,novela de costumbres,other,2000,word,tfidf,9,nh0029,other,other,other,other,other,other,other,other,other,other,other
3354,subgenre-theme,novela de costumbres,other,2000,word,tfidf,9,nh0030,other,other,other,other,other,other,other,other,other,other,other
3355,subgenre-theme,novela de costumbres,other,2000,word,tfidf,9,nh0031,other,other,other,other,other,other,other,other,other,other,other
3356,subgenre-theme,novela de costumbres,other,2000,word,tfidf,9,nh0034,other,other,other,other,other,other,other,other,other,other,other
3357,subgenre-theme,novela de costumbres,other,2000,word,tfidf,9,nh0036,novela de costumbres,novela de costumbres,other,novela de costumbres,novela de costumbres,novela de costumbres,novela de costumbres,novela de costumbres,novela de costumbres,novela de costumbres,novela de costumbres
3358,subgenre-theme,novela de costumbres,other,2000,word,tfidf,9,nh0039,novela de costumbres,novela de costumbres,other,novela de costumbres,novela de costumbres,novela de costumbres,novela de costumbres,novela de costumbres,novela de costumbres,novela de costumbres,novela de costumbres
3359,subgenre-theme,novela de costumbres,other,2000,word,tfidf,9,nh0040,other,other,other,other,other,other,other,other,other,other,other
3360,subgenre-theme,novela de costumbres,other,2000,word,tfidf,9,nh0042,novela de costumbres,novela de costumbres,novela de costumbres,novela de costumbres,novela de costumbres,novela de costumbres,novela de costumbres,novela de costumbres,novela de costumbres,novela de costumbres,novela de costumbres
3361,subgenre-theme,novela de costumbres,other,2000,word,tfidf,9,nh0046,other,other,other,novela de costumbres,other,other,other,other,other,other,other
3362,subgenre-theme,novela de costumbres,other,2000,word,tfidf,9,nh0048,novela de costumbres,novela de costumbres,other,novela de costumbres,novela de costumbres,novela de costumbres,novela de costumbres,novela de costumbres,novela de costumbres,novela de costumbres,novela de costumbres
3363,subgenre-theme,novela de costumbres,other,2000,word,tfidf,9,nh0050,novela de costumbres,novela de costumbres,novela de costumbres,novela de costumbres,novela de costumbres,novela de costumbres,novela de costumbres,novela de costumbres,novela de costumbres,novela de costumbres,novela de costumbres
3364,subgenre-theme,novela de costumbres,other,2000,word,tfidf,9,nh0051,novela de costumbres,novela de costumbres,novela de costumbres,novela de costumbres,novela de costumbres,novela de costumbres,novela de costumbres,novela de costumbres,novela de costumbres,novela de costumbres,novela de costumbres
3365,subgenre-theme,novela de costumbres,other,2000,word,tfidf,9,nh0057,novela de costumbres,novela de costumbres,novela de costumbres,novela de costumbres,novela de costumbres,novela de costumbres,novela de costumbres,novela de costumbres,novela de costumbres,novela de costumbres,novela de costumbres
3366,subgenre-theme,novela de costumbres,other,2000,word,tfidf,9,nh0061,novela de costumbres,novela de costumbres,novela de costumbres,novela de costumbres,novela de costumbres,novela de costumbres,novela de costumbres,novela de costumbres,novela de costumbres,novela de costumbres,novela de costumbres
3367,subgenre-theme,novela de costumbres,other,2000,word,tfidf,9,nh0062,novela de costumbres,novela de costumbres,novela de costumbres,novela de costumbres,novela de costumbres,novela de costumbres,novela de costumbres,novela de costumbres,novela de costumbres,novela de costumbres,novela de costumbres
3368,subgenre-theme,novela de costumbres,other,2000,word,tfidf,9,nh0063,novela de costumbres,novela de costumbres,novela de costumbres,novela de costumbres,novela de costumbres,novela de costumbres,novela de costumbres,novela de costumbres,novela de costumbres,novela de costumbres,novela de costumbres
3369,subgenre-theme,novela de costumbres,other,2000,word,tfidf,9,nh0065,novela de costumbres,novela de costumbres,novela de costumbres,novela de costumbres,novela de costumbres,novela de costumbres,novela de costumbres,novela de costumbres,novela de costumbres,novela de costumbres,novela de costumbres
3370,subgenre-theme,novela de costumbres,other,2000,word,tfidf,9,nh0066,novela de costumbres,novela de costumbres,novela de costumbres,novela de costumbres,novela de costumbres,novela de costumbres,novela de costumbres,novela de costumbres,novela de costumbres,novela de costumbres,novela de costumbres
3371,subgenre-theme,novela de costumbres,other,2000,word,tfidf,9,nh0067,other,other,other,other,other,other,other,other,other,other,other
3372,subgenre-theme,novela de costumbres,other,2000,word,tfidf,9,nh0068,other,other,other,other,novela de costumbres,other,other,other,other,other,other
3373,subgenre-theme,novela de costumbres,other,2000,word,tfidf,9,nh0070,novela de costumbres,novela de costumbres,novela de costumbres,novela de costumbres,novela de costumbres,novela de costumbres,novela de costumbres,novela de costumbres,novela de costumbres,novela de costumbres,novela de costumbres
3374,subgenre-theme,novela de costumbres,other,2000,word,tfidf,9,nh0071,novela de costumbres,novela de costumbres,novela de costumbres,novela de costumbres,novela de costumbres,novela de costumbres,novela de costumbres,novela de costumbres,novela de costumbres,novela de costumbres,novela de costumbres
3375,subgenre-theme,novela de costumbres,other,2000,word,tfidf,9,nh0073,novela de costumbres,novela de costumbres,novela de costumbres,novela de costumbres,other,novela de costumbres,novela de costumbres,novela de costumbres,novela de costumbres,novela de costumbres,novela de costumbres
3376,subgenre-theme,novela de costumbres,other,2000,word,tfidf,9,nh0077,novela de costumbres,novela de costumbres,novela de costumbres,novela de costumbres,novela de costumbres,novela de costumbres,novela de costumbres,novela de costumbres,novela de costumbres,novela de costumbres,novela de costumbres
3377,subgenre-theme,novela de costumbres,other,2000,word,tfidf,9,nh0078,novela de costumbres,novela de costumbres,novela de costumbres,novela de costumbres,novela de costumbres,novela de costumbres,novela de costumbres,novela de costumbres,novela de costumbres,novela de costumbres,novela de costumbres
3378,subgenre-theme,novela de costumbres,other,2000,word,tfidf,9,nh0079,novela de costumbres,novela de costumbres,novela de costumbres,novela de costumbres,novela de costumbres,novela de costumbres,novela de costumbres,novela de costumbres,novela de costumbres,novela de costumbres,novela de costumbres
3379,subgenre-theme,novela de costumbres,other,2000,word,tfidf,9,nh0083,other,other,other,other,other,other,other,other,other,other,other
3380,subgenre-theme,novela de costumbres,other,2000,word,tfidf,9,nh0086,other,other,other,other,other,other,other,other,other,other,other
3381,subgenre-theme,novela de costumbres,other,2000,word,tfidf,9,nh0090,novela de costumbres,novela de costumbres,novela de costumbres,novela de costumbres,novela de costumbres,novela de costumbres,novela de costumbres,novela de costumbres,novela de costumbres,novela de costumbres,novela de costumbres
3382,subgenre-theme,novela de costumbres,other,2000,word,tfidf,9,nh0091,other,other,other,other,other,other,other,other,other,other,other
3383,subgenre-theme,novela de costumbres,other,2000,word,tfidf,9,nh0092,other,other,other,other,other,other,other,other,other,other,other
3384,subgenre-theme,novela de costumbres,other,2000,word,tfidf,9,nh0093,novela de costumbres,novela de costumbres,novela de costumbres,novela de costumbres,novela de costumbres,novela de costumbres,novela de costumbres,novela de costumbres,novela de costumbres,novela de costumbres,novela de costumbres
3385,subgenre-theme,novela de costumbres,other,2000,word,tfidf,9,nh0095,other,other,other,other,other,novela de costumbres,other,other,other,other,other
3386,subgenre-theme,novela de costumbres,other,2000,word,tfidf,9,nh0099,other,other,other,other,other,other,other,other,other,other,other
3387,subgenre-theme,novela de costumbres,other,2000,word,tfidf,9,nh0101,novela de costumbres,novela de costumbres,novela de costumbres,novela de costumbres,novela de costumbres,novela de costumbres,novela de costumbres,novela de costumbres,novela de costumbres,novela de costumbres,novela de costumbres
3388,subgenre-theme,novela de costumbres,other,2000,word,tfidf,9,nh0105,novela de costumbres,novela de costumbres,novela de costumbres,novela de costumbres,novela de costumbres,novela de costumbres,novela de costumbres,novela de costumbres,novela de costumbres,novela de costumbres,novela de costumbres
3389,subgenre-theme,novela de costumbres,other,2000,word,tfidf,9,nh0110,other,other,other,other,other,other,other,other,other,other,other
3390,subgenre-theme,novela de costumbres,other,2000,word,tfidf,9,nh0114,other,other,other,other,other,novela de costumbres,other,other,other,other,other
3391,subgenre-theme,novela de costumbres,other,2000,word,tfidf,9,nh0118,novela de costumbres,novela de costumbres,novela de costumbres,novela de costumbres,novela de costumbres,novela de costumbres,novela de costumbres,novela de costumbres,novela de costumbres,novela de costumbres,novela de costumbres
3392,subgenre-theme,novela de costumbres,other,2000,word,tfidf,9,nh0120,novela de costumbres,novela de costumbres,novela de costumbres,novela de costumbres,novela de costumbres,novela de costumbres,novela de costumbres,novela de costumbres,novela de costumbres,novela de costumbres,novela de costumbres
3393,subgenre-theme,novela de costumbres,other,2000,word,tfidf,9,nh0122,other,other,other,other,other,other,other,other,other,other,other
3394,subgenre-theme,novela de costumbres,other,2000,word,tfidf,9,nh0128,other,other,other,other,other,other,other,other,other,other,other
3395,subgenre-theme,novela de costumbres,other,2000,word,tfidf,9,nh0129,novela de costumbres,novela de costumbres,novela de costumbres,novela de costumbres,novela de costumbres,novela de costumbres,novela de costumbres,novela de costumbres,novela de costumbres,novela de costumbres,novela de costumbres
3396,subgenre-theme,novela de costumbres,other,2000,word,tfidf,9,nh0130,other,other,other,other,other,other,other,other,other,other,other
3397,subgenre-theme,novela de costumbres,other,2000,word,tfidf,9,nh0131,novela de costumbres,novela de costumbres,novela de costumbres,novela de costumbres,novela de costumbres,novela de costumbres,novela de costumbres,novela de costumbres,novela de costumbres,novela de costumbres,novela de costumbres
3398,subgenre-theme,novela de costumbres,other,2000,word,tfidf,9,nh0133,novela de costumbres,novela de costumbres,novela de costumbres,novela de costumbres,novela de costumbres,novela de costumbres,novela de costumbres,novela de costumbres,novela de costumbres,novela de costumbres,novela de costumbres
3399,subgenre-theme,novela de costumbres,other,2000,word,tfidf,9,nh0135,novela de costumbres,novela de costumbres,novela de costumbres,novela de costumbres,novela de costumbres,novela de costumbres,novela de costumbres,other,novela de costumbres,novela de costumbres,novela de costumbres
3400,subgenre-theme,novela de costumbres,other,2000,word,tfidf,9,nh0137,novela de costumbres,novela de costumbres,novela de costumbres,novela de costumbres,novela de costumbres,novela de costumbres,novela de costumbres,novela de costumbres,novela de costumbres,novela de costumbres,novela de costumbres
3401,subgenre-theme,novela de costumbres,other,2000,word,tfidf,9,nh0138,novela de costumbres,novela de costumbres,novela de costumbres,novela de costumbres,novela de costumbres,novela de costumbres,novela de costumbres,novela de costumbres,novela de costumbres,novela de costumbres,novela de costumbres
3402,subgenre-theme,novela de costumbres,other,2000,word,tfidf,9,nh0141,novela de costumbres,novela de costumbres,novela de costumbres,novela de costumbres,novela de costumbres,novela de costumbres,novela de costumbres,novela de costumbres,novela de costumbres,novela de costumbres,novela de costumbres
3403,subgenre-theme,novela de costumbres,other,2000,word,tfidf,9,nh0144,novela de costumbres,novela de costumbres,novela de costumbres,novela de costumbres,novela de costumbres,novela de costumbres,novela de costumbres,novela de costumbres,novela de costumbres,novela de costumbres,novela de costumbres
3404,subgenre-theme,novela de costumbres,other,2000,word,tfidf,9,nh0147,novela de costumbres,novela de costumbres,novela de costumbres,novela de costumbres,novela de costumbres,novela de costumbres,novela de costumbres,novela de costumbres,novela de costumbres,novela de costumbres,novela de costumbres
3405,subgenre-theme,novela de costumbres,other,2000,word,tfidf,9,nh0156,other,other,other,other,other,other,novela de costumbres,other,other,other,other
3406,subgenre-theme,novela de costumbres,other,2000,word,tfidf,9,nh0164,novela de costumbres,novela de costumbres,novela de costumbres,novela de costumbres,novela de costumbres,novela de costumbres,novela de costumbres,novela de costumbres,other,novela de costumbres,novela de costumbres
3407,subgenre-theme,novela de costumbres,other,2000,word,tfidf,9,nh0167,other,other,other,other,other,other,other,other,other,other,other
3408,subgenre-theme,novela de costumbres,other,2000,word,tfidf,9,nh0172,novela de costumbres,novela de costumbres,novela de costumbres,novela de costumbres,novela de costumbres,novela de costumbres,novela de costumbres,novela de costumbres,other,novela de costumbres,novela de costumbres
3409,subgenre-theme,novela de costumbres,other,2000,word,tfidf,9,nh0179,novela de costumbres,novela de costumbres,novela de costumbres,novela de costumbres,novela de costumbres,novela de costumbres,novela de costumbres,novela de costumbres,novela de costumbres,novela de costumbres,novela de costumbres
3410,subgenre-theme,novela de costumbres,other,2000,word,tfidf,9,nh0181,other,other,other,other,other,other,other,other,other,other,other
3411,subgenre-theme,novela de costumbres,other,2000,word,tfidf,9,nh0183,other,other,other,other,other,other,other,other,other,other,other
3412,subgenre-theme,novela de costumbres,other,2000,word,tfidf,9,nh0185,other,other,other,other,other,other,other,other,other,other,other
3413,subgenre-theme,novela de costumbres,other,2000,word,tfidf,9,nh0186,other,other,other,other,other,other,other,other,other,other,other
3414,subgenre-theme,novela de costumbres,other,2000,word,tfidf,9,nh0187,other,other,other,other,other,other,other,other,other,other,other
3415,subgenre-theme,novela de costumbres,other,2000,word,tfidf,9,nh0190,other,other,other,other,other,other,other,other,other,other,other
3416,subgenre-theme,novela de costumbres,other,2000,word,tfidf,9,nh0197,novela de costumbres,novela de costumbres,novela de costumbres,novela de costumbres,novela de costumbres,novela de costumbres,novela de costumbres,novela de costumbres,novela de costumbres,novela de costumbres,novela de costumbres
3417,subgenre-theme,novela de costumbres,other,2000,word,tfidf,9,nh0199,novela de costumbres,novela de costumbres,novela de costumbres,novela de costumbres,novela de costumbres,novela de costumbres,novela de costumbres,novela de costumbres,novela de costumbres,novela de costumbres,novela de costumbres
3418,subgenre-theme,novela de costumbres,other,2000,word,tfidf,9,nh0201,other,other,other,other,other,other,other,other,other,other,other
3419,subgenre-theme,novela de costumbres,other,2000,word,tfidf,9,nh0207,other,other,other,other,other,other,other,other,other,other,other
3420,subgenre-theme,novela de costumbres,other,2000,word,tfidf,9,nh0209,other,other,other,other,other,other,other,other,other,other,other
3421,subgenre-theme,novela de costumbres,other,2000,word,tfidf,9,nh0210,other,other,other,other,other,other,other,other,other,other,other
3422,subgenre-theme,novela de costumbres,other,2000,word,tfidf,9,nh0212,other,other,other,other,other,other,other,other,other,other,other
3423,subgenre-theme,novela de costumbres,other,2000,word,tfidf,9,nh0213,novela de costumbres,novela de costumbres,novela de costumbres,novela de costumbres,novela de costumbres,novela de costumbres,novela de costumbres,novela de costumbres,novela de costumbres,novela de costumbres,novela de costumbres
3424,subgenre-theme,novela de costumbres,other,2000,word,tfidf,9,nh0214,novela de costumbres,novela de costumbres,novela de costumbres,novela de costumbres,novela de costumbres,novela de costumbres,novela de costumbres,novela de costumbres,novela de costumbres,novela de costumbres,novela de costumbres
3425,subgenre-theme,novela de costumbres,other,2000,word,tfidf,9,nh0217,novela de costumbres,novela de costumbres,novela de costumbres,novela de costumbres,novela de costumbres,novela de costumbres,novela de costumbres,novela de costumbres,novela de costumbres,novela de costumbres,novela de costumbres
3426,subgenre-theme,novela de costumbres,other,2000,word,tfidf,9,nh0219,other,other,other,other,other,other,other,other,other,novela de costumbres,other
3427,subgenre-theme,novela de costumbres,other,2000,word,tfidf,9,nh0220,novela de costumbres,novela de costumbres,novela de costumbres,novela de costumbres,novela de costumbres,novela de costumbres,novela de costumbres,novela de costumbres,novela de costumbres,novela de costumbres,other
3428,subgenre-theme,novela de costumbres,other,2000,word,tfidf,9,nh0221,other,other,other,other,other,other,other,other,other,other,other
3429,subgenre-theme,novela de costumbres,other,2000,word,tfidf,9,nh0223,other,other,other,other,other,other,other,other,other,novela de costumbres,other
3430,subgenre-theme,novela de costumbres,other,2000,word,tfidf,9,nh0225,other,other,other,other,other,other,other,other,other,other,other
3431,subgenre-theme,novela de costumbres,other,2000,word,tfidf,9,nh0227,other,other,other,other,other,other,other,other,other,other,other
3432,subgenre-theme,novela de costumbres,other,2000,word,tfidf,9,nh0229,other,other,other,other,other,other,other,other,other,other,other
3433,subgenre-theme,novela de costumbres,other,2000,word,tfidf,9,nh0232,other,other,other,other,other,other,other,other,other,other,novela de costumbres
3434,subgenre-theme,novela de costumbres,other,2000,word,tfidf,9,nh0233,other,other,other,other,other,other,other,other,other,other,novela de costumbres
3435,subgenre-theme,novela de costumbres,other,2000,word,tfidf,9,nh0238,novela de costumbres,novela de costumbres,novela de costumbres,novela de costumbres,novela de costumbres,novela de costumbres,novela de costumbres,novela de costumbres,novela de costumbres,novela de costumbres,other
3436,subgenre-theme,novela de costumbres,other,2000,word,tfidf,9,nh0242,novela de costumbres,novela de costumbres,novela de costumbres,novela de costumbres,novela de costumbres,novela de costumbres,novela de costumbres,novela de costumbres,novela de costumbres,novela de costumbres,novela de costumbres
3437,subgenre-theme,novela de costumbres,other,2000,word,tfidf,9,nh0246,novela de costumbres,novela de costumbres,novela de costumbres,novela de costumbres,novela de costumbres,novela de costumbres,novela de costumbres,novela de costumbres,novela de costumbres,novela de costumbres,other
3438,subgenre-theme,novela de costumbres,other,2000,word,tfidf,9,nh0247,other,other,other,other,other,other,other,other,other,other,other
3439,subgenre-theme,novela de costumbres,other,2000,word,tfidf,9,nh0249,other,other,other,other,other,other,other,other,other,other,other
3440,subgenre-theme,novela histórica,novela sentimental,2000,word,tfidf,0,nh0003,novela sentimental,novela sentimental,novela sentimental,novela sentimental,novela sentimental,novela sentimental,novela sentimental,novela sentimental,novela sentimental,novela sentimental,novela sentimental
3441,subgenre-theme,novela histórica,novela sentimental,2000,word,tfidf,0,nh0004,novela histórica,novela histórica,novela histórica,novela histórica,novela histórica,novela histórica,novela histórica,novela histórica,novela histórica,novela histórica,novela histórica
3442,subgenre-theme,novela histórica,novela sentimental,2000,word,tfidf,0,nh0006,novela sentimental,novela sentimental,novela sentimental,novela sentimental,novela sentimental,novela sentimental,novela sentimental,novela sentimental,novela sentimental,novela sentimental,novela sentimental
3443,subgenre-theme,novela histórica,novela sentimental,2000,word,tfidf,0,nh0013,novela sentimental,novela sentimental,novela sentimental,novela sentimental,novela sentimental,novela sentimental,novela sentimental,novela sentimental,novela sentimental,novela sentimental,novela sentimental
3444,subgenre-theme,novela histórica,novela sentimental,2000,word,tfidf,0,nh0014,novela sentimental,novela sentimental,novela sentimental,novela sentimental,novela sentimental,novela sentimental,novela sentimental,novela sentimental,novela sentimental,novela sentimental,novela sentimental
3445,subgenre-theme,novela histórica,novela sentimental,2000,word,tfidf,0,nh0015,novela histórica,novela histórica,novela histórica,novela histórica,novela histórica,novela histórica,novela histórica,novela histórica,novela histórica,novela histórica,novela histórica
3446,subgenre-theme,novela histórica,novela sentimental,2000,word,tfidf,0,nh0017,novela histórica,novela histórica,novela histórica,novela histórica,novela histórica,novela histórica,novela histórica,novela histórica,novela histórica,novela histórica,novela histórica
3447,subgenre-theme,novela histórica,novela sentimental,2000,word,tfidf,0,nh0018,novela sentimental,novela sentimental,novela sentimental,novela sentimental,novela sentimental,novela sentimental,novela sentimental,novela sentimental,novela sentimental,novela sentimental,novela sentimental
3448,subgenre-theme,novela histórica,novela sentimental,2000,word,tfidf,0,nh0021,novela sentimental,novela sentimental,novela sentimental,novela sentimental,novela sentimental,novela sentimental,novela sentimental,novela sentimental,novela sentimental,novela sentimental,novela sentimental
3449,subgenre-theme,novela histórica,novela sentimental,2000,word,tfidf,0,nh0022,novela histórica,novela histórica,novela histórica,novela histórica,novela histórica,novela histórica,novela histórica,novela histórica,novela histórica,novela histórica,novela histórica
3450,subgenre-theme,novela histórica,novela sentimental,2000,word,tfidf,0,nh0025,novela histórica,novela histórica,novela histórica,novela histórica,novela histórica,novela histórica,novela histórica,novela histórica,novela histórica,novela histórica,novela histórica
3451,subgenre-theme,novela histórica,novela sentimental,2000,word,tfidf,0,nh0026,novela histórica,novela histórica,novela histórica,novela histórica,novela histórica,novela histórica,novela histórica,novela histórica,novela histórica,novela histórica,novela histórica
3452,subgenre-theme,novela histórica,novela sentimental,2000,word,tfidf,0,nh0034,novela sentimental,novela sentimental,novela sentimental,novela sentimental,novela sentimental,novela sentimental,novela sentimental,novela sentimental,novela sentimental,novela sentimental,novela sentimental
3453,subgenre-theme,novela histórica,novela sentimental,2000,word,tfidf,0,nh0035,novela histórica,novela histórica,novela histórica,novela histórica,novela histórica,novela histórica,novela histórica,novela histórica,novela histórica,novela histórica,novela histórica
3454,subgenre-theme,novela histórica,novela sentimental,2000,word,tfidf,0,nh0040,novela histórica,novela histórica,novela sentimental,novela histórica,novela histórica,novela histórica,novela histórica,novela histórica,novela histórica,novela histórica,novela histórica
3455,subgenre-theme,novela histórica,novela sentimental,2000,word,tfidf,0,nh0041,novela histórica,novela histórica,novela histórica,novela histórica,novela histórica,novela histórica,novela histórica,novela histórica,novela histórica,novela histórica,novela histórica
3456,subgenre-theme,novela histórica,novela sentimental,2000,word,tfidf,0,nh0043,novela sentimental,novela sentimental,novela sentimental,novela sentimental,novela sentimental,novela sentimental,novela sentimental,novela sentimental,novela sentimental,novela sentimental,novela sentimental
3457,subgenre-theme,novela histórica,novela sentimental,2000,word,tfidf,0,nh0045,novela sentimental,novela sentimental,novela histórica,novela sentimental,novela sentimental,novela sentimental,novela sentimental,novela sentimental,novela sentimental,novela sentimental,novela sentimental
3458,subgenre-theme,novela histórica,novela sentimental,2000,word,tfidf,0,nh0049,novela histórica,novela histórica,novela histórica,novela histórica,novela histórica,novela histórica,novela histórica,novela histórica,novela histórica,novela histórica,novela histórica
3459,subgenre-theme,novela histórica,novela sentimental,2000,word,tfidf,0,nh0054,novela histórica,novela histórica,novela histórica,novela histórica,novela histórica,novela histórica,novela histórica,novela histórica,novela histórica,novela histórica,novela histórica
3460,subgenre-theme,novela histórica,novela sentimental,2000,word,tfidf,0,nh0055,novela histórica,novela histórica,novela histórica,novela histórica,novela histórica,novela histórica,novela histórica,novela histórica,novela histórica,novela histórica,novela histórica
3461,subgenre-theme,novela histórica,novela sentimental,2000,word,tfidf,0,nh0056,novela histórica,novela histórica,novela histórica,novela histórica,novela histórica,novela histórica,novela histórica,novela histórica,novela histórica,novela histórica,novela histórica
3462,subgenre-theme,novela histórica,novela sentimental,2000,word,tfidf,0,nh0068,novela sentimental,novela sentimental,novela sentimental,novela sentimental,novela sentimental,novela sentimental,novela sentimental,novela sentimental,novela sentimental,novela sentimental,novela sentimental
3463,subgenre-theme,novela histórica,novela sentimental,2000,word,tfidf,0,nh0069,novela histórica,novela histórica,novela histórica,novela histórica,novela histórica,novela histórica,novela histórica,novela histórica,novela histórica,novela histórica,novela histórica
3464,subgenre-theme,novela histórica,novela sentimental,2000,word,tfidf,0,nh0072,novela sentimental,novela sentimental,novela histórica,novela sentimental,novela sentimental,novela sentimental,novela sentimental,novela sentimental,novela sentimental,novela sentimental,novela sentimental
3465,subgenre-theme,novela histórica,novela sentimental,2000,word,tfidf,0,nh0076,novela sentimental,novela sentimental,novela sentimental,novela sentimental,novela sentimental,novela sentimental,novela sentimental,novela sentimental,novela sentimental,novela sentimental,novela sentimental
3466,subgenre-theme,novela histórica,novela sentimental,2000,word,tfidf,0,nh0081,novela histórica,novela histórica,novela histórica,novela histórica,novela histórica,novela histórica,novela histórica,novela histórica,novela histórica,novela histórica,novela histórica
3467,subgenre-theme,novela histórica,novela sentimental,2000,word,tfidf,0,nh0082,novela sentimental,novela sentimental,novela sentimental,novela sentimental,novela sentimental,novela sentimental,novela sentimental,novela sentimental,novela sentimental,novela sentimental,novela sentimental
3468,subgenre-theme,novela histórica,novela sentimental,2000,word,tfidf,0,nh0084,novela histórica,novela histórica,novela histórica,novela histórica,novela histórica,novela histórica,novela histórica,novela histórica,novela histórica,novela histórica,novela histórica
3469,subgenre-theme,novela histórica,novela sentimental,2000,word,tfidf,0,nh0087,novela sentimental,novela sentimental,novela sentimental,novela sentimental,novela sentimental,novela sentimental,novela sentimental,novela sentimental,novela sentimental,novela sentimental,novela sentimental
3470,subgenre-theme,novela histórica,novela sentimental,2000,word,tfidf,0,nh0089,novela sentimental,novela sentimental,novela sentimental,novela sentimental,novela sentimental,novela sentimental,novela sentimental,novela sentimental,novela sentimental,novela sentimental,novela sentimental
3471,subgenre-theme,novela histórica,novela sentimental,2000,word,tfidf,0,nh0091,novela histórica,novela histórica,novela histórica,novela histórica,novela histórica,novela histórica,novela histórica,novela histórica,novela histórica,novela histórica,novela histórica
3472,subgenre-theme,novela histórica,novela sentimental,2000,word,tfidf,0,nh0092,novela sentimental,novela sentimental,novela sentimental,novela sentimental,novela sentimental,novela sentimental,novela sentimental,novela sentimental,novela sentimental,novela sentimental,novela sentimental
3473,subgenre-theme,novela histórica,novela sentimental,2000,word,tfidf,0,nh0094,novela histórica,novela histórica,novela histórica,novela histórica,novela histórica,novela histórica,novela histórica,novela histórica,novela histórica,novela histórica,novela histórica
3474,subgenre-theme,novela histórica,novela sentimental,2000,word,tfidf,0,nh0096,novela sentimental,novela sentimental,novela sentimental,novela sentimental,novela sentimental,novela sentimental,novela sentimental,novela sentimental,novela sentimental,novela sentimental,novela sentimental
3475,subgenre-theme,novela histórica,novela sentimental,2000,word,tfidf,0,nh0097,novela histórica,novela histórica,novela histórica,novela histórica,novela histórica,novela histórica,novela histórica,novela histórica,novela histórica,novela histórica,novela histórica
3476,subgenre-theme,novela histórica,novela sentimental,2000,word,tfidf,0,nh0098,novela sentimental,novela sentimental,novela sentimental,novela sentimental,novela sentimental,novela sentimental,novela sentimental,novela sentimental,novela sentimental,novela sentimental,novela sentimental
3477,subgenre-theme,novela histórica,novela sentimental,2000,word,tfidf,0,nh0099,novela sentimental,novela sentimental,novela sentimental,novela sentimental,novela sentimental,novela sentimental,novela sentimental,novela sentimental,novela sentimental,novela sentimental,novela sentimental
3478,subgenre-theme,novela histórica,novela sentimental,2000,word,tfidf,0,nh0102,novela sentimental,novela sentimental,novela sentimental,novela sentimental,novela sentimental,novela sentimental,novela sentimental,novela sentimental,novela sentimental,novela sentimental,novela sentimental
3479,subgenre-theme,novela histórica,novela sentimental,2000,word,tfidf,0,nh0103,novela histórica,novela histórica,novela histórica,novela histórica,novela sentimental,novela histórica,novela histórica,novela histórica,novela histórica,novela histórica,novela histórica
3480,subgenre-theme,novela histórica,novela sentimental,2000,word,tfidf,0,nh0104,novela sentimental,novela sentimental,novela sentimental,novela sentimental,novela sentimental,novela sentimental,novela sentimental,novela sentimental,novela sentimental,novela sentimental,novela sentimental
3481,subgenre-theme,novela histórica,novela sentimental,2000,word,tfidf,0,nh0106,novela histórica,novela histórica,novela histórica,novela histórica,novela histórica,novela histórica,novela histórica,novela histórica,novela histórica,novela histórica,novela histórica
3482,subgenre-theme,novela histórica,novela sentimental,2000,word,tfidf,0,nh0108,novela histórica,novela histórica,novela histórica,novela histórica,novela histórica,novela histórica,novela histórica,novela histórica,novela histórica,novela histórica,novela histórica
3483,subgenre-theme,novela histórica,novela sentimental,2000,word,tfidf,0,nh0111,novela histórica,novela histórica,novela histórica,novela histórica,novela histórica,novela histórica,novela histórica,novela histórica,novela histórica,novela histórica,novela histórica
3484,subgenre-theme,novela histórica,novela sentimental,2000,word,tfidf,0,nh0115,novela histórica,novela histórica,novela histórica,novela histórica,novela histórica,novela histórica,novela histórica,novela histórica,novela histórica,novela histórica,novela histórica
3485,subgenre-theme,novela histórica,novela sentimental,2000,word,tfidf,0,nh0116,novela histórica,novela histórica,novela histórica,novela histórica,novela histórica,novela histórica,novela histórica,novela histórica,novela histórica,novela histórica,novela histórica
3486,subgenre-theme,novela histórica,novela sentimental,2000,word,tfidf,0,nh0119,novela sentimental,novela sentimental,novela sentimental,novela sentimental,novela sentimental,novela sentimental,novela sentimental,novela sentimental,novela sentimental,novela sentimental,novela sentimental
3487,subgenre-theme,novela histórica,novela sentimental,2000,word,tfidf,0,nh0122,novela histórica,novela histórica,novela histórica,novela histórica,novela histórica,novela histórica,novela histórica,novela histórica,novela histórica,novela histórica,novela histórica
3488,subgenre-theme,novela histórica,novela sentimental,2000,word,tfidf,0,nh0123,novela sentimental,novela sentimental,novela sentimental,novela sentimental,novela sentimental,novela sentimental,novela sentimental,novela sentimental,novela sentimental,novela sentimental,novela sentimental
3489,subgenre-theme,novela histórica,novela sentimental,2000,word,tfidf,0,nh0125,novela histórica,novela histórica,novela histórica,novela histórica,novela histórica,novela histórica,novela histórica,novela histórica,novela histórica,novela histórica,novela histórica
3490,subgenre-theme,novela histórica,novela sentimental,2000,word,tfidf,0,nh0130,novela sentimental,novela sentimental,novela sentimental,novela sentimental,novela histórica,novela sentimental,novela sentimental,novela sentimental,novela sentimental,novela sentimental,novela sentimental
3491,subgenre-theme,novela histórica,novela sentimental,2000,word,tfidf,0,nh0132,novela sentimental,novela sentimental,novela sentimental,novela sentimental,novela sentimental,novela sentimental,novela sentimental,novela sentimental,novela sentimental,novela sentimental,novela sentimental
3492,subgenre-theme,novela histórica,novela sentimental,2000,word,tfidf,0,nh0136,novela sentimental,novela sentimental,novela sentimental,novela sentimental,novela sentimental,novela sentimental,novela sentimental,novela sentimental,novela sentimental,novela sentimental,novela sentimental
3493,subgenre-theme,novela histórica,novela sentimental,2000,word,tfidf,0,nh0139,novela histórica,novela histórica,novela histórica,novela histórica,novela histórica,novela histórica,novela histórica,novela histórica,novela histórica,novela histórica,novela histórica
3494,subgenre-theme,novela histórica,novela sentimental,2000,word,tfidf,0,nh0140,novela sentimental,novela sentimental,novela sentimental,novela sentimental,novela sentimental,novela sentimental,novela sentimental,novela sentimental,novela sentimental,novela sentimental,novela sentimental
3495,subgenre-theme,novela histórica,novela sentimental,2000,word,tfidf,0,nh0142,novela histórica,novela histórica,novela histórica,novela histórica,novela histórica,novela histórica,novela histórica,novela histórica,novela histórica,novela histórica,novela histórica
3496,subgenre-theme,novela histórica,novela sentimental,2000,word,tfidf,0,nh0143,novela histórica,novela histórica,novela histórica,novela histórica,novela histórica,novela histórica,novela histórica,novela histórica,novela histórica,novela histórica,novela histórica
3497,subgenre-theme,novela histórica,novela sentimental,2000,word,tfidf,0,nh0145,novela sentimental,novela sentimental,novela sentimental,novela sentimental,novela sentimental,novela sentimental,novela sentimental,novela sentimental,novela sentimental,novela sentimental,novela sentimental
3498,subgenre-theme,novela histórica,novela sentimental,2000,word,tfidf,0,nh0146,novela sentimental,novela sentimental,novela sentimental,novela sentimental,novela sentimental,novela sentimental,novela sentimental,novela sentimental,novela sentimental,novela sentimental,novela sentimental
3499,subgenre-theme,novela histórica,novela sentimental,2000,word,tfidf,0,nh0149,novela histórica,novela histórica,novela histórica,novela histórica,novela histórica,novela histórica,novela histórica,novela histórica,novela histórica,novela histórica,novela histórica
3500,subgenre-theme,novela histórica,novela sentimental,2000,word,tfidf,0,nh0150,novela histórica,novela histórica,novela histórica,novela histórica,novela histórica,novela histórica,novela histórica,novela sentimental,novela histórica,novela histórica,novela histórica
3501,subgenre-theme,novela histórica,novela sentimental,2000,word,tfidf,0,nh0151,novela sentimental,novela sentimental,novela sentimental,novela sentimental,novela sentimental,novela sentimental,novela sentimental,novela sentimental,novela sentimental,novela sentimental,novela sentimental
3502,subgenre-theme,novela histórica,novela sentimental,2000,word,tfidf,0,nh0154,novela sentimental,novela sentimental,novela sentimental,novela sentimental,novela sentimental,novela sentimental,novela sentimental,novela sentimental,novela sentimental,novela sentimental,novela sentimental
3503,subgenre-theme,novela histórica,novela sentimental,2000,word,tfidf,0,nh0156,novela sentimental,novela sentimental,novela sentimental,novela sentimental,novela sentimental,novela sentimental,novela sentimental,novela sentimental,novela sentimental,novela sentimental,novela sentimental
3504,subgenre-theme,novela histórica,novela sentimental,2000,word,tfidf,0,nh0158,novela histórica,novela histórica,novela histórica,novela histórica,novela histórica,novela histórica,novela histórica,novela histórica,novela histórica,novela histórica,novela histórica
3505,subgenre-theme,novela histórica,novela sentimental,2000,word,tfidf,0,nh0159,novela histórica,novela histórica,novela histórica,novela histórica,novela histórica,novela histórica,novela histórica,novela histórica,novela histórica,novela histórica,novela histórica
3506,subgenre-theme,novela histórica,novela sentimental,2000,word,tfidf,0,nh0160,novela histórica,novela histórica,novela histórica,novela histórica,novela histórica,novela histórica,novela histórica,novela histórica,novela histórica,novela histórica,novela histórica
3507,subgenre-theme,novela histórica,novela sentimental,2000,word,tfidf,0,nh0161,novela histórica,novela histórica,novela histórica,novela histórica,novela histórica,novela histórica,novela histórica,novela histórica,novela histórica,novela histórica,novela histórica
3508,subgenre-theme,novela histórica,novela sentimental,2000,word,tfidf,0,nh0162,novela sentimental,novela sentimental,novela sentimental,novela sentimental,novela sentimental,novela sentimental,novela sentimental,novela sentimental,novela sentimental,novela sentimental,novela sentimental
3509,subgenre-theme,novela histórica,novela sentimental,2000,word,tfidf,0,nh0165,novela histórica,novela histórica,novela histórica,novela histórica,novela histórica,novela histórica,novela histórica,novela histórica,novela histórica,novela histórica,novela histórica
3510,subgenre-theme,novela histórica,novela sentimental,2000,word,tfidf,0,nh0166,novela histórica,novela histórica,novela histórica,novela histórica,novela histórica,novela histórica,novela histórica,novela histórica,novela histórica,novela histórica,novela histórica
3511,subgenre-theme,novela histórica,novela sentimental,2000,word,tfidf,0,nh0168,novela histórica,novela histórica,novela histórica,novela histórica,novela histórica,novela histórica,novela histórica,novela histórica,novela histórica,novela histórica,novela histórica
3512,subgenre-theme,novela histórica,novela sentimental,2000,word,tfidf,0,nh0169,novela histórica,novela histórica,novela histórica,novela histórica,novela histórica,novela histórica,novela histórica,novela histórica,novela histórica,novela histórica,novela histórica
3513,subgenre-theme,novela histórica,novela sentimental,2000,word,tfidf,0,nh0171,novela sentimental,novela sentimental,novela sentimental,novela sentimental,novela sentimental,novela sentimental,novela sentimental,novela sentimental,novela sentimental,novela sentimental,novela sentimental
3514,subgenre-theme,novela histórica,novela sentimental,2000,word,tfidf,0,nh0176,novela histórica,novela histórica,novela histórica,novela histórica,novela histórica,novela histórica,novela histórica,novela histórica,novela histórica,novela histórica,novela histórica
3515,subgenre-theme,novela histórica,novela sentimental,2000,word,tfidf,0,nh0180,novela histórica,novela histórica,novela histórica,novela histórica,novela histórica,novela histórica,novela histórica,novela histórica,novela histórica,novela histórica,novela histórica
3516,subgenre-theme,novela histórica,novela sentimental,2000,word,tfidf,0,nh0181,novela histórica,novela histórica,novela histórica,novela histórica,novela histórica,novela histórica,novela histórica,novela histórica,novela histórica,novela histórica,novela histórica
3517,subgenre-theme,novela histórica,novela sentimental,2000,word,tfidf,0,nh0182,novela histórica,novela histórica,novela histórica,novela histórica,novela histórica,novela histórica,novela histórica,novela histórica,novela histórica,novela histórica,novela histórica
3518,subgenre-theme,novela histórica,novela sentimental,2000,word,tfidf,0,nh0183,novela sentimental,novela sentimental,novela sentimental,novela sentimental,novela sentimental,novela sentimental,novela sentimental,novela sentimental,novela sentimental,novela sentimental,novela sentimental
3519,subgenre-theme,novela histórica,novela sentimental,2000,word,tfidf,0,nh0187,novela sentimental,novela sentimental,novela sentimental,novela sentimental,novela sentimental,novela sentimental,novela sentimental,novela sentimental,novela sentimental,novela sentimental,novela sentimental
3520,subgenre-theme,novela histórica,novela sentimental,2000,word,tfidf,0,nh0188,novela sentimental,novela sentimental,novela sentimental,novela sentimental,novela sentimental,novela sentimental,novela sentimental,novela sentimental,novela sentimental,novela sentimental,novela sentimental
3521,subgenre-theme,novela histórica,novela sentimental,2000,word,tfidf,0,nh0195,novela sentimental,novela sentimental,novela sentimental,novela sentimental,novela sentimental,novela sentimental,novela sentimental,novela sentimental,novela sentimental,novela sentimental,novela sentimental
3522,subgenre-theme,novela histórica,novela sentimental,2000,word,tfidf,0,nh0196,novela histórica,novela histórica,novela histórica,novela histórica,novela histórica,novela histórica,novela histórica,novela histórica,novela histórica,novela histórica,novela histórica
3523,subgenre-theme,novela histórica,novela sentimental,2000,word,tfidf,0,nh0202,novela sentimental,novela sentimental,novela sentimental,novela sentimental,novela sentimental,novela sentimental,novela sentimental,novela histórica,novela sentimental,novela sentimental,novela sentimental
3524,subgenre-theme,novela histórica,novela sentimental,2000,word,tfidf,0,nh0203,novela histórica,novela histórica,novela histórica,novela histórica,novela histórica,novela histórica,novela histórica,novela histórica,novela histórica,novela histórica,novela histórica
3525,subgenre-theme,novela histórica,novela sentimental,2000,word,tfidf,0,nh0207,novela sentimental,novela sentimental,novela sentimental,novela sentimental,novela sentimental,novela sentimental,novela sentimental,novela sentimental,novela sentimental,novela sentimental,novela sentimental
3526,subgenre-theme,novela histórica,novela sentimental,2000,word,tfidf,0,nh0208,novela histórica,novela histórica,novela histórica,novela histórica,novela histórica,novela histórica,novela histórica,novela histórica,novela histórica,novela histórica,novela histórica
3527,subgenre-theme,novela histórica,novela sentimental,2000,word,tfidf,0,nh0209,novela sentimental,novela sentimental,novela sentimental,novela sentimental,novela sentimental,novela sentimental,novela sentimental,novela sentimental,novela sentimental,novela sentimental,novela sentimental
3528,subgenre-theme,novela histórica,novela sentimental,2000,word,tfidf,0,nh0210,novela histórica,novela histórica,novela histórica,novela histórica,novela histórica,novela histórica,novela histórica,novela histórica,novela histórica,novela histórica,novela histórica
3529,subgenre-theme,novela histórica,novela sentimental,2000,word,tfidf,0,nh0212,novela sentimental,novela sentimental,novela sentimental,novela sentimental,novela sentimental,novela sentimental,novela sentimental,novela sentimental,novela sentimental,novela sentimental,novela sentimental
3530,subgenre-theme,novela histórica,novela sentimental,2000,word,tfidf,0,nh0216,novela sentimental,novela sentimental,novela sentimental,novela sentimental,novela sentimental,novela sentimental,novela sentimental,novela sentimental,novela sentimental,novela sentimental,novela sentimental
3531,subgenre-theme,novela histórica,novela sentimental,2000,word,tfidf,0,nh0218,novela sentimental,novela sentimental,novela sentimental,novela sentimental,novela sentimental,novela sentimental,novela sentimental,novela sentimental,novela sentimental,novela sentimental,novela sentimental
3532,subgenre-theme,novela histórica,novela sentimental,2000,word,tfidf,0,nh0219,novela sentimental,novela sentimental,novela sentimental,novela sentimental,novela sentimental,novela sentimental,novela sentimental,novela sentimental,novela histórica,novela sentimental,novela sentimental
3533,subgenre-theme,novela histórica,novela sentimental,2000,word,tfidf,0,nh0222,novela histórica,novela histórica,novela histórica,novela histórica,novela histórica,novela histórica,novela histórica,novela histórica,novela histórica,novela histórica,novela histórica
3534,subgenre-theme,novela histórica,novela sentimental,2000,word,tfidf,0,nh0227,novela histórica,novela histórica,novela histórica,novela histórica,novela histórica,novela histórica,novela histórica,novela histórica,novela histórica,novela histórica,novela histórica
3535,subgenre-theme,novela histórica,novela sentimental,2000,word,tfidf,0,nh0228,novela sentimental,novela sentimental,novela sentimental,novela sentimental,novela sentimental,novela sentimental,novela sentimental,novela sentimental,novela sentimental,novela histórica,novela sentimental
3536,subgenre-theme,novela histórica,novela sentimental,2000,word,tfidf,0,nh0230,novela sentimental,novela sentimental,novela sentimental,novela sentimental,novela sentimental,novela sentimental,novela sentimental,novela sentimental,novela sentimental,novela sentimental,novela sentimental
3537,subgenre-theme,novela histórica,novela sentimental,2000,word,tfidf,0,nh0231,novela histórica,novela histórica,novela histórica,novela histórica,novela histórica,novela histórica,novela histórica,novela histórica,novela histórica,novela histórica,novela histórica
3538,subgenre-theme,novela histórica,novela sentimental,2000,word,tfidf,0,nh0233,novela sentimental,novela sentimental,novela sentimental,novela sentimental,novela sentimental,novela sentimental,novela sentimental,novela sentimental,novela sentimental,novela sentimental,novela sentimental
3539,subgenre-theme,novela histórica,novela sentimental,2000,word,tfidf,0,nh0237,novela sentimental,novela sentimental,novela sentimental,novela sentimental,novela sentimental,novela sentimental,novela sentimental,novela sentimental,novela sentimental,novela sentimental,novela sentimental
3540,subgenre-theme,novela histórica,novela sentimental,2000,word,tfidf,0,nh0241,novela sentimental,novela sentimental,novela sentimental,novela sentimental,novela sentimental,novela sentimental,novela sentimental,novela sentimental,novela sentimental,novela histórica,novela sentimental
3541,subgenre-theme,novela histórica,novela sentimental,2000,word,tfidf,0,nh0243,novela histórica,novela histórica,novela histórica,novela histórica,novela histórica,novela histórica,novela histórica,novela histórica,novela histórica,novela histórica,novela histórica
3542,subgenre-theme,novela histórica,novela sentimental,2000,word,tfidf,0,nh0245,novela sentimental,novela sentimental,novela sentimental,novela sentimental,novela sentimental,novela sentimental,novela sentimental,novela sentimental,novela sentimental,novela sentimental,novela sentimental
3543,subgenre-theme,novela histórica,novela sentimental,2000,word,tfidf,0,nh0247,novela histórica,novela histórica,novela histórica,novela histórica,novela histórica,novela histórica,novela histórica,novela histórica,novela histórica,novela histórica,novela histórica
3544,subgenre-theme,novela histórica,novela sentimental,2000,word,tfidf,0,nh0249,novela histórica,novela histórica,novela histórica,novela histórica,novela histórica,novela histórica,novela histórica,novela histórica,novela histórica,novela histórica,novela histórica
3545,subgenre-theme,novela histórica,novela sentimental,2000,word,tfidf,0,nh0250,novela sentimental,novela sentimental,novela sentimental,novela sentimental,novela sentimental,novela sentimental,novela sentimental,novela sentimental,novela sentimental,novela sentimental,novela sentimental
3546,subgenre-theme,novela histórica,novela sentimental,2000,word,tfidf,0,nh0251,novela sentimental,novela sentimental,novela sentimental,novela sentimental,novela sentimental,novela sentimental,novela sentimental,novela sentimental,novela sentimental,novela sentimental,novela sentimental
3547,subgenre-theme,novela histórica,novela sentimental,2000,word,tfidf,0,nh0252,novela sentimental,novela sentimental,novela sentimental,novela sentimental,novela sentimental,novela sentimental,novela sentimental,novela sentimental,novela sentimental,novela sentimental,novela sentimental
3548,subgenre-theme,novela histórica,novela sentimental,2000,word,tfidf,0,nh0253,novela histórica,novela histórica,novela histórica,novela histórica,novela histórica,novela histórica,novela histórica,novela histórica,novela histórica,novela histórica,novela histórica
3549,subgenre-theme,novela histórica,novela sentimental,2000,word,tfidf,0,nh0254,novela sentimental,novela sentimental,novela sentimental,novela sentimental,novela sentimental,novela sentimental,novela sentimental,novela sentimental,novela sentimental,novela sentimental,novela sentimental
3550,subgenre-theme,novela histórica,novela sentimental,2000,word,tfidf,1,nh0003,novela sentimental,novela sentimental,novela sentimental,novela sentimental,novela sentimental,novela sentimental,novela sentimental,novela sentimental,novela sentimental,novela sentimental,novela sentimental
3551,subgenre-theme,novela histórica,novela sentimental,2000,word,tfidf,1,nh0004,novela histórica,novela histórica,novela histórica,novela histórica,novela histórica,novela histórica,novela histórica,novela histórica,novela histórica,novela histórica,novela histórica
3552,subgenre-theme,novela histórica,novela sentimental,2000,word,tfidf,1,nh0006,novela sentimental,novela sentimental,novela sentimental,novela sentimental,novela sentimental,novela sentimental,novela sentimental,novela sentimental,novela sentimental,novela sentimental,novela sentimental
3553,subgenre-theme,novela histórica,novela sentimental,2000,word,tfidf,1,nh0007,novela histórica,novela histórica,novela histórica,novela histórica,novela histórica,novela histórica,novela histórica,novela histórica,novela histórica,novela histórica,novela histórica
3554,subgenre-theme,novela histórica,novela sentimental,2000,word,tfidf,1,nh0009,novela histórica,novela histórica,novela histórica,novela histórica,novela histórica,novela histórica,novela histórica,novela histórica,novela histórica,novela histórica,novela histórica
3555,subgenre-theme,novela histórica,novela sentimental,2000,word,tfidf,1,nh0013,novela sentimental,novela sentimental,novela sentimental,novela sentimental,novela sentimental,novela sentimental,novela sentimental,novela sentimental,novela sentimental,novela sentimental,novela sentimental
3556,subgenre-theme,novela histórica,novela sentimental,2000,word,tfidf,1,nh0014,novela sentimental,novela sentimental,novela sentimental,novela sentimental,novela sentimental,novela sentimental,novela sentimental,novela sentimental,novela sentimental,novela sentimental,novela sentimental
3557,subgenre-theme,novela histórica,novela sentimental,2000,word,tfidf,1,nh0015,novela histórica,novela histórica,novela histórica,novela histórica,novela histórica,novela histórica,novela histórica,novela histórica,novela histórica,novela histórica,novela histórica
3558,subgenre-theme,novela histórica,novela sentimental,2000,word,tfidf,1,nh0017,novela histórica,novela histórica,novela histórica,novela histórica,novela histórica,novela histórica,novela histórica,novela histórica,novela histórica,novela histórica,novela histórica
3559,subgenre-theme,novela histórica,novela sentimental,2000,word,tfidf,1,nh0018,novela sentimental,novela sentimental,novela sentimental,novela sentimental,novela sentimental,novela sentimental,novela sentimental,novela sentimental,novela sentimental,novela sentimental,novela sentimental
3560,subgenre-theme,novela histórica,novela sentimental,2000,word,tfidf,1,nh0021,novela sentimental,novela sentimental,novela sentimental,novela sentimental,novela sentimental,novela sentimental,novela sentimental,novela sentimental,novela sentimental,novela sentimental,novela sentimental
3561,subgenre-theme,novela histórica,novela sentimental,2000,word,tfidf,1,nh0022,novela histórica,novela histórica,novela histórica,novela histórica,novela histórica,novela histórica,novela histórica,novela histórica,novela histórica,novela histórica,novela histórica
3562,subgenre-theme,novela histórica,novela sentimental,2000,word,tfidf,1,nh0025,novela histórica,novela histórica,novela histórica,novela histórica,novela histórica,novela histórica,novela histórica,novela histórica,novela histórica,novela histórica,novela histórica
3563,subgenre-theme,novela histórica,novela sentimental,2000,word,tfidf,1,nh0026,novela histórica,novela histórica,novela histórica,novela histórica,novela histórica,novela histórica,novela histórica,novela histórica,novela histórica,novela histórica,novela histórica
3564,subgenre-theme,novela histórica,novela sentimental,2000,word,tfidf,1,nh0034,novela sentimental,novela sentimental,novela sentimental,novela sentimental,novela sentimental,novela sentimental,novela sentimental,novela sentimental,novela sentimental,novela sentimental,novela sentimental
3565,subgenre-theme,novela histórica,novela sentimental,2000,word,tfidf,1,nh0035,novela histórica,novela histórica,novela histórica,novela histórica,novela histórica,novela histórica,novela histórica,novela histórica,novela histórica,novela histórica,novela histórica
3566,subgenre-theme,novela histórica,novela sentimental,2000,word,tfidf,1,nh0040,novela histórica,novela histórica,novela sentimental,novela histórica,novela histórica,novela histórica,novela histórica,novela histórica,novela histórica,novela histórica,novela histórica
3567,subgenre-theme,novela histórica,novela sentimental,2000,word,tfidf,1,nh0041,novela histórica,novela histórica,novela histórica,novela histórica,novela histórica,novela histórica,novela histórica,novela histórica,novela histórica,novela histórica,novela histórica
3568,subgenre-theme,novela histórica,novela sentimental,2000,word,tfidf,1,nh0043,novela sentimental,novela sentimental,novela sentimental,novela sentimental,novela sentimental,novela sentimental,novela sentimental,novela sentimental,novela sentimental,novela sentimental,novela sentimental
3569,subgenre-theme,novela histórica,novela sentimental,2000,word,tfidf,1,nh0045,novela sentimental,novela sentimental,novela histórica,novela sentimental,novela sentimental,novela sentimental,novela sentimental,novela sentimental,novela sentimental,novela sentimental,novela sentimental
3570,subgenre-theme,novela histórica,novela sentimental,2000,word,tfidf,1,nh0049,novela histórica,novela histórica,novela histórica,novela histórica,novela histórica,novela histórica,novela histórica,novela histórica,novela histórica,novela histórica,novela histórica
3571,subgenre-theme,novela histórica,novela sentimental,2000,word,tfidf,1,nh0054,novela histórica,novela histórica,novela histórica,novela histórica,novela histórica,novela histórica,novela histórica,novela histórica,novela histórica,novela histórica,novela histórica
3572,subgenre-theme,novela histórica,novela sentimental,2000,word,tfidf,1,nh0055,novela histórica,novela histórica,novela histórica,novela histórica,novela histórica,novela histórica,novela histórica,novela histórica,novela histórica,novela histórica,novela histórica
3573,subgenre-theme,novela histórica,novela sentimental,2000,word,tfidf,1,nh0056,novela histórica,novela histórica,novela histórica,novela histórica,novela histórica,novela histórica,novela histórica,novela histórica,novela histórica,novela histórica,novela histórica
3574,subgenre-theme,novela histórica,novela sentimental,2000,word,tfidf,1,nh0064,novela histórica,novela histórica,novela histórica,novela histórica,novela histórica,novela histórica,novela histórica,novela histórica,novela histórica,novela histórica,novela histórica
3575,subgenre-theme,novela histórica,novela sentimental,2000,word,tfidf,1,nh0068,novela sentimental,novela sentimental,novela sentimental,novela sentimental,novela sentimental,novela sentimental,novela sentimental,novela sentimental,novela sentimental,novela sentimental,novela sentimental
3576,subgenre-theme,novela histórica,novela sentimental,2000,word,tfidf,1,nh0069,novela histórica,novela histórica,novela histórica,novela histórica,novela histórica,novela histórica,novela histórica,novela histórica,novela histórica,novela histórica,novela histórica
3577,subgenre-theme,novela histórica,novela sentimental,2000,word,tfidf,1,nh0072,novela sentimental,novela sentimental,novela histórica,novela sentimental,novela sentimental,novela sentimental,novela sentimental,novela sentimental,novela sentimental,novela sentimental,novela sentimental
3578,subgenre-theme,novela histórica,novela sentimental,2000,word,tfidf,1,nh0076,novela sentimental,novela sentimental,novela sentimental,novela sentimental,novela sentimental,novela sentimental,novela sentimental,novela sentimental,novela sentimental,novela sentimental,novela sentimental
3579,subgenre-theme,novela histórica,novela sentimental,2000,word,tfidf,1,nh0081,novela histórica,novela histórica,novela histórica,novela histórica,novela histórica,novela histórica,novela histórica,novela histórica,novela histórica,novela histórica,novela histórica
3580,subgenre-theme,novela histórica,novela sentimental,2000,word,tfidf,1,nh0082,novela sentimental,novela sentimental,novela sentimental,novela sentimental,novela sentimental,novela sentimental,novela sentimental,novela sentimental,novela sentimental,novela sentimental,novela sentimental
3581,subgenre-theme,novela histórica,novela sentimental,2000,word,tfidf,1,nh0086,novela histórica,novela histórica,novela histórica,novela histórica,novela histórica,novela histórica,novela histórica,novela histórica,novela histórica,novela histórica,novela histórica
3582,subgenre-theme,novela histórica,novela sentimental,2000,word,tfidf,1,nh0087,novela sentimental,novela sentimental,novela sentimental,novela sentimental,novela sentimental,novela sentimental,novela sentimental,novela sentimental,novela sentimental,novela sentimental,novela sentimental
3583,subgenre-theme,novela histórica,novela sentimental,2000,word,tfidf,1,nh0089,novela sentimental,novela sentimental,novela sentimental,novela sentimental,novela sentimental,novela sentimental,novela sentimental,novela sentimental,novela sentimental,novela sentimental,novela sentimental
3584,subgenre-theme,novela histórica,novela sentimental,2000,word,tfidf,1,nh0091,novela histórica,novela histórica,novela histórica,novela histórica,novela histórica,novela histórica,novela histórica,novela histórica,novela histórica,novela histórica,novela histórica
3585,subgenre-theme,novela histórica,novela sentimental,2000,word,tfidf,1,nh0092,novela sentimental,novela sentimental,novela sentimental,novela sentimental,novela sentimental,novela sentimental,novela sentimental,novela sentimental,novela sentimental,novela sentimental,novela sentimental
3586,subgenre-theme,novela histórica,novela sentimental,2000,word,tfidf,1,nh0094,novela histórica,novela histórica,novela histórica,novela histórica,novela histórica,novela histórica,novela histórica,novela histórica,novela histórica,novela histórica,novela histórica
3587,subgenre-theme,novela histórica,novela sentimental,2000,word,tfidf,1,nh0096,novela sentimental,novela sentimental,novela sentimental,novela sentimental,novela sentimental,novela sentimental,novela sentimental,novela sentimental,novela sentimental,novela sentimental,novela sentimental
3588,subgenre-theme,novela histórica,novela sentimental,2000,word,tfidf,1,nh0097,novela histórica,novela histórica,novela histórica,novela histórica,novela histórica,novela histórica,novela histórica,novela histórica,novela histórica,novela histórica,novela histórica
3589,subgenre-theme,novela histórica,novela sentimental,2000,word,tfidf,1,nh0098,novela sentimental,novela sentimental,novela sentimental,novela sentimental,novela sentimental,novela sentimental,novela sentimental,novela sentimental,novela sentimental,novela sentimental,novela sentimental
3590,subgenre-theme,novela histórica,novela sentimental,2000,word,tfidf,1,nh0099,novela sentimental,novela sentimental,novela sentimental,novela sentimental,novela sentimental,novela sentimental,novela sentimental,novela sentimental,novela sentimental,novela sentimental,novela sentimental
3591,subgenre-theme,novela histórica,novela sentimental,2000,word,tfidf,1,nh0100,novela histórica,novela histórica,novela histórica,novela histórica,novela histórica,novela sentimental,novela histórica,novela histórica,novela histórica,novela histórica,novela histórica
3592,subgenre-theme,novela histórica,novela sentimental,2000,word,tfidf,1,nh0102,novela sentimental,novela sentimental,novela sentimental,novela sentimental,novela sentimental,novela sentimental,novela sentimental,novela sentimental,novela sentimental,novela sentimental,novela sentimental
3593,subgenre-theme,novela histórica,novela sentimental,2000,word,tfidf,1,nh0104,novela sentimental,novela sentimental,novela sentimental,novela sentimental,novela sentimental,novela sentimental,novela sentimental,novela sentimental,novela sentimental,novela sentimental,novela sentimental
3594,subgenre-theme,novela histórica,novela sentimental,2000,word,tfidf,1,nh0107,novela histórica,novela histórica,novela histórica,novela histórica,novela histórica,novela histórica,novela histórica,novela histórica,novela histórica,novela histórica,novela histórica
3595,subgenre-theme,novela histórica,novela sentimental,2000,word,tfidf,1,nh0108,novela histórica,novela histórica,novela histórica,novela histórica,novela histórica,novela histórica,novela histórica,novela histórica,novela histórica,novela histórica,novela histórica
3596,subgenre-theme,novela histórica,novela sentimental,2000,word,tfidf,1,nh0111,novela histórica,novela histórica,novela histórica,novela histórica,novela histórica,novela histórica,novela histórica,novela histórica,novela histórica,novela histórica,novela histórica
3597,subgenre-theme,novela histórica,novela sentimental,2000,word,tfidf,1,nh0116,novela histórica,novela histórica,novela histórica,novela histórica,novela histórica,novela histórica,novela histórica,novela histórica,novela histórica,novela histórica,novela histórica
3598,subgenre-theme,novela histórica,novela sentimental,2000,word,tfidf,1,nh0117,novela histórica,novela histórica,novela histórica,novela histórica,novela histórica,novela histórica,novela histórica,novela histórica,novela histórica,novela histórica,novela histórica
3599,subgenre-theme,novela histórica,novela sentimental,2000,word,tfidf,1,nh0119,novela sentimental,novela sentimental,novela sentimental,novela sentimental,novela sentimental,novela sentimental,novela sentimental,novela sentimental,novela sentimental,novela sentimental,novela sentimental
3600,subgenre-theme,novela histórica,novela sentimental,2000,word,tfidf,1,nh0122,novela histórica,novela histórica,novela histórica,novela histórica,novela histórica,novela histórica,novela histórica,novela histórica,novela histórica,novela histórica,novela histórica
3601,subgenre-theme,novela histórica,novela sentimental,2000,word,tfidf,1,nh0123,novela sentimental,novela sentimental,novela sentimental,novela sentimental,novela sentimental,novela sentimental,novela sentimental,novela sentimental,novela sentimental,novela sentimental,novela sentimental
3602,subgenre-theme,novela histórica,novela sentimental,2000,word,tfidf,1,nh0125,novela histórica,novela histórica,novela histórica,novela histórica,novela histórica,novela histórica,novela histórica,novela histórica,novela histórica,novela histórica,novela histórica
3603,subgenre-theme,novela histórica,novela sentimental,2000,word,tfidf,1,nh0130,novela sentimental,novela sentimental,novela sentimental,novela sentimental,novela histórica,novela sentimental,novela sentimental,novela sentimental,novela sentimental,novela sentimental,novela sentimental
3604,subgenre-theme,novela histórica,novela sentimental,2000,word,tfidf,1,nh0132,novela sentimental,novela sentimental,novela sentimental,novela sentimental,novela sentimental,novela sentimental,novela sentimental,novela sentimental,novela sentimental,novela sentimental,novela sentimental
3605,subgenre-theme,novela histórica,novela sentimental,2000,word,tfidf,1,nh0136,novela sentimental,novela sentimental,novela sentimental,novela sentimental,novela sentimental,novela sentimental,novela sentimental,novela sentimental,novela sentimental,novela sentimental,novela sentimental
3606,subgenre-theme,novela histórica,novela sentimental,2000,word,tfidf,1,nh0139,novela histórica,novela histórica,novela histórica,novela histórica,novela histórica,novela histórica,novela histórica,novela histórica,novela histórica,novela histórica,novela histórica
3607,subgenre-theme,novela histórica,novela sentimental,2000,word,tfidf,1,nh0140,novela sentimental,novela sentimental,novela sentimental,novela sentimental,novela sentimental,novela sentimental,novela sentimental,novela sentimental,novela sentimental,novela sentimental,novela sentimental
3608,subgenre-theme,novela histórica,novela sentimental,2000,word,tfidf,1,nh0142,novela histórica,novela histórica,novela histórica,novela histórica,novela histórica,novela histórica,novela histórica,novela histórica,novela histórica,novela histórica,novela histórica
3609,subgenre-theme,novela histórica,novela sentimental,2000,word,tfidf,1,nh0143,novela histórica,novela histórica,novela histórica,novela histórica,novela histórica,novela histórica,novela histórica,novela histórica,novela histórica,novela histórica,novela histórica
3610,subgenre-theme,novela histórica,novela sentimental,2000,word,tfidf,1,nh0145,novela sentimental,novela sentimental,novela sentimental,novela sentimental,novela sentimental,novela sentimental,novela sentimental,novela sentimental,novela sentimental,novela sentimental,novela sentimental
3611,subgenre-theme,novela histórica,novela sentimental,2000,word,tfidf,1,nh0146,novela sentimental,novela sentimental,novela sentimental,novela sentimental,novela sentimental,novela sentimental,novela sentimental,novela sentimental,novela sentimental,novela sentimental,novela sentimental
3612,subgenre-theme,novela histórica,novela sentimental,2000,word,tfidf,1,nh0149,novela histórica,novela histórica,novela histórica,novela histórica,novela histórica,novela histórica,novela histórica,novela histórica,novela histórica,novela histórica,novela histórica
3613,subgenre-theme,novela histórica,novela sentimental,2000,word,tfidf,1,nh0150,novela histórica,novela histórica,novela histórica,novela histórica,novela histórica,novela histórica,novela histórica,novela sentimental,novela histórica,novela histórica,novela histórica
3614,subgenre-theme,novela histórica,novela sentimental,2000,word,tfidf,1,nh0151,novela sentimental,novela sentimental,novela sentimental,novela sentimental,novela sentimental,novela sentimental,novela sentimental,novela sentimental,novela sentimental,novela sentimental,novela sentimental
3615,subgenre-theme,novela histórica,novela sentimental,2000,word,tfidf,1,nh0152,novela histórica,novela histórica,novela histórica,novela histórica,novela histórica,novela histórica,novela histórica,novela histórica,novela histórica,novela histórica,novela histórica
3616,subgenre-theme,novela histórica,novela sentimental,2000,word,tfidf,1,nh0154,novela sentimental,novela sentimental,novela sentimental,novela sentimental,novela sentimental,novela sentimental,novela sentimental,novela sentimental,novela sentimental,novela sentimental,novela sentimental
3617,subgenre-theme,novela histórica,novela sentimental,2000,word,tfidf,1,nh0156,novela sentimental,novela sentimental,novela sentimental,novela sentimental,novela sentimental,novela sentimental,novela sentimental,novela sentimental,novela sentimental,novela sentimental,novela sentimental
3618,subgenre-theme,novela histórica,novela sentimental,2000,word,tfidf,1,nh0158,novela histórica,novela histórica,novela histórica,novela histórica,novela histórica,novela histórica,novela histórica,novela histórica,novela histórica,novela histórica,novela histórica
3619,subgenre-theme,novela histórica,novela sentimental,2000,word,tfidf,1,nh0159,novela histórica,novela histórica,novela histórica,novela histórica,novela histórica,novela histórica,novela histórica,novela histórica,novela histórica,novela histórica,novela histórica
3620,subgenre-theme,novela histórica,novela sentimental,2000,word,tfidf,1,nh0160,novela histórica,novela histórica,novela histórica,novela histórica,novela histórica,novela histórica,novela histórica,novela histórica,novela sentimental,novela histórica,novela histórica
3621,subgenre-theme,novela histórica,novela sentimental,2000,word,tfidf,1,nh0161,novela histórica,novela histórica,novela histórica,novela histórica,novela histórica,novela histórica,novela histórica,novela histórica,novela histórica,novela histórica,novela histórica
3622,subgenre-theme,novela histórica,novela sentimental,2000,word,tfidf,1,nh0162,novela sentimental,novela sentimental,novela sentimental,novela sentimental,novela sentimental,novela sentimental,novela sentimental,novela sentimental,novela sentimental,novela sentimental,novela sentimental
3623,subgenre-theme,novela histórica,novela sentimental,2000,word,tfidf,1,nh0165,novela histórica,novela histórica,novela histórica,novela histórica,novela histórica,novela histórica,novela histórica,novela histórica,novela histórica,novela histórica,novela histórica
3624,subgenre-theme,novela histórica,novela sentimental,2000,word,tfidf,1,nh0166,novela histórica,novela histórica,novela histórica,novela histórica,novela histórica,novela histórica,novela histórica,novela histórica,novela histórica,novela histórica,novela histórica
3625,subgenre-theme,novela histórica,novela sentimental,2000,word,tfidf,1,nh0168,novela histórica,novela histórica,novela histórica,novela histórica,novela histórica,novela histórica,novela histórica,novela histórica,novela histórica,novela histórica,novela histórica
3626,subgenre-theme,novela histórica,novela sentimental,2000,word,tfidf,1,nh0169,novela histórica,novela histórica,novela histórica,novela histórica,novela histórica,novela histórica,novela histórica,novela histórica,novela histórica,novela histórica,novela histórica
3627,subgenre-theme,novela histórica,novela sentimental,2000,word,tfidf,1,nh0171,novela sentimental,novela sentimental,novela sentimental,novela sentimental,novela sentimental,novela sentimental,novela sentimental,novela sentimental,novela sentimental,novela sentimental,novela sentimental
3628,subgenre-theme,novela histórica,novela sentimental,2000,word,tfidf,1,nh0176,novela histórica,novela histórica,novela histórica,novela histórica,novela histórica,novela histórica,novela histórica,novela histórica,novela histórica,novela histórica,novela histórica
3629,subgenre-theme,novela histórica,novela sentimental,2000,word,tfidf,1,nh0183,novela sentimental,novela sentimental,novela sentimental,novela sentimental,novela sentimental,novela sentimental,novela sentimental,novela sentimental,novela sentimental,novela sentimental,novela sentimental
3630,subgenre-theme,novela histórica,novela sentimental,2000,word,tfidf,1,nh0184,novela histórica,novela histórica,novela histórica,novela histórica,novela histórica,novela histórica,novela histórica,novela histórica,novela histórica,novela histórica,novela histórica
3631,subgenre-theme,novela histórica,novela sentimental,2000,word,tfidf,1,nh0187,novela sentimental,novela sentimental,novela sentimental,novela sentimental,novela sentimental,novela sentimental,novela sentimental,novela sentimental,novela sentimental,novela sentimental,novela sentimental
3632,subgenre-theme,novela histórica,novela sentimental,2000,word,tfidf,1,nh0188,novela sentimental,novela sentimental,novela sentimental,novela sentimental,novela sentimental,novela sentimental,novela sentimental,novela sentimental,novela sentimental,novela sentimental,novela sentimental
3633,subgenre-theme,novela histórica,novela sentimental,2000,word,tfidf,1,nh0195,novela sentimental,novela sentimental,novela sentimental,novela sentimental,novela sentimental,novela sentimental,novela sentimental,novela sentimental,novela sentimental,novela sentimental,novela sentimental
3634,subgenre-theme,novela histórica,novela sentimental,2000,word,tfidf,1,nh0196,novela histórica,novela histórica,novela histórica,novela histórica,novela histórica,novela histórica,novela histórica,novela histórica,novela histórica,novela histórica,novela histórica
3635,subgenre-theme,novela histórica,novela sentimental,2000,word,tfidf,1,nh0202,novela sentimental,novela sentimental,novela sentimental,novela sentimental,novela sentimental,novela sentimental,novela sentimental,novela histórica,novela sentimental,novela sentimental,novela sentimental
3636,subgenre-theme,novela histórica,novela sentimental,2000,word,tfidf,1,nh0207,novela sentimental,novela sentimental,novela sentimental,novela sentimental,novela sentimental,novela sentimental,novela sentimental,novela sentimental,novela sentimental,novela sentimental,novela sentimental
3637,subgenre-theme,novela histórica,novela sentimental,2000,word,tfidf,1,nh0208,novela histórica,novela histórica,novela histórica,novela histórica,novela histórica,novela histórica,novela histórica,novela histórica,novela histórica,novela histórica,novela histórica
3638,subgenre-theme,novela histórica,novela sentimental,2000,word,tfidf,1,nh0209,novela sentimental,novela sentimental,novela sentimental,novela sentimental,novela sentimental,novela sentimental,novela sentimental,novela sentimental,novela sentimental,novela sentimental,novela sentimental
3639,subgenre-theme,novela histórica,novela sentimental,2000,word,tfidf,1,nh0212,novela sentimental,novela sentimental,novela sentimental,novela sentimental,novela sentimental,novela sentimental,novela sentimental,novela sentimental,novela sentimental,novela sentimental,novela sentimental
3640,subgenre-theme,novela histórica,novela sentimental,2000,word,tfidf,1,nh0216,novela sentimental,novela sentimental,novela sentimental,novela sentimental,novela sentimental,novela sentimental,novela sentimental,novela sentimental,novela sentimental,novela sentimental,novela sentimental
3641,subgenre-theme,novela histórica,novela sentimental,2000,word,tfidf,1,nh0218,novela sentimental,novela sentimental,novela sentimental,novela sentimental,novela sentimental,novela sentimental,novela sentimental,novela sentimental,novela sentimental,novela sentimental,novela sentimental
3642,subgenre-theme,novela histórica,novela sentimental,2000,word,tfidf,1,nh0219,novela sentimental,novela sentimental,novela sentimental,novela sentimental,novela sentimental,novela sentimental,novela sentimental,novela sentimental,novela histórica,novela sentimental,novela sentimental
3643,subgenre-theme,novela histórica,novela sentimental,2000,word,tfidf,1,nh0222,novela histórica,novela histórica,novela histórica,novela histórica,novela histórica,novela histórica,novela histórica,novela histórica,novela histórica,novela histórica,novela histórica
3644,subgenre-theme,novela histórica,novela sentimental,2000,word,tfidf,1,nh0227,novela histórica,novela histórica,novela histórica,novela histórica,novela histórica,novela histórica,novela histórica,novela histórica,novela histórica,novela histórica,novela histórica
3645,subgenre-theme,novela histórica,novela sentimental,2000,word,tfidf,1,nh0228,novela sentimental,novela sentimental,novela sentimental,novela sentimental,novela sentimental,novela sentimental,novela sentimental,novela sentimental,novela sentimental,novela sentimental,novela sentimental
3646,subgenre-theme,novela histórica,novela sentimental,2000,word,tfidf,1,nh0230,novela sentimental,novela sentimental,novela sentimental,novela sentimental,novela sentimental,novela sentimental,novela sentimental,novela sentimental,novela sentimental,novela sentimental,novela sentimental
3647,subgenre-theme,novela histórica,novela sentimental,2000,word,tfidf,1,nh0231,novela histórica,novela histórica,novela histórica,novela histórica,novela histórica,novela histórica,novela histórica,novela histórica,novela histórica,novela histórica,novela histórica
3648,subgenre-theme,novela histórica,novela sentimental,2000,word,tfidf,1,nh0233,novela sentimental,novela sentimental,novela sentimental,novela sentimental,novela sentimental,novela sentimental,novela sentimental,novela sentimental,novela sentimental,novela sentimental,novela sentimental
3649,subgenre-theme,novela histórica,novela sentimental,2000,word,tfidf,1,nh0237,novela sentimental,novela sentimental,novela sentimental,novela sentimental,novela sentimental,novela sentimental,novela sentimental,novela sentimental,novela sentimental,novela sentimental,novela sentimental
3650,subgenre-theme,novela histórica,novela sentimental,2000,word,tfidf,1,nh0241,novela sentimental,novela sentimental,novela sentimental,novela sentimental,novela sentimental,novela sentimental,novela sentimental,novela sentimental,novela sentimental,novela sentimental,novela sentimental
3651,subgenre-theme,novela histórica,novela sentimental,2000,word,tfidf,1,nh0243,novela histórica,novela histórica,novela histórica,novela histórica,novela histórica,novela histórica,novela histórica,novela histórica,novela histórica,novela histórica,novela histórica
3652,subgenre-theme,novela histórica,novela sentimental,2000,word,tfidf,1,nh0245,novela sentimental,novela sentimental,novela sentimental,novela sentimental,novela sentimental,novela sentimental,novela sentimental,novela sentimental,novela sentimental,novela sentimental,novela sentimental
3653,subgenre-theme,novela histórica,novela sentimental,2000,word,tfidf,1,nh0247,novela histórica,novela histórica,novela histórica,novela histórica,novela histórica,novela histórica,novela histórica,novela histórica,novela histórica,novela histórica,novela sentimental
3654,subgenre-theme,novela histórica,novela sentimental,2000,word,tfidf,1,nh0248,novela histórica,novela histórica,novela histórica,novela histórica,novela histórica,novela histórica,novela histórica,novela histórica,novela histórica,novela histórica,novela histórica
3655,subgenre-theme,novela histórica,novela sentimental,2000,word,tfidf,1,nh0249,novela histórica,novela histórica,novela histórica,novela histórica,novela histórica,novela histórica,novela histórica,novela histórica,novela histórica,novela histórica,novela histórica
3656,subgenre-theme,novela histórica,novela sentimental,2000,word,tfidf,1,nh0250,novela sentimental,novela sentimental,novela sentimental,novela sentimental,novela sentimental,novela sentimental,novela sentimental,novela sentimental,novela sentimental,novela sentimental,novela sentimental
3657,subgenre-theme,novela histórica,novela sentimental,2000,word,tfidf,1,nh0251,novela sentimental,novela sentimental,novela sentimental,novela sentimental,novela sentimental,novela sentimental,novela sentimental,novela sentimental,novela sentimental,novela sentimental,novela sentimental
3658,subgenre-theme,novela histórica,novela sentimental,2000,word,tfidf,1,nh0252,novela sentimental,novela sentimental,novela sentimental,novela sentimental,novela sentimental,novela sentimental,novela sentimental,novela sentimental,novela sentimental,novela sentimental,novela sentimental
3659,subgenre-theme,novela histórica,novela sentimental,2000,word,tfidf,1,nh0254,novela sentimental,novela sentimental,novela sentimental,novela sentimental,novela sentimental,novela sentimental,novela sentimental,novela sentimental,novela sentimental,novela sentimental,novela sentimental
3660,subgenre-theme,novela histórica,novela sentimental,2000,word,tfidf,2,nh0003,novela sentimental,novela sentimental,novela sentimental,novela sentimental,novela sentimental,novela sentimental,novela sentimental,novela sentimental,novela sentimental,novela sentimental,novela sentimental
3661,subgenre-theme,novela histórica,novela sentimental,2000,word,tfidf,2,nh0004,novela histórica,novela histórica,novela histórica,novela histórica,novela histórica,novela histórica,novela histórica,novela histórica,novela histórica,novela histórica,novela histórica
3662,subgenre-theme,novela histórica,novela sentimental,2000,word,tfidf,2,nh0006,novela sentimental,novela sentimental,novela sentimental,novela sentimental,novela sentimental,novela sentimental,novela sentimental,novela sentimental,novela sentimental,novela sentimental,novela sentimental
3663,subgenre-theme,novela histórica,novela sentimental,2000,word,tfidf,2,nh0007,novela histórica,novela histórica,novela histórica,novela histórica,novela histórica,novela histórica,novela histórica,novela histórica,novela histórica,novela histórica,novela histórica
3664,subgenre-theme,novela histórica,novela sentimental,2000,word,tfidf,2,nh0009,novela histórica,novela histórica,novela histórica,novela histórica,novela histórica,novela histórica,novela histórica,novela histórica,novela histórica,novela histórica,novela histórica
3665,subgenre-theme,novela histórica,novela sentimental,2000,word,tfidf,2,nh0013,novela sentimental,novela sentimental,novela sentimental,novela sentimental,novela sentimental,novela sentimental,novela sentimental,novela sentimental,novela sentimental,novela sentimental,novela sentimental
3666,subgenre-theme,novela histórica,novela sentimental,2000,word,tfidf,2,nh0014,novela sentimental,novela sentimental,novela sentimental,novela sentimental,novela sentimental,novela sentimental,novela sentimental,novela sentimental,novela sentimental,novela sentimental,novela sentimental
3667,subgenre-theme,novela histórica,novela sentimental,2000,word,tfidf,2,nh0015,novela histórica,novela histórica,novela histórica,novela histórica,novela histórica,novela histórica,novela histórica,novela histórica,novela histórica,novela histórica,novela histórica
3668,subgenre-theme,novela histórica,novela sentimental,2000,word,tfidf,2,nh0017,novela histórica,novela histórica,novela histórica,novela histórica,novela histórica,novela histórica,novela histórica,novela histórica,novela histórica,novela histórica,novela histórica
3669,subgenre-theme,novela histórica,novela sentimental,2000,word,tfidf,2,nh0018,novela sentimental,novela sentimental,novela sentimental,novela sentimental,novela sentimental,novela sentimental,novela sentimental,novela sentimental,novela sentimental,novela sentimental,novela sentimental
3670,subgenre-theme,novela histórica,novela sentimental,2000,word,tfidf,2,nh0020,novela histórica,novela histórica,novela histórica,novela histórica,novela histórica,novela histórica,novela histórica,novela histórica,novela histórica,novela histórica,novela histórica
3671,subgenre-theme,novela histórica,novela sentimental,2000,word,tfidf,2,nh0021,novela sentimental,novela sentimental,novela sentimental,novela sentimental,novela sentimental,novela sentimental,novela sentimental,novela sentimental,novela sentimental,novela sentimental,novela sentimental
3672,subgenre-theme,novela histórica,novela sentimental,2000,word,tfidf,2,nh0026,novela histórica,novela histórica,novela histórica,novela histórica,novela histórica,novela histórica,novela histórica,novela histórica,novela histórica,novela histórica,novela histórica
3673,subgenre-theme,novela histórica,novela sentimental,2000,word,tfidf,2,nh0034,novela sentimental,novela sentimental,novela histórica,novela sentimental,novela sentimental,novela sentimental,novela sentimental,novela sentimental,novela sentimental,novela sentimental,novela sentimental
3674,subgenre-theme,novela histórica,novela sentimental,2000,word,tfidf,2,nh0035,novela histórica,novela histórica,novela histórica,novela histórica,novela histórica,novela histórica,novela histórica,novela histórica,novela histórica,novela histórica,novela histórica
3675,subgenre-theme,novela histórica,novela sentimental,2000,word,tfidf,2,nh0037,novela histórica,novela histórica,novela histórica,novela histórica,novela histórica,novela histórica,novela histórica,novela histórica,novela histórica,novela histórica,novela histórica
3676,subgenre-theme,novela histórica,novela sentimental,2000,word,tfidf,2,nh0041,novela histórica,novela histórica,novela histórica,novela histórica,novela histórica,novela histórica,novela histórica,novela histórica,novela histórica,novela histórica,novela histórica
3677,subgenre-theme,novela histórica,novela sentimental,2000,word,tfidf,2,nh0043,novela sentimental,novela sentimental,novela sentimental,novela sentimental,novela sentimental,novela sentimental,novela sentimental,novela sentimental,novela sentimental,novela sentimental,novela sentimental
3678,subgenre-theme,novela histórica,novela sentimental,2000,word,tfidf,2,nh0045,novela sentimental,novela sentimental,novela histórica,novela sentimental,novela sentimental,novela sentimental,novela sentimental,novela sentimental,novela sentimental,novela sentimental,novela sentimental
3679,subgenre-theme,novela histórica,novela sentimental,2000,word,tfidf,2,nh0049,novela histórica,novela histórica,novela histórica,novela histórica,novela histórica,novela histórica,novela histórica,novela histórica,novela histórica,novela histórica,novela histórica
3680,subgenre-theme,novela histórica,novela sentimental,2000,word,tfidf,2,nh0054,novela histórica,novela histórica,novela histórica,novela histórica,novela histórica,novela histórica,novela histórica,novela histórica,novela histórica,novela histórica,novela histórica
3681,subgenre-theme,novela histórica,novela sentimental,2000,word,tfidf,2,nh0055,novela histórica,novela histórica,novela histórica,novela histórica,novela histórica,novela histórica,novela histórica,novela histórica,novela histórica,novela histórica,novela histórica
3682,subgenre-theme,novela histórica,novela sentimental,2000,word,tfidf,2,nh0056,novela histórica,novela histórica,novela histórica,novela histórica,novela histórica,novela histórica,novela histórica,novela histórica,novela histórica,novela histórica,novela histórica
3683,subgenre-theme,novela histórica,novela sentimental,2000,word,tfidf,2,nh0064,novela histórica,novela histórica,novela histórica,novela histórica,novela histórica,novela histórica,novela histórica,novela histórica,novela histórica,novela histórica,novela histórica
3684,subgenre-theme,novela histórica,novela sentimental,2000,word,tfidf,2,nh0068,novela sentimental,novela sentimental,novela sentimental,novela sentimental,novela sentimental,novela sentimental,novela sentimental,novela sentimental,novela sentimental,novela sentimental,novela sentimental
3685,subgenre-theme,novela histórica,novela sentimental,2000,word,tfidf,2,nh0069,novela histórica,novela histórica,novela histórica,novela histórica,novela histórica,novela histórica,novela histórica,novela histórica,novela histórica,novela histórica,novela histórica
3686,subgenre-theme,novela histórica,novela sentimental,2000,word,tfidf,2,nh0072,novela sentimental,novela sentimental,novela histórica,novela sentimental,novela sentimental,novela sentimental,novela sentimental,novela sentimental,novela sentimental,novela sentimental,novela sentimental
3687,subgenre-theme,novela histórica,novela sentimental,2000,word,tfidf,2,nh0076,novela sentimental,novela sentimental,novela sentimental,novela sentimental,novela sentimental,novela sentimental,novela sentimental,novela sentimental,novela sentimental,novela sentimental,novela sentimental
3688,subgenre-theme,novela histórica,novela sentimental,2000,word,tfidf,2,nh0082,novela sentimental,novela sentimental,novela sentimental,novela sentimental,novela sentimental,novela sentimental,novela sentimental,novela sentimental,novela sentimental,novela sentimental,novela sentimental
3689,subgenre-theme,novela histórica,novela sentimental,2000,word,tfidf,2,nh0086,novela histórica,novela histórica,novela histórica,novela histórica,novela histórica,novela histórica,novela histórica,novela histórica,novela histórica,novela histórica,novela histórica
3690,subgenre-theme,novela histórica,novela sentimental,2000,word,tfidf,2,nh0087,novela sentimental,novela sentimental,novela sentimental,novela sentimental,novela sentimental,novela sentimental,novela sentimental,novela sentimental,novela sentimental,novela sentimental,novela sentimental
3691,subgenre-theme,novela histórica,novela sentimental,2000,word,tfidf,2,nh0089,novela sentimental,novela sentimental,novela sentimental,novela sentimental,novela sentimental,novela sentimental,novela sentimental,novela sentimental,novela sentimental,novela sentimental,novela sentimental
3692,subgenre-theme,novela histórica,novela sentimental,2000,word,tfidf,2,nh0091,novela histórica,novela histórica,novela histórica,novela histórica,novela histórica,novela histórica,novela histórica,novela histórica,novela histórica,novela histórica,novela histórica
3693,subgenre-theme,novela histórica,novela sentimental,2000,word,tfidf,2,nh0092,novela sentimental,novela sentimental,novela sentimental,novela sentimental,novela sentimental,novela sentimental,novela sentimental,novela sentimental,novela sentimental,novela sentimental,novela sentimental
3694,subgenre-theme,novela histórica,novela sentimental,2000,word,tfidf,2,nh0094,novela histórica,novela histórica,novela histórica,novela histórica,novela histórica,novela histórica,novela histórica,novela histórica,novela histórica,novela histórica,novela histórica
3695,subgenre-theme,novela histórica,novela sentimental,2000,word,tfidf,2,nh0096,novela sentimental,novela sentimental,novela sentimental,novela sentimental,novela sentimental,novela sentimental,novela sentimental,novela sentimental,novela sentimental,novela sentimental,novela sentimental
3696,subgenre-theme,novela histórica,novela sentimental,2000,word,tfidf,2,nh0097,novela histórica,novela histórica,novela histórica,novela histórica,novela histórica,novela histórica,novela histórica,novela histórica,novela histórica,novela histórica,novela histórica
3697,subgenre-theme,novela histórica,novela sentimental,2000,word,tfidf,2,nh0098,novela sentimental,novela sentimental,novela sentimental,novela sentimental,novela sentimental,novela sentimental,novela sentimental,novela sentimental,novela sentimental,novela sentimental,novela sentimental
3698,subgenre-theme,novela histórica,novela sentimental,2000,word,tfidf,2,nh0099,novela sentimental,novela sentimental,novela sentimental,novela sentimental,novela sentimental,novela sentimental,novela sentimental,novela sentimental,novela sentimental,novela sentimental,novela sentimental
3699,subgenre-theme,novela histórica,novela sentimental,2000,word,tfidf,2,nh0100,novela histórica,novela histórica,novela histórica,novela histórica,novela histórica,novela histórica,novela histórica,novela histórica,novela histórica,novela histórica,novela histórica
3700,subgenre-theme,novela histórica,novela sentimental,2000,word,tfidf,2,nh0102,novela sentimental,novela sentimental,novela sentimental,novela sentimental,novela sentimental,novela sentimental,novela sentimental,novela sentimental,novela sentimental,novela sentimental,novela sentimental
3701,subgenre-theme,novela histórica,novela sentimental,2000,word,tfidf,2,nh0103,novela histórica,novela histórica,novela histórica,novela histórica,novela histórica,novela sentimental,novela histórica,novela histórica,novela histórica,novela histórica,novela histórica
3702,subgenre-theme,novela histórica,novela sentimental,2000,word,tfidf,2,nh0104,novela sentimental,novela sentimental,novela sentimental,novela sentimental,novela sentimental,novela sentimental,novela sentimental,novela sentimental,novela sentimental,novela sentimental,novela sentimental
3703,subgenre-theme,novela histórica,novela sentimental,2000,word,tfidf,2,nh0106,novela histórica,novela histórica,novela histórica,novela histórica,novela histórica,novela histórica,novela histórica,novela histórica,novela histórica,novela histórica,novela histórica
3704,subgenre-theme,novela histórica,novela sentimental,2000,word,tfidf,2,nh0107,novela histórica,novela histórica,novela histórica,novela histórica,novela histórica,novela histórica,novela histórica,novela histórica,novela histórica,novela histórica,novela histórica
3705,subgenre-theme,novela histórica,novela sentimental,2000,word,tfidf,2,nh0108,novela histórica,novela histórica,novela histórica,novela histórica,novela histórica,novela histórica,novela histórica,novela histórica,novela histórica,novela histórica,novela histórica
3706,subgenre-theme,novela histórica,novela sentimental,2000,word,tfidf,2,nh0111,novela histórica,novela histórica,novela histórica,novela histórica,novela histórica,novela histórica,novela histórica,novela histórica,novela histórica,novela histórica,novela histórica
3707,subgenre-theme,novela histórica,novela sentimental,2000,word,tfidf,2,nh0115,novela histórica,novela histórica,novela histórica,novela histórica,novela histórica,novela histórica,novela histórica,novela histórica,novela histórica,novela histórica,novela histórica
3708,subgenre-theme,novela histórica,novela sentimental,2000,word,tfidf,2,nh0116,novela histórica,novela histórica,novela histórica,novela histórica,novela histórica,novela histórica,novela histórica,novela histórica,novela histórica,novela histórica,novela histórica
3709,subgenre-theme,novela histórica,novela sentimental,2000,word,tfidf,2,nh0117,novela histórica,novela histórica,novela histórica,novela histórica,novela histórica,novela histórica,novela histórica,novela histórica,novela histórica,novela histórica,novela histórica
3710,subgenre-theme,novela histórica,novela sentimental,2000,word,tfidf,2,nh0119,novela sentimental,novela sentimental,novela sentimental,novela sentimental,novela sentimental,novela sentimental,novela sentimental,novela sentimental,novela sentimental,novela sentimental,novela sentimental
3711,subgenre-theme,novela histórica,novela sentimental,2000,word,tfidf,2,nh0122,novela histórica,novela histórica,novela histórica,novela histórica,novela histórica,novela histórica,novela histórica,novela histórica,novela histórica,novela histórica,novela histórica
3712,subgenre-theme,novela histórica,novela sentimental,2000,word,tfidf,2,nh0123,novela sentimental,novela sentimental,novela sentimental,novela sentimental,novela sentimental,novela sentimental,novela sentimental,novela sentimental,novela sentimental,novela sentimental,novela sentimental
3713,subgenre-theme,novela histórica,novela sentimental,2000,word,tfidf,2,nh0125,novela histórica,novela histórica,novela histórica,novela histórica,novela histórica,novela histórica,novela histórica,novela histórica,novela histórica,novela histórica,novela histórica
3714,subgenre-theme,novela histórica,novela sentimental,2000,word,tfidf,2,nh0130,novela sentimental,novela sentimental,novela sentimental,novela sentimental,novela histórica,novela sentimental,novela sentimental,novela sentimental,novela sentimental,novela sentimental,novela sentimental
3715,subgenre-theme,novela histórica,novela sentimental,2000,word,tfidf,2,nh0132,novela sentimental,novela sentimental,novela sentimental,novela sentimental,novela sentimental,novela sentimental,novela sentimental,novela sentimental,novela sentimental,novela sentimental,novela sentimental
3716,subgenre-theme,novela histórica,novela sentimental,2000,word,tfidf,2,nh0136,novela sentimental,novela sentimental,novela sentimental,novela sentimental,novela sentimental,novela sentimental,novela sentimental,novela sentimental,novela sentimental,novela sentimental,novela sentimental
3717,subgenre-theme,novela histórica,novela sentimental,2000,word,tfidf,2,nh0139,novela histórica,novela histórica,novela histórica,novela histórica,novela histórica,novela histórica,novela histórica,novela histórica,novela histórica,novela histórica,novela histórica
3718,subgenre-theme,novela histórica,novela sentimental,2000,word,tfidf,2,nh0140,novela sentimental,novela sentimental,novela sentimental,novela sentimental,novela sentimental,novela sentimental,novela sentimental,novela sentimental,novela sentimental,novela sentimental,novela sentimental
3719,subgenre-theme,novela histórica,novela sentimental,2000,word,tfidf,2,nh0142,novela histórica,novela histórica,novela histórica,novela histórica,novela histórica,novela histórica,novela histórica,novela histórica,novela histórica,novela histórica,novela histórica
3720,subgenre-theme,novela histórica,novela sentimental,2000,word,tfidf,2,nh0145,novela sentimental,novela sentimental,novela sentimental,novela sentimental,novela sentimental,novela sentimental,novela sentimental,novela sentimental,novela sentimental,novela sentimental,novela sentimental
3721,subgenre-theme,novela histórica,novela sentimental,2000,word,tfidf,2,nh0146,novela sentimental,novela sentimental,novela sentimental,novela sentimental,novela sentimental,novela sentimental,novela sentimental,novela sentimental,novela sentimental,novela sentimental,novela sentimental
3722,subgenre-theme,novela histórica,novela sentimental,2000,word,tfidf,2,nh0150,novela histórica,novela histórica,novela histórica,novela histórica,novela histórica,novela histórica,novela histórica,novela sentimental,novela histórica,novela histórica,novela histórica
3723,subgenre-theme,novela histórica,novela sentimental,2000,word,tfidf,2,nh0151,novela sentimental,novela sentimental,novela sentimental,novela sentimental,novela sentimental,novela sentimental,novela sentimental,novela sentimental,novela sentimental,novela sentimental,novela sentimental
3724,subgenre-theme,novela histórica,novela sentimental,2000,word,tfidf,2,nh0154,novela sentimental,novela sentimental,novela sentimental,novela sentimental,novela sentimental,novela sentimental,novela sentimental,novela sentimental,novela sentimental,novela sentimental,novela sentimental
3725,subgenre-theme,novela histórica,novela sentimental,2000,word,tfidf,2,nh0156,novela sentimental,novela sentimental,novela sentimental,novela sentimental,novela sentimental,novela sentimental,novela sentimental,novela sentimental,novela sentimental,novela sentimental,novela sentimental
3726,subgenre-theme,novela histórica,novela sentimental,2000,word,tfidf,2,nh0158,novela histórica,novela histórica,novela histórica,novela histórica,novela histórica,novela histórica,novela histórica,novela histórica,novela histórica,novela histórica,novela histórica
3727,subgenre-theme,novela histórica,novela sentimental,2000,word,tfidf,2,nh0160,novela histórica,novela histórica,novela histórica,novela histórica,novela histórica,novela histórica,novela histórica,novela histórica,novela histórica,novela histórica,novela histórica
3728,subgenre-theme,novela histórica,novela sentimental,2000,word,tfidf,2,nh0161,novela histórica,novela histórica,novela histórica,novela histórica,novela histórica,novela histórica,novela histórica,novela histórica,novela histórica,novela histórica,novela histórica
3729,subgenre-theme,novela histórica,novela sentimental,2000,word,tfidf,2,nh0162,novela sentimental,novela sentimental,novela sentimental,novela sentimental,novela sentimental,novela sentimental,novela sentimental,novela sentimental,novela sentimental,novela sentimental,novela sentimental
3730,subgenre-theme,novela histórica,novela sentimental,2000,word,tfidf,2,nh0165,novela histórica,novela histórica,novela histórica,novela histórica,novela histórica,novela histórica,novela histórica,novela histórica,novela histórica,novela histórica,novela histórica
3731,subgenre-theme,novela histórica,novela sentimental,2000,word,tfidf,2,nh0168,novela histórica,novela histórica,novela histórica,novela histórica,novela histórica,novela histórica,novela histórica,novela histórica,novela histórica,novela histórica,novela histórica
3732,subgenre-theme,novela histórica,novela sentimental,2000,word,tfidf,2,nh0169,novela histórica,novela histórica,novela histórica,novela histórica,novela histórica,novela histórica,novela histórica,novela histórica,novela sentimental,novela histórica,novela histórica
3733,subgenre-theme,novela histórica,novela sentimental,2000,word,tfidf,2,nh0171,novela sentimental,novela sentimental,novela sentimental,novela sentimental,novela sentimental,novela sentimental,novela sentimental,novela sentimental,novela sentimental,novela sentimental,novela sentimental
3734,subgenre-theme,novela histórica,novela sentimental,2000,word,tfidf,2,nh0176,novela histórica,novela histórica,novela histórica,novela histórica,novela histórica,novela histórica,novela histórica,novela histórica,novela histórica,novela histórica,novela histórica
3735,subgenre-theme,novela histórica,novela sentimental,2000,word,tfidf,2,nh0180,novela histórica,novela histórica,novela histórica,novela histórica,novela histórica,novela histórica,novela histórica,novela histórica,novela histórica,novela histórica,novela histórica
3736,subgenre-theme,novela histórica,novela sentimental,2000,word,tfidf,2,nh0181,novela histórica,novela histórica,novela histórica,novela histórica,novela histórica,novela histórica,novela histórica,novela histórica,novela histórica,novela histórica,novela histórica
3737,subgenre-theme,novela histórica,novela sentimental,2000,word,tfidf,2,nh0182,novela histórica,novela histórica,novela histórica,novela histórica,novela histórica,novela histórica,novela histórica,novela histórica,novela histórica,novela histórica,novela histórica
3738,subgenre-theme,novela histórica,novela sentimental,2000,word,tfidf,2,nh0183,novela sentimental,novela sentimental,novela sentimental,novela sentimental,novela sentimental,novela sentimental,novela sentimental,novela sentimental,novela sentimental,novela sentimental,novela sentimental
3739,subgenre-theme,novela histórica,novela sentimental,2000,word,tfidf,2,nh0184,novela histórica,novela histórica,novela histórica,novela histórica,novela histórica,novela histórica,novela histórica,novela histórica,novela histórica,novela histórica,novela histórica
3740,subgenre-theme,novela histórica,novela sentimental,2000,word,tfidf,2,nh0187,novela sentimental,novela sentimental,novela sentimental,novela sentimental,novela sentimental,novela sentimental,novela sentimental,novela sentimental,novela sentimental,novela sentimental,novela sentimental
3741,subgenre-theme,novela histórica,novela sentimental,2000,word,tfidf,2,nh0188,novela sentimental,novela sentimental,novela sentimental,novela sentimental,novela sentimental,novela sentimental,novela sentimental,novela sentimental,novela sentimental,novela sentimental,novela sentimental
3742,subgenre-theme,novela histórica,novela sentimental,2000,word,tfidf,2,nh0195,novela sentimental,novela sentimental,novela sentimental,novela sentimental,novela sentimental,novela sentimental,novela sentimental,novela sentimental,novela sentimental,novela sentimental,novela sentimental
3743,subgenre-theme,novela histórica,novela sentimental,2000,word,tfidf,2,nh0196,novela histórica,novela histórica,novela histórica,novela histórica,novela histórica,novela histórica,novela histórica,novela histórica,novela histórica,novela histórica,novela histórica
3744,subgenre-theme,novela histórica,novela sentimental,2000,word,tfidf,2,nh0202,novela sentimental,novela sentimental,novela sentimental,novela sentimental,novela sentimental,novela sentimental,novela sentimental,novela histórica,novela sentimental,novela sentimental,novela sentimental
3745,subgenre-theme,novela histórica,novela sentimental,2000,word,tfidf,2,nh0207,novela sentimental,novela sentimental,novela sentimental,novela sentimental,novela sentimental,novela sentimental,novela sentimental,novela sentimental,novela sentimental,novela sentimental,novela sentimental
3746,subgenre-theme,novela histórica,novela sentimental,2000,word,tfidf,2,nh0208,novela histórica,novela histórica,novela histórica,novela histórica,novela histórica,novela histórica,novela histórica,novela histórica,novela histórica,novela histórica,novela histórica
3747,subgenre-theme,novela histórica,novela sentimental,2000,word,tfidf,2,nh0209,novela sentimental,novela sentimental,novela sentimental,novela sentimental,novela sentimental,novela sentimental,novela sentimental,novela sentimental,novela sentimental,novela sentimental,novela sentimental
3748,subgenre-theme,novela histórica,novela sentimental,2000,word,tfidf,2,nh0210,novela histórica,novela histórica,novela histórica,novela histórica,novela histórica,novela histórica,novela histórica,novela histórica,novela histórica,novela histórica,novela histórica
3749,subgenre-theme,novela histórica,novela sentimental,2000,word,tfidf,2,nh0212,novela sentimental,novela sentimental,novela sentimental,novela sentimental,novela sentimental,novela sentimental,novela sentimental,novela sentimental,novela sentimental,novela sentimental,novela sentimental
3750,subgenre-theme,novela histórica,novela sentimental,2000,word,tfidf,2,nh0216,novela sentimental,novela sentimental,novela sentimental,novela sentimental,novela sentimental,novela sentimental,novela sentimental,novela sentimental,novela sentimental,novela sentimental,novela sentimental
3751,subgenre-theme,novela histórica,novela sentimental,2000,word,tfidf,2,nh0218,novela sentimental,novela sentimental,novela sentimental,novela sentimental,novela sentimental,novela sentimental,novela sentimental,novela sentimental,novela sentimental,novela sentimental,novela sentimental
3752,subgenre-theme,novela histórica,novela sentimental,2000,word,tfidf,2,nh0219,novela sentimental,novela sentimental,novela sentimental,novela sentimental,novela sentimental,novela sentimental,novela sentimental,novela sentimental,novela histórica,novela sentimental,novela sentimental
3753,subgenre-theme,novela histórica,novela sentimental,2000,word,tfidf,2,nh0222,novela histórica,novela histórica,novela histórica,novela histórica,novela histórica,novela histórica,novela histórica,novela histórica,novela histórica,novela sentimental,novela histórica
3754,subgenre-theme,novela histórica,novela sentimental,2000,word,tfidf,2,nh0227,novela histórica,novela histórica,novela histórica,novela histórica,novela histórica,novela histórica,novela histórica,novela histórica,novela histórica,novela histórica,novela histórica
3755,subgenre-theme,novela histórica,novela sentimental,2000,word,tfidf,2,nh0228,novela sentimental,novela sentimental,novela sentimental,novela sentimental,novela sentimental,novela sentimental,novela sentimental,novela sentimental,novela sentimental,novela sentimental,novela sentimental
3756,subgenre-theme,novela histórica,novela sentimental,2000,word,tfidf,2,nh0230,novela sentimental,novela sentimental,novela sentimental,novela sentimental,novela sentimental,novela sentimental,novela sentimental,novela sentimental,novela sentimental,novela sentimental,novela sentimental
3757,subgenre-theme,novela histórica,novela sentimental,2000,word,tfidf,2,nh0233,novela sentimental,novela sentimental,novela sentimental,novela sentimental,novela sentimental,novela sentimental,novela sentimental,novela sentimental,novela sentimental,novela sentimental,novela sentimental
3758,subgenre-theme,novela histórica,novela sentimental,2000,word,tfidf,2,nh0237,novela sentimental,novela sentimental,novela sentimental,novela sentimental,novela sentimental,novela sentimental,novela sentimental,novela sentimental,novela sentimental,novela sentimental,novela sentimental
3759,subgenre-theme,novela histórica,novela sentimental,2000,word,tfidf,2,nh0241,novela sentimental,novela sentimental,novela sentimental,novela sentimental,novela sentimental,novela sentimental,novela sentimental,novela sentimental,novela sentimental,novela histórica,novela sentimental
3760,subgenre-theme,novela histórica,novela sentimental,2000,word,tfidf,2,nh0243,novela histórica,novela histórica,novela histórica,novela histórica,novela histórica,novela histórica,novela histórica,novela histórica,novela histórica,novela histórica,novela histórica
3761,subgenre-theme,novela histórica,novela sentimental,2000,word,tfidf,2,nh0245,novela sentimental,novela sentimental,novela sentimental,novela sentimental,novela sentimental,novela sentimental,novela sentimental,novela sentimental,novela sentimental,novela sentimental,novela sentimental
3762,subgenre-theme,novela histórica,novela sentimental,2000,word,tfidf,2,nh0247,novela histórica,novela histórica,novela histórica,novela histórica,novela histórica,novela histórica,novela histórica,novela histórica,novela histórica,novela histórica,novela histórica
3763,subgenre-theme,novela histórica,novela sentimental,2000,word,tfidf,2,nh0248,novela histórica,novela histórica,novela histórica,novela histórica,novela histórica,novela histórica,novela histórica,novela histórica,novela histórica,novela histórica,novela histórica
3764,subgenre-theme,novela histórica,novela sentimental,2000,word,tfidf,2,nh0249,novela histórica,novela histórica,novela histórica,novela histórica,novela histórica,novela histórica,novela histórica,novela histórica,novela histórica,novela histórica,novela histórica
3765,subgenre-theme,novela histórica,novela sentimental,2000,word,tfidf,2,nh0250,novela sentimental,novela sentimental,novela sentimental,novela sentimental,novela sentimental,novela sentimental,novela sentimental,novela sentimental,novela sentimental,novela sentimental,novela sentimental
3766,subgenre-theme,novela histórica,novela sentimental,2000,word,tfidf,2,nh0251,novela sentimental,novela sentimental,novela sentimental,novela sentimental,novela sentimental,novela sentimental,novela sentimental,novela sentimental,novela sentimental,novela sentimental,novela sentimental
3767,subgenre-theme,novela histórica,novela sentimental,2000,word,tfidf,2,nh0252,novela sentimental,novela sentimental,novela sentimental,novela sentimental,novela sentimental,novela sentimental,novela sentimental,novela sentimental,novela sentimental,novela sentimental,novela sentimental
3768,subgenre-theme,novela histórica,novela sentimental,2000,word,tfidf,2,nh0253,novela histórica,novela histórica,novela histórica,novela histórica,novela histórica,novela histórica,novela histórica,novela histórica,novela histórica,novela histórica,novela histórica
3769,subgenre-theme,novela histórica,novela sentimental,2000,word,tfidf,2,nh0254,novela sentimental,novela sentimental,novela sentimental,novela sentimental,novela sentimental,novela sentimental,novela sentimental,novela sentimental,novela sentimental,novela sentimental,novela sentimental
3770,subgenre-theme,novela histórica,novela sentimental,2000,word,tfidf,3,nh0003,novela sentimental,novela sentimental,novela sentimental,novela sentimental,novela sentimental,novela sentimental,novela sentimental,novela sentimental,novela sentimental,novela sentimental,novela sentimental
3771,subgenre-theme,novela histórica,novela sentimental,2000,word,tfidf,3,nh0006,novela sentimental,novela sentimental,novela sentimental,novela sentimental,novela sentimental,novela sentimental,novela sentimental,novela sentimental,novela sentimental,novela sentimental,novela sentimental
3772,subgenre-theme,novela histórica,novela sentimental,2000,word,tfidf,3,nh0007,novela histórica,novela histórica,novela histórica,novela histórica,novela histórica,novela histórica,novela histórica,novela histórica,novela histórica,novela histórica,novela histórica
3773,subgenre-theme,novela histórica,novela sentimental,2000,word,tfidf,3,nh0009,novela histórica,novela histórica,novela histórica,novela histórica,novela histórica,novela histórica,novela histórica,novela histórica,novela histórica,novela histórica,novela histórica
3774,subgenre-theme,novela histórica,novela sentimental,2000,word,tfidf,3,nh0013,novela sentimental,novela sentimental,novela sentimental,novela sentimental,novela sentimental,novela sentimental,novela sentimental,novela sentimental,novela sentimental,novela sentimental,novela sentimental
3775,subgenre-theme,novela histórica,novela sentimental,2000,word,tfidf,3,nh0014,novela sentimental,novela sentimental,novela sentimental,novela sentimental,novela sentimental,novela sentimental,novela sentimental,novela sentimental,novela sentimental,novela sentimental,novela sentimental
3776,subgenre-theme,novela histórica,novela sentimental,2000,word,tfidf,3,nh0017,novela histórica,novela histórica,novela histórica,novela histórica,novela histórica,novela histórica,novela histórica,novela histórica,novela histórica,novela histórica,novela histórica
3777,subgenre-theme,novela histórica,novela sentimental,2000,word,tfidf,3,nh0018,novela sentimental,novela sentimental,novela sentimental,novela sentimental,novela sentimental,novela sentimental,novela sentimental,novela sentimental,novela sentimental,novela sentimental,novela sentimental
3778,subgenre-theme,novela histórica,novela sentimental,2000,word,tfidf,3,nh0021,novela sentimental,novela sentimental,novela sentimental,novela sentimental,novela sentimental,novela sentimental,novela sentimental,novela sentimental,novela sentimental,novela sentimental,novela sentimental
3779,subgenre-theme,novela histórica,novela sentimental,2000,word,tfidf,3,nh0022,novela histórica,novela histórica,novela histórica,novela histórica,novela histórica,novela histórica,novela histórica,novela histórica,novela histórica,novela histórica,novela histórica
3780,subgenre-theme,novela histórica,novela sentimental,2000,word,tfidf,3,nh0025,novela histórica,novela histórica,novela histórica,novela histórica,novela histórica,novela histórica,novela histórica,novela histórica,novela histórica,novela histórica,novela histórica
3781,subgenre-theme,novela histórica,novela sentimental,2000,word,tfidf,3,nh0026,novela histórica,novela histórica,novela histórica,novela histórica,novela histórica,novela histórica,novela histórica,novela histórica,novela histórica,novela histórica,novela histórica
3782,subgenre-theme,novela histórica,novela sentimental,2000,word,tfidf,3,nh0034,novela sentimental,novela sentimental,novela sentimental,novela sentimental,novela sentimental,novela sentimental,novela sentimental,novela sentimental,novela sentimental,novela sentimental,novela sentimental
3783,subgenre-theme,novela histórica,novela sentimental,2000,word,tfidf,3,nh0037,novela histórica,novela histórica,novela histórica,novela histórica,novela histórica,novela histórica,novela histórica,novela histórica,novela histórica,novela histórica,novela histórica
3784,subgenre-theme,novela histórica,novela sentimental,2000,word,tfidf,3,nh0040,novela histórica,novela histórica,novela sentimental,novela histórica,novela histórica,novela histórica,novela histórica,novela histórica,novela histórica,novela histórica,novela histórica
3785,subgenre-theme,novela histórica,novela sentimental,2000,word,tfidf,3,nh0041,novela histórica,novela histórica,novela histórica,novela histórica,novela histórica,novela histórica,novela histórica,novela histórica,novela histórica,novela histórica,novela histórica
3786,subgenre-theme,novela histórica,novela sentimental,2000,word,tfidf,3,nh0043,novela sentimental,novela sentimental,novela sentimental,novela sentimental,novela sentimental,novela sentimental,novela sentimental,novela sentimental,novela sentimental,novela sentimental,novela sentimental
3787,subgenre-theme,novela histórica,novela sentimental,2000,word,tfidf,3,nh0045,novela sentimental,novela sentimental,novela histórica,novela sentimental,novela sentimental,novela sentimental,novela sentimental,novela sentimental,novela sentimental,novela sentimental,novela sentimental
3788,subgenre-theme,novela histórica,novela sentimental,2000,word,tfidf,3,nh0049,novela histórica,novela histórica,novela histórica,novela histórica,novela histórica,novela histórica,novela histórica,novela histórica,novela histórica,novela histórica,novela histórica
3789,subgenre-theme,novela histórica,novela sentimental,2000,word,tfidf,3,nh0055,novela histórica,novela histórica,novela histórica,novela histórica,novela histórica,novela histórica,novela histórica,novela histórica,novela histórica,novela histórica,novela histórica
3790,subgenre-theme,novela histórica,novela sentimental,2000,word,tfidf,3,nh0056,novela histórica,novela histórica,novela histórica,novela histórica,novela histórica,novela histórica,novela histórica,novela histórica,novela histórica,novela histórica,novela histórica
3791,subgenre-theme,novela histórica,novela sentimental,2000,word,tfidf,3,nh0064,novela histórica,novela histórica,novela histórica,novela histórica,novela histórica,novela histórica,novela histórica,novela histórica,novela histórica,novela histórica,novela histórica
3792,subgenre-theme,novela histórica,novela sentimental,2000,word,tfidf,3,nh0068,novela sentimental,novela sentimental,novela sentimental,novela sentimental,novela sentimental,novela sentimental,novela sentimental,novela sentimental,novela sentimental,novela sentimental,novela sentimental
3793,subgenre-theme,novela histórica,novela sentimental,2000,word,tfidf,3,nh0069,novela histórica,novela histórica,novela histórica,novela histórica,novela histórica,novela histórica,novela histórica,novela histórica,novela histórica,novela histórica,novela histórica
3794,subgenre-theme,novela histórica,novela sentimental,2000,word,tfidf,3,nh0072,novela sentimental,novela sentimental,novela histórica,novela sentimental,novela sentimental,novela sentimental,novela sentimental,novela sentimental,novela sentimental,novela sentimental,novela sentimental
3795,subgenre-theme,novela histórica,novela sentimental,2000,word,tfidf,3,nh0076,novela sentimental,novela sentimental,novela sentimental,novela sentimental,novela sentimental,novela sentimental,novela sentimental,novela sentimental,novela sentimental,novela sentimental,novela sentimental
3796,subgenre-theme,novela histórica,novela sentimental,2000,word,tfidf,3,nh0081,novela histórica,novela histórica,novela histórica,novela histórica,novela histórica,novela histórica,novela histórica,novela histórica,novela histórica,novela histórica,novela histórica
3797,subgenre-theme,novela histórica,novela sentimental,2000,word,tfidf,3,nh0082,novela sentimental,novela sentimental,novela sentimental,novela sentimental,novela sentimental,novela sentimental,novela sentimental,novela sentimental,novela sentimental,novela sentimental,novela sentimental
3798,subgenre-theme,novela histórica,novela sentimental,2000,word,tfidf,3,nh0086,novela histórica,novela histórica,novela histórica,novela histórica,novela histórica,novela histórica,novela histórica,novela histórica,novela histórica,novela histórica,novela histórica
3799,subgenre-theme,novela histórica,novela sentimental,2000,word,tfidf,3,nh0087,novela sentimental,novela sentimental,novela sentimental,novela sentimental,novela sentimental,novela sentimental,novela sentimental,novela sentimental,novela sentimental,novela sentimental,novela sentimental
3800,subgenre-theme,novela histórica,novela sentimental,2000,word,tfidf,3,nh0089,novela sentimental,novela sentimental,novela sentimental,novela sentimental,novela sentimental,novela sentimental,novela sentimental,novela sentimental,novela sentimental,novela sentimental,novela sentimental
3801,subgenre-theme,novela histórica,novela sentimental,2000,word,tfidf,3,nh0091,novela histórica,novela histórica,novela histórica,novela histórica,novela histórica,novela histórica,novela histórica,novela histórica,novela histórica,novela histórica,novela histórica
3802,subgenre-theme,novela histórica,novela sentimental,2000,word,tfidf,3,nh0092,novela sentimental,novela sentimental,novela sentimental,novela sentimental,novela sentimental,novela sentimental,novela sentimental,novela sentimental,novela sentimental,novela sentimental,novela sentimental
3803,subgenre-theme,novela histórica,novela sentimental,2000,word,tfidf,3,nh0096,novela sentimental,novela sentimental,novela sentimental,novela sentimental,novela sentimental,novela sentimental,novela sentimental,novela sentimental,novela sentimental,novela sentimental,novela sentimental
3804,subgenre-theme,novela histórica,novela sentimental,2000,word,tfidf,3,nh0097,novela histórica,novela histórica,novela histórica,novela histórica,novela histórica,novela histórica,novela histórica,novela histórica,novela histórica,novela histórica,novela histórica
3805,subgenre-theme,novela histórica,novela sentimental,2000,word,tfidf,3,nh0098,novela sentimental,novela sentimental,novela sentimental,novela sentimental,novela sentimental,novela sentimental,novela sentimental,novela sentimental,novela sentimental,novela sentimental,novela sentimental
3806,subgenre-theme,novela histórica,novela sentimental,2000,word,tfidf,3,nh0099,novela sentimental,novela sentimental,novela sentimental,novela sentimental,novela sentimental,novela sentimental,novela sentimental,novela sentimental,novela sentimental,novela sentimental,novela sentimental
3807,subgenre-theme,novela histórica,novela sentimental,2000,word,tfidf,3,nh0100,novela histórica,novela histórica,novela histórica,novela histórica,novela histórica,novela histórica,novela histórica,novela histórica,novela histórica,novela histórica,novela histórica
3808,subgenre-theme,novela histórica,novela sentimental,2000,word,tfidf,3,nh0102,novela sentimental,novela sentimental,novela sentimental,novela sentimental,novela sentimental,novela sentimental,novela sentimental,novela sentimental,novela sentimental,novela sentimental,novela sentimental
3809,subgenre-theme,novela histórica,novela sentimental,2000,word,tfidf,3,nh0103,novela histórica,novela histórica,novela histórica,novela histórica,novela sentimental,novela histórica,novela histórica,novela histórica,novela histórica,novela histórica,novela histórica
3810,subgenre-theme,novela histórica,novela sentimental,2000,word,tfidf,3,nh0104,novela sentimental,novela sentimental,novela sentimental,novela sentimental,novela sentimental,novela sentimental,novela sentimental,novela sentimental,novela sentimental,novela sentimental,novela sentimental
3811,subgenre-theme,novela histórica,novela sentimental,2000,word,tfidf,3,nh0106,novela histórica,novela histórica,novela histórica,novela histórica,novela histórica,novela histórica,novela histórica,novela histórica,novela histórica,novela histórica,novela histórica
3812,subgenre-theme,novela histórica,novela sentimental,2000,word,tfidf,3,nh0107,novela histórica,novela histórica,novela histórica,novela histórica,novela histórica,novela histórica,novela histórica,novela histórica,novela histórica,novela histórica,novela histórica
3813,subgenre-theme,novela histórica,novela sentimental,2000,word,tfidf,3,nh0108,novela histórica,novela histórica,novela histórica,novela histórica,novela histórica,novela histórica,novela histórica,novela histórica,novela histórica,novela histórica,novela histórica
3814,subgenre-theme,novela histórica,novela sentimental,2000,word,tfidf,3,nh0116,novela histórica,novela histórica,novela histórica,novela histórica,novela histórica,novela histórica,novela histórica,novela histórica,novela histórica,novela histórica,novela histórica
3815,subgenre-theme,novela histórica,novela sentimental,2000,word,tfidf,3,nh0117,novela histórica,novela histórica,novela histórica,novela histórica,novela histórica,novela histórica,novela histórica,novela histórica,novela histórica,novela histórica,novela histórica
3816,subgenre-theme,novela histórica,novela sentimental,2000,word,tfidf,3,nh0119,novela sentimental,novela sentimental,novela sentimental,novela sentimental,novela sentimental,novela sentimental,novela sentimental,novela sentimental,novela sentimental,novela sentimental,novela sentimental
3817,subgenre-theme,novela histórica,novela sentimental,2000,word,tfidf,3,nh0122,novela histórica,novela histórica,novela histórica,novela histórica,novela histórica,novela histórica,novela histórica,novela histórica,novela histórica,novela histórica,novela histórica
3818,subgenre-theme,novela histórica,novela sentimental,2000,word,tfidf,3,nh0123,novela sentimental,novela sentimental,novela sentimental,novela sentimental,novela sentimental,novela sentimental,novela sentimental,novela sentimental,novela sentimental,novela sentimental,novela sentimental
3819,subgenre-theme,novela histórica,novela sentimental,2000,word,tfidf,3,nh0125,novela histórica,novela histórica,novela histórica,novela histórica,novela histórica,novela histórica,novela histórica,novela histórica,novela histórica,novela histórica,novela histórica
3820,subgenre-theme,novela histórica,novela sentimental,2000,word,tfidf,3,nh0130,novela sentimental,novela sentimental,novela sentimental,novela sentimental,novela histórica,novela sentimental,novela sentimental,novela sentimental,novela sentimental,novela sentimental,novela sentimental
3821,subgenre-theme,novela histórica,novela sentimental,2000,word,tfidf,3,nh0132,novela sentimental,novela sentimental,novela sentimental,novela sentimental,novela sentimental,novela sentimental,novela sentimental,novela sentimental,novela sentimental,novela sentimental,novela sentimental
3822,subgenre-theme,novela histórica,novela sentimental,2000,word,tfidf,3,nh0136,novela sentimental,novela sentimental,novela sentimental,novela sentimental,novela sentimental,novela sentimental,novela sentimental,novela sentimental,novela sentimental,novela sentimental,novela sentimental
3823,subgenre-theme,novela histórica,novela sentimental,2000,word,tfidf,3,nh0139,novela histórica,novela histórica,novela histórica,novela histórica,novela histórica,novela histórica,novela histórica,novela histórica,novela histórica,novela histórica,novela histórica
3824,subgenre-theme,novela histórica,novela sentimental,2000,word,tfidf,3,nh0140,novela sentimental,novela sentimental,novela sentimental,novela sentimental,novela sentimental,novela sentimental,novela sentimental,novela sentimental,novela sentimental,novela sentimental,novela sentimental
3825,subgenre-theme,novela histórica,novela sentimental,2000,word,tfidf,3,nh0142,novela histórica,novela histórica,novela histórica,novela histórica,novela histórica,novela histórica,novela histórica,novela histórica,novela histórica,novela histórica,novela histórica
3826,subgenre-theme,novela histórica,novela sentimental,2000,word,tfidf,3,nh0143,novela histórica,novela histórica,novela histórica,novela histórica,novela histórica,novela histórica,novela histórica,novela histórica,novela histórica,novela histórica,novela histórica
3827,subgenre-theme,novela histórica,novela sentimental,2000,word,tfidf,3,nh0145,novela sentimental,novela sentimental,novela sentimental,novela sentimental,novela sentimental,novela sentimental,novela sentimental,novela sentimental,novela sentimental,novela sentimental,novela sentimental
3828,subgenre-theme,novela histórica,novela sentimental,2000,word,tfidf,3,nh0146,novela sentimental,novela sentimental,novela sentimental,novela sentimental,novela sentimental,novela sentimental,novela sentimental,novela sentimental,novela sentimental,novela sentimental,novela sentimental
3829,subgenre-theme,novela histórica,novela sentimental,2000,word,tfidf,3,nh0149,novela histórica,novela histórica,novela histórica,novela histórica,novela histórica,novela histórica,novela histórica,novela histórica,novela histórica,novela histórica,novela histórica
3830,subgenre-theme,novela histórica,novela sentimental,2000,word,tfidf,3,nh0150,novela histórica,novela histórica,novela histórica,novela histórica,novela histórica,novela histórica,novela histórica,novela sentimental,novela histórica,novela histórica,novela histórica
3831,subgenre-theme,novela histórica,novela sentimental,2000,word,tfidf,3,nh0151,novela sentimental,novela sentimental,novela sentimental,novela sentimental,novela sentimental,novela sentimental,novela sentimental,novela sentimental,novela sentimental,novela sentimental,novela sentimental
3832,subgenre-theme,novela histórica,novela sentimental,2000,word,tfidf,3,nh0152,novela histórica,novela histórica,novela histórica,novela histórica,novela histórica,novela histórica,novela histórica,novela histórica,novela histórica,novela histórica,novela histórica
3833,subgenre-theme,novela histórica,novela sentimental,2000,word,tfidf,3,nh0154,novela sentimental,novela sentimental,novela sentimental,novela sentimental,novela sentimental,novela sentimental,novela sentimental,novela sentimental,novela sentimental,novela sentimental,novela sentimental
3834,subgenre-theme,novela histórica,novela sentimental,2000,word,tfidf,3,nh0156,novela sentimental,novela sentimental,novela sentimental,novela sentimental,novela sentimental,novela sentimental,novela sentimental,novela sentimental,novela sentimental,novela sentimental,novela sentimental
3835,subgenre-theme,novela histórica,novela sentimental,2000,word,tfidf,3,nh0158,novela histórica,novela histórica,novela histórica,novela histórica,novela histórica,novela histórica,novela histórica,novela histórica,novela histórica,novela histórica,novela histórica
3836,subgenre-theme,novela histórica,novela sentimental,2000,word,tfidf,3,nh0159,novela histórica,novela histórica,novela histórica,novela histórica,novela histórica,novela histórica,novela histórica,novela histórica,novela histórica,novela histórica,novela histórica
3837,subgenre-theme,novela histórica,novela sentimental,2000,word,tfidf,3,nh0160,novela histórica,novela histórica,novela histórica,novela histórica,novela histórica,novela histórica,novela histórica,novela histórica,novela histórica,novela histórica,novela histórica
3838,subgenre-theme,novela histórica,novela sentimental,2000,word,tfidf,3,nh0161,novela histórica,novela histórica,novela histórica,novela histórica,novela histórica,novela histórica,novela histórica,novela histórica,novela histórica,novela histórica,novela histórica
3839,subgenre-theme,novela histórica,novela sentimental,2000,word,tfidf,3,nh0162,novela sentimental,novela sentimental,novela sentimental,novela sentimental,novela sentimental,novela sentimental,novela sentimental,novela sentimental,novela sentimental,novela sentimental,novela sentimental
3840,subgenre-theme,novela histórica,novela sentimental,2000,word,tfidf,3,nh0166,novela histórica,novela histórica,novela histórica,novela histórica,novela histórica,novela histórica,novela histórica,novela histórica,novela histórica,novela histórica,novela histórica
3841,subgenre-theme,novela histórica,novela sentimental,2000,word,tfidf,3,nh0168,novela histórica,novela histórica,novela histórica,novela histórica,novela histórica,novela histórica,novela histórica,novela histórica,novela histórica,novela histórica,novela histórica
3842,subgenre-theme,novela histórica,novela sentimental,2000,word,tfidf,3,nh0169,novela histórica,novela histórica,novela histórica,novela histórica,novela histórica,novela histórica,novela histórica,novela histórica,novela histórica,novela histórica,novela histórica
3843,subgenre-theme,novela histórica,novela sentimental,2000,word,tfidf,3,nh0171,novela sentimental,novela sentimental,novela sentimental,novela sentimental,novela sentimental,novela sentimental,novela sentimental,novela sentimental,novela sentimental,novela sentimental,novela sentimental
3844,subgenre-theme,novela histórica,novela sentimental,2000,word,tfidf,3,nh0180,novela histórica,novela histórica,novela histórica,novela histórica,novela histórica,novela histórica,novela histórica,novela histórica,novela histórica,novela histórica,novela histórica
3845,subgenre-theme,novela histórica,novela sentimental,2000,word,tfidf,3,nh0181,novela histórica,novela histórica,novela histórica,novela histórica,novela histórica,novela histórica,novela histórica,novela histórica,novela histórica,novela histórica,novela histórica
3846,subgenre-theme,novela histórica,novela sentimental,2000,word,tfidf,3,nh0182,novela histórica,novela histórica,novela histórica,novela histórica,novela histórica,novela histórica,novela histórica,novela histórica,novela histórica,novela histórica,novela histórica
3847,subgenre-theme,novela histórica,novela sentimental,2000,word,tfidf,3,nh0183,novela sentimental,novela sentimental,novela sentimental,novela sentimental,novela sentimental,novela sentimental,novela sentimental,novela sentimental,novela sentimental,novela sentimental,novela sentimental
3848,subgenre-theme,novela histórica,novela sentimental,2000,word,tfidf,3,nh0184,novela histórica,novela histórica,novela histórica,novela histórica,novela histórica,novela histórica,novela histórica,novela histórica,novela histórica,novela histórica,novela histórica
3849,subgenre-theme,novela histórica,novela sentimental,2000,word,tfidf,3,nh0187,novela sentimental,novela sentimental,novela sentimental,novela sentimental,novela sentimental,novela sentimental,novela sentimental,novela sentimental,novela sentimental,novela sentimental,novela sentimental
3850,subgenre-theme,novela histórica,novela sentimental,2000,word,tfidf,3,nh0188,novela sentimental,novela sentimental,novela sentimental,novela sentimental,novela sentimental,novela sentimental,novela sentimental,novela sentimental,novela sentimental,novela sentimental,novela sentimental
3851,subgenre-theme,novela histórica,novela sentimental,2000,word,tfidf,3,nh0195,novela sentimental,novela sentimental,novela sentimental,novela sentimental,novela sentimental,novela sentimental,novela sentimental,novela sentimental,novela sentimental,novela sentimental,novela sentimental
3852,subgenre-theme,novela histórica,novela sentimental,2000,word,tfidf,3,nh0196,novela histórica,novela histórica,novela histórica,novela histórica,novela histórica,novela histórica,novela histórica,novela histórica,novela histórica,novela histórica,novela histórica
3853,subgenre-theme,novela histórica,novela sentimental,2000,word,tfidf,3,nh0202,novela sentimental,novela sentimental,novela sentimental,novela sentimental,novela sentimental,novela sentimental,novela sentimental,novela histórica,novela sentimental,novela sentimental,novela sentimental
3854,subgenre-theme,novela histórica,novela sentimental,2000,word,tfidf,3,nh0203,novela histórica,novela histórica,novela histórica,novela histórica,novela histórica,novela histórica,novela histórica,novela histórica,novela histórica,novela histórica,novela histórica
3855,subgenre-theme,novela histórica,novela sentimental,2000,word,tfidf,3,nh0207,novela sentimental,novela sentimental,novela sentimental,novela sentimental,novela sentimental,novela sentimental,novela sentimental,novela sentimental,novela sentimental,novela sentimental,novela sentimental
3856,subgenre-theme,novela histórica,novela sentimental,2000,word,tfidf,3,nh0208,novela histórica,novela histórica,novela histórica,novela histórica,novela histórica,novela histórica,novela histórica,novela histórica,novela histórica,novela histórica,novela histórica
3857,subgenre-theme,novela histórica,novela sentimental,2000,word,tfidf,3,nh0209,novela sentimental,novela sentimental,novela sentimental,novela sentimental,novela sentimental,novela sentimental,novela sentimental,novela sentimental,novela sentimental,novela sentimental,novela sentimental
3858,subgenre-theme,novela histórica,novela sentimental,2000,word,tfidf,3,nh0210,novela histórica,novela histórica,novela histórica,novela histórica,novela histórica,novela histórica,novela histórica,novela histórica,novela histórica,novela histórica,novela histórica
3859,subgenre-theme,novela histórica,novela sentimental,2000,word,tfidf,3,nh0212,novela sentimental,novela sentimental,novela sentimental,novela sentimental,novela sentimental,novela sentimental,novela sentimental,novela sentimental,novela sentimental,novela sentimental,novela sentimental
3860,subgenre-theme,novela histórica,novela sentimental,2000,word,tfidf,3,nh0216,novela sentimental,novela sentimental,novela sentimental,novela sentimental,novela sentimental,novela sentimental,novela sentimental,novela sentimental,novela sentimental,novela sentimental,novela sentimental
3861,subgenre-theme,novela histórica,novela sentimental,2000,word,tfidf,3,nh0218,novela sentimental,novela sentimental,novela sentimental,novela sentimental,novela sentimental,novela sentimental,novela sentimental,novela sentimental,novela sentimental,novela sentimental,novela sentimental
3862,subgenre-theme,novela histórica,novela sentimental,2000,word,tfidf,3,nh0219,novela sentimental,novela sentimental,novela sentimental,novela sentimental,novela sentimental,novela sentimental,novela sentimental,novela sentimental,novela histórica,novela sentimental,novela sentimental
3863,subgenre-theme,novela histórica,novela sentimental,2000,word,tfidf,3,nh0222,novela histórica,novela histórica,novela histórica,novela histórica,novela histórica,novela histórica,novela histórica,novela histórica,novela histórica,novela histórica,novela histórica
3864,subgenre-theme,novela histórica,novela sentimental,2000,word,tfidf,3,nh0227,novela histórica,novela histórica,novela histórica,novela histórica,novela histórica,novela histórica,novela histórica,novela histórica,novela histórica,novela histórica,novela histórica
3865,subgenre-theme,novela histórica,novela sentimental,2000,word,tfidf,3,nh0228,novela sentimental,novela sentimental,novela sentimental,novela sentimental,novela sentimental,novela sentimental,novela sentimental,novela sentimental,novela sentimental,novela sentimental,novela sentimental
3866,subgenre-theme,novela histórica,novela sentimental,2000,word,tfidf,3,nh0230,novela sentimental,novela sentimental,novela sentimental,novela sentimental,novela sentimental,novela sentimental,novela sentimental,novela sentimental,novela sentimental,novela sentimental,novela sentimental
3867,subgenre-theme,novela histórica,novela sentimental,2000,word,tfidf,3,nh0233,novela sentimental,novela sentimental,novela sentimental,novela sentimental,novela sentimental,novela sentimental,novela sentimental,novela sentimental,novela sentimental,novela sentimental,novela sentimental
3868,subgenre-theme,novela histórica,novela sentimental,2000,word,tfidf,3,nh0237,novela sentimental,novela sentimental,novela sentimental,novela sentimental,novela sentimental,novela sentimental,novela sentimental,novela sentimental,novela sentimental,novela sentimental,novela sentimental
3869,subgenre-theme,novela histórica,novela sentimental,2000,word,tfidf,3,nh0241,novela sentimental,novela sentimental,novela sentimental,novela sentimental,novela sentimental,novela sentimental,novela sentimental,novela sentimental,novela sentimental,novela histórica,novela sentimental
3870,subgenre-theme,novela histórica,novela sentimental,2000,word,tfidf,3,nh0243,novela histórica,novela histórica,novela histórica,novela histórica,novela histórica,novela histórica,novela histórica,novela histórica,novela histórica,novela histórica,novela histórica
3871,subgenre-theme,novela histórica,novela sentimental,2000,word,tfidf,3,nh0245,novela sentimental,novela sentimental,novela sentimental,novela sentimental,novela sentimental,novela sentimental,novela sentimental,novela sentimental,novela sentimental,novela sentimental,novela sentimental
3872,subgenre-theme,novela histórica,novela sentimental,2000,word,tfidf,3,nh0247,novela histórica,novela histórica,novela histórica,novela histórica,novela histórica,novela histórica,novela histórica,novela histórica,novela histórica,novela histórica,novela histórica
3873,subgenre-theme,novela histórica,novela sentimental,2000,word,tfidf,3,nh0248,novela histórica,novela histórica,novela histórica,novela histórica,novela histórica,novela histórica,novela histórica,novela histórica,novela histórica,novela histórica,novela histórica
3874,subgenre-theme,novela histórica,novela sentimental,2000,word,tfidf,3,nh0249,novela histórica,novela histórica,novela histórica,novela histórica,novela histórica,novela histórica,novela histórica,novela histórica,novela histórica,novela histórica,novela histórica
3875,subgenre-theme,novela histórica,novela sentimental,2000,word,tfidf,3,nh0250,novela sentimental,novela sentimental,novela sentimental,novela sentimental,novela sentimental,novela sentimental,novela sentimental,novela sentimental,novela sentimental,novela sentimental,novela sentimental
3876,subgenre-theme,novela histórica,novela sentimental,2000,word,tfidf,3,nh0251,novela sentimental,novela sentimental,novela sentimental,novela sentimental,novela sentimental,novela sentimental,novela sentimental,novela sentimental,novela sentimental,novela sentimental,novela sentimental
3877,subgenre-theme,novela histórica,novela sentimental,2000,word,tfidf,3,nh0252,novela sentimental,novela sentimental,novela sentimental,novela sentimental,novela sentimental,novela sentimental,novela sentimental,novela sentimental,novela sentimental,novela sentimental,novela sentimental
3878,subgenre-theme,novela histórica,novela sentimental,2000,word,tfidf,3,nh0253,novela histórica,novela histórica,novela histórica,novela histórica,novela histórica,novela histórica,novela histórica,novela histórica,novela histórica,novela histórica,novela histórica
3879,subgenre-theme,novela histórica,novela sentimental,2000,word,tfidf,3,nh0254,novela sentimental,novela sentimental,novela sentimental,novela sentimental,novela sentimental,novela sentimental,novela sentimental,novela sentimental,novela sentimental,novela sentimental,novela sentimental
3880,subgenre-theme,novela histórica,novela sentimental,2000,word,tfidf,4,nh0003,novela sentimental,novela sentimental,novela sentimental,novela sentimental,novela sentimental,novela sentimental,novela sentimental,novela sentimental,novela sentimental,novela sentimental,novela sentimental
3881,subgenre-theme,novela histórica,novela sentimental,2000,word,tfidf,4,nh0004,novela histórica,novela histórica,novela histórica,novela histórica,novela histórica,novela histórica,novela histórica,novela histórica,novela histórica,novela histórica,novela histórica
3882,subgenre-theme,novela histórica,novela sentimental,2000,word,tfidf,4,nh0006,novela sentimental,novela sentimental,novela sentimental,novela sentimental,novela sentimental,novela sentimental,novela sentimental,novela sentimental,novela sentimental,novela sentimental,novela sentimental
3883,subgenre-theme,novela histórica,novela sentimental,2000,word,tfidf,4,nh0007,novela histórica,novela histórica,novela histórica,novela histórica,novela histórica,novela histórica,novela histórica,novela histórica,novela histórica,novela histórica,novela histórica
3884,subgenre-theme,novela histórica,novela sentimental,2000,word,tfidf,4,nh0009,novela histórica,novela histórica,novela histórica,novela histórica,novela histórica,novela histórica,novela histórica,novela histórica,novela histórica,novela histórica,novela histórica
3885,subgenre-theme,novela histórica,novela sentimental,2000,word,tfidf,4,nh0013,novela sentimental,novela sentimental,novela sentimental,novela sentimental,novela sentimental,novela sentimental,novela sentimental,novela sentimental,novela sentimental,novela sentimental,novela sentimental
3886,subgenre-theme,novela histórica,novela sentimental,2000,word,tfidf,4,nh0014,novela sentimental,novela sentimental,novela sentimental,novela sentimental,novela sentimental,novela sentimental,novela sentimental,novela sentimental,novela sentimental,novela sentimental,novela sentimental
3887,subgenre-theme,novela histórica,novela sentimental,2000,word,tfidf,4,nh0015,novela histórica,novela histórica,novela histórica,novela histórica,novela histórica,novela histórica,novela histórica,novela histórica,novela histórica,novela histórica,novela histórica
3888,subgenre-theme,novela histórica,novela sentimental,2000,word,tfidf,4,nh0017,novela histórica,novela histórica,novela histórica,novela histórica,novela histórica,novela histórica,novela histórica,novela histórica,novela histórica,novela histórica,novela histórica
3889,subgenre-theme,novela histórica,novela sentimental,2000,word,tfidf,4,nh0018,novela sentimental,novela sentimental,novela sentimental,novela sentimental,novela sentimental,novela sentimental,novela sentimental,novela sentimental,novela sentimental,novela sentimental,novela sentimental
3890,subgenre-theme,novela histórica,novela sentimental,2000,word,tfidf,4,nh0020,novela histórica,novela histórica,novela histórica,novela histórica,novela histórica,novela histórica,novela histórica,novela histórica,novela histórica,novela histórica,novela histórica
3891,subgenre-theme,novela histórica,novela sentimental,2000,word,tfidf,4,nh0021,novela sentimental,novela sentimental,novela sentimental,novela sentimental,novela sentimental,novela sentimental,novela sentimental,novela sentimental,novela sentimental,novela sentimental,novela sentimental
3892,subgenre-theme,novela histórica,novela sentimental,2000,word,tfidf,4,nh0034,novela sentimental,novela sentimental,novela sentimental,novela sentimental,novela sentimental,novela sentimental,novela sentimental,novela sentimental,novela sentimental,novela sentimental,novela sentimental
3893,subgenre-theme,novela histórica,novela sentimental,2000,word,tfidf,4,nh0035,novela histórica,novela histórica,novela histórica,novela histórica,novela histórica,novela histórica,novela histórica,novela histórica,novela histórica,novela histórica,novela histórica
3894,subgenre-theme,novela histórica,novela sentimental,2000,word,tfidf,4,nh0037,novela histórica,novela histórica,novela histórica,novela histórica,novela histórica,novela histórica,novela histórica,novela histórica,novela histórica,novela histórica,novela histórica
3895,subgenre-theme,novela histórica,novela sentimental,2000,word,tfidf,4,nh0040,novela histórica,novela histórica,novela sentimental,novela histórica,novela histórica,novela histórica,novela histórica,novela histórica,novela histórica,novela histórica,novela histórica
3896,subgenre-theme,novela histórica,novela sentimental,2000,word,tfidf,4,nh0041,novela histórica,novela histórica,novela histórica,novela histórica,novela histórica,novela histórica,novela histórica,novela histórica,novela histórica,novela histórica,novela histórica
3897,subgenre-theme,novela histórica,novela sentimental,2000,word,tfidf,4,nh0043,novela sentimental,novela sentimental,novela sentimental,novela sentimental,novela sentimental,novela sentimental,novela sentimental,novela sentimental,novela sentimental,novela sentimental,novela sentimental
3898,subgenre-theme,novela histórica,novela sentimental,2000,word,tfidf,4,nh0045,novela sentimental,novela sentimental,novela histórica,novela sentimental,novela sentimental,novela sentimental,novela sentimental,novela sentimental,novela sentimental,novela sentimental,novela sentimental
3899,subgenre-theme,novela histórica,novela sentimental,2000,word,tfidf,4,nh0049,novela histórica,novela histórica,novela histórica,novela histórica,novela histórica,novela histórica,novela histórica,novela histórica,novela histórica,novela histórica,novela histórica
3900,subgenre-theme,novela histórica,novela sentimental,2000,word,tfidf,4,nh0054,novela histórica,novela histórica,novela histórica,novela histórica,novela histórica,novela histórica,novela histórica,novela histórica,novela histórica,novela histórica,novela histórica
3901,subgenre-theme,novela histórica,novela sentimental,2000,word,tfidf,4,nh0055,novela histórica,novela histórica,novela histórica,novela histórica,novela histórica,novela histórica,novela histórica,novela histórica,novela histórica,novela histórica,novela histórica
3902,subgenre-theme,novela histórica,novela sentimental,2000,word,tfidf,4,nh0056,novela histórica,novela histórica,novela histórica,novela histórica,novela histórica,novela histórica,novela histórica,novela histórica,novela histórica,novela histórica,novela histórica
3903,subgenre-theme,novela histórica,novela sentimental,2000,word,tfidf,4,nh0064,novela histórica,novela histórica,novela histórica,novela histórica,novela histórica,novela histórica,novela histórica,novela histórica,novela histórica,novela histórica,novela histórica
3904,subgenre-theme,novela histórica,novela sentimental,2000,word,tfidf,4,nh0068,novela sentimental,novela sentimental,novela sentimental,novela sentimental,novela sentimental,novela sentimental,novela sentimental,novela sentimental,novela sentimental,novela sentimental,novela sentimental
3905,subgenre-theme,novela histórica,novela sentimental,2000,word,tfidf,4,nh0069,novela histórica,novela histórica,novela histórica,novela histórica,novela histórica,novela histórica,novela histórica,novela histórica,novela histórica,novela histórica,novela histórica
3906,subgenre-theme,novela histórica,novela sentimental,2000,word,tfidf,4,nh0072,novela sentimental,novela sentimental,novela histórica,novela sentimental,novela sentimental,novela sentimental,novela sentimental,novela sentimental,novela sentimental,novela sentimental,novela sentimental
3907,subgenre-theme,novela histórica,novela sentimental,2000,word,tfidf,4,nh0076,novela sentimental,novela sentimental,novela sentimental,novela sentimental,novela sentimental,novela sentimental,novela sentimental,novela sentimental,novela sentimental,novela sentimental,novela sentimental
3908,subgenre-theme,novela histórica,novela sentimental,2000,word,tfidf,4,nh0081,novela histórica,novela histórica,novela histórica,novela histórica,novela sentimental,novela histórica,novela histórica,novela histórica,novela histórica,novela histórica,novela histórica
3909,subgenre-theme,novela histórica,novela sentimental,2000,word,tfidf,4,nh0082,novela sentimental,novela sentimental,novela sentimental,novela sentimental,novela sentimental,novela sentimental,novela sentimental,novela sentimental,novela sentimental,novela sentimental,novela sentimental
3910,subgenre-theme,novela histórica,novela sentimental,2000,word,tfidf,4,nh0084,novela histórica,novela histórica,novela histórica,novela histórica,novela histórica,novela histórica,novela histórica,novela histórica,novela histórica,novela histórica,novela histórica
3911,subgenre-theme,novela histórica,novela sentimental,2000,word,tfidf,4,nh0086,novela histórica,novela histórica,novela histórica,novela histórica,novela histórica,novela histórica,novela histórica,novela histórica,novela histórica,novela histórica,novela histórica
3912,subgenre-theme,novela histórica,novela sentimental,2000,word,tfidf,4,nh0087,novela sentimental,novela sentimental,novela sentimental,novela sentimental,novela sentimental,novela sentimental,novela sentimental,novela sentimental,novela sentimental,novela sentimental,novela sentimental
3913,subgenre-theme,novela histórica,novela sentimental,2000,word,tfidf,4,nh0089,novela sentimental,novela sentimental,novela sentimental,novela sentimental,novela sentimental,novela sentimental,novela sentimental,novela sentimental,novela sentimental,novela sentimental,novela sentimental
3914,subgenre-theme,novela histórica,novela sentimental,2000,word,tfidf,4,nh0092,novela sentimental,novela sentimental,novela sentimental,novela sentimental,novela sentimental,novela sentimental,novela sentimental,novela sentimental,novela sentimental,novela sentimental,novela sentimental
3915,subgenre-theme,novela histórica,novela sentimental,2000,word,tfidf,4,nh0094,novela histórica,novela histórica,novela histórica,novela histórica,novela histórica,novela histórica,novela histórica,novela histórica,novela histórica,novela histórica,novela histórica
3916,subgenre-theme,novela histórica,novela sentimental,2000,word,tfidf,4,nh0096,novela sentimental,novela sentimental,novela sentimental,novela sentimental,novela sentimental,novela sentimental,novela sentimental,novela sentimental,novela sentimental,novela sentimental,novela sentimental
3917,subgenre-theme,novela histórica,novela sentimental,2000,word,tfidf,4,nh0097,novela histórica,novela histórica,novela histórica,novela histórica,novela histórica,novela histórica,novela histórica,novela histórica,novela histórica,novela histórica,novela histórica
3918,subgenre-theme,novela histórica,novela sentimental,2000,word,tfidf,4,nh0098,novela sentimental,novela sentimental,novela sentimental,novela sentimental,novela sentimental,novela sentimental,novela sentimental,novela sentimental,novela sentimental,novela sentimental,novela sentimental
3919,subgenre-theme,novela histórica,novela sentimental,2000,word,tfidf,4,nh0099,novela sentimental,novela sentimental,novela sentimental,novela sentimental,novela sentimental,novela sentimental,novela sentimental,novela sentimental,novela sentimental,novela sentimental,novela sentimental
3920,subgenre-theme,novela histórica,novela sentimental,2000,word,tfidf,4,nh0100,novela histórica,novela histórica,novela histórica,novela histórica,novela histórica,novela histórica,novela histórica,novela histórica,novela histórica,novela histórica,novela histórica
3921,subgenre-theme,novela histórica,novela sentimental,2000,word,tfidf,4,nh0102,novela sentimental,novela sentimental,novela sentimental,novela sentimental,novela sentimental,novela sentimental,novela sentimental,novela sentimental,novela sentimental,novela sentimental,novela sentimental
3922,subgenre-theme,novela histórica,novela sentimental,2000,word,tfidf,4,nh0103,novela histórica,novela histórica,novela histórica,novela histórica,novela histórica,novela sentimental,novela histórica,novela histórica,novela histórica,novela histórica,novela histórica
3923,subgenre-theme,novela histórica,novela sentimental,2000,word,tfidf,4,nh0104,novela sentimental,novela sentimental,novela sentimental,novela sentimental,novela sentimental,novela sentimental,novela sentimental,novela sentimental,novela sentimental,novela sentimental,novela sentimental
3924,subgenre-theme,novela histórica,novela sentimental,2000,word,tfidf,4,nh0106,novela histórica,novela histórica,novela histórica,novela histórica,novela histórica,novela histórica,novela histórica,novela histórica,novela histórica,novela histórica,novela histórica
3925,subgenre-theme,novela histórica,novela sentimental,2000,word,tfidf,4,nh0107,novela histórica,novela histórica,novela histórica,novela histórica,novela histórica,novela histórica,novela histórica,novela histórica,novela histórica,novela histórica,novela histórica
3926,subgenre-theme,novela histórica,novela sentimental,2000,word,tfidf,4,nh0108,novela histórica,novela histórica,novela histórica,novela histórica,novela histórica,novela histórica,novela histórica,novela histórica,novela histórica,novela histórica,novela histórica
3927,subgenre-theme,novela histórica,novela sentimental,2000,word,tfidf,4,nh0115,novela histórica,novela histórica,novela histórica,novela histórica,novela histórica,novela histórica,novela histórica,novela histórica,novela histórica,novela histórica,novela histórica
3928,subgenre-theme,novela histórica,novela sentimental,2000,word,tfidf,4,nh0116,novela histórica,novela histórica,novela histórica,novela histórica,novela histórica,novela histórica,novela histórica,novela histórica,novela histórica,novela histórica,novela histórica
3929,subgenre-theme,novela histórica,novela sentimental,2000,word,tfidf,4,nh0119,novela sentimental,novela sentimental,novela sentimental,novela sentimental,novela sentimental,novela sentimental,novela sentimental,novela sentimental,novela sentimental,novela sentimental,novela sentimental
3930,subgenre-theme,novela histórica,novela sentimental,2000,word,tfidf,4,nh0122,novela histórica,novela histórica,novela histórica,novela histórica,novela histórica,novela histórica,novela histórica,novela histórica,novela histórica,novela histórica,novela histórica
3931,subgenre-theme,novela histórica,novela sentimental,2000,word,tfidf,4,nh0123,novela sentimental,novela sentimental,novela sentimental,novela sentimental,novela sentimental,novela sentimental,novela sentimental,novela sentimental,novela sentimental,novela sentimental,novela sentimental
3932,subgenre-theme,novela histórica,novela sentimental,2000,word,tfidf,4,nh0125,novela histórica,novela histórica,novela histórica,novela histórica,novela histórica,novela histórica,novela histórica,novela histórica,novela histórica,novela histórica,novela histórica
3933,subgenre-theme,novela histórica,novela sentimental,2000,word,tfidf,4,nh0130,novela sentimental,novela sentimental,novela sentimental,novela sentimental,novela histórica,novela sentimental,novela sentimental,novela sentimental,novela sentimental,novela sentimental,novela sentimental
3934,subgenre-theme,novela histórica,novela sentimental,2000,word,tfidf,4,nh0132,novela sentimental,novela sentimental,novela sentimental,novela sentimental,novela sentimental,novela sentimental,novela sentimental,novela sentimental,novela sentimental,novela sentimental,novela sentimental
3935,subgenre-theme,novela histórica,novela sentimental,2000,word,tfidf,4,nh0136,novela sentimental,novela sentimental,novela sentimental,novela sentimental,novela sentimental,novela sentimental,novela sentimental,novela sentimental,novela sentimental,novela sentimental,novela sentimental
3936,subgenre-theme,novela histórica,novela sentimental,2000,word,tfidf,4,nh0139,novela histórica,novela histórica,novela histórica,novela histórica,novela histórica,novela histórica,novela histórica,novela histórica,novela histórica,novela histórica,novela histórica
3937,subgenre-theme,novela histórica,novela sentimental,2000,word,tfidf,4,nh0140,novela sentimental,novela sentimental,novela sentimental,novela sentimental,novela sentimental,novela sentimental,novela sentimental,novela sentimental,novela sentimental,novela sentimental,novela sentimental
3938,subgenre-theme,novela histórica,novela sentimental,2000,word,tfidf,4,nh0142,novela histórica,novela histórica,novela histórica,novela histórica,novela histórica,novela histórica,novela histórica,novela histórica,novela histórica,novela histórica,novela histórica
3939,subgenre-theme,novela histórica,novela sentimental,2000,word,tfidf,4,nh0143,novela histórica,novela histórica,novela histórica,novela histórica,novela histórica,novela histórica,novela histórica,novela histórica,novela histórica,novela histórica,novela histórica
3940,subgenre-theme,novela histórica,novela sentimental,2000,word,tfidf,4,nh0145,novela sentimental,novela sentimental,novela sentimental,novela sentimental,novela sentimental,novela sentimental,novela sentimental,novela sentimental,novela sentimental,novela sentimental,novela sentimental
3941,subgenre-theme,novela histórica,novela sentimental,2000,word,tfidf,4,nh0146,novela sentimental,novela sentimental,novela sentimental,novela sentimental,novela sentimental,novela sentimental,novela sentimental,novela sentimental,novela sentimental,novela sentimental,novela sentimental
3942,subgenre-theme,novela histórica,novela sentimental,2000,word,tfidf,4,nh0149,novela histórica,novela histórica,novela histórica,novela histórica,novela histórica,novela histórica,novela histórica,novela histórica,novela histórica,novela histórica,novela histórica
3943,subgenre-theme,novela histórica,novela sentimental,2000,word,tfidf,4,nh0150,novela histórica,novela histórica,novela histórica,novela histórica,novela histórica,novela histórica,novela histórica,novela sentimental,novela histórica,novela histórica,novela histórica
3944,subgenre-theme,novela histórica,novela sentimental,2000,word,tfidf,4,nh0151,novela sentimental,novela sentimental,novela sentimental,novela sentimental,novela sentimental,novela sentimental,novela sentimental,novela sentimental,novela sentimental,novela sentimental,novela sentimental
3945,subgenre-theme,novela histórica,novela sentimental,2000,word,tfidf,4,nh0152,novela histórica,novela histórica,novela histórica,novela histórica,novela histórica,novela histórica,novela histórica,novela histórica,novela histórica,novela histórica,novela histórica
3946,subgenre-theme,novela histórica,novela sentimental,2000,word,tfidf,4,nh0154,novela sentimental,novela sentimental,novela sentimental,novela sentimental,novela sentimental,novela sentimental,novela sentimental,novela sentimental,novela sentimental,novela sentimental,novela sentimental
3947,subgenre-theme,novela histórica,novela sentimental,2000,word,tfidf,4,nh0156,novela sentimental,novela sentimental,novela sentimental,novela sentimental,novela sentimental,novela sentimental,novela sentimental,novela sentimental,novela sentimental,novela sentimental,novela sentimental
3948,subgenre-theme,novela histórica,novela sentimental,2000,word,tfidf,4,nh0158,novela histórica,novela histórica,novela histórica,novela histórica,novela histórica,novela histórica,novela histórica,novela histórica,novela histórica,novela histórica,novela histórica
3949,subgenre-theme,novela histórica,novela sentimental,2000,word,tfidf,4,nh0160,novela histórica,novela histórica,novela histórica,novela histórica,novela histórica,novela histórica,novela histórica,novela histórica,novela histórica,novela histórica,novela histórica
3950,subgenre-theme,novela histórica,novela sentimental,2000,word,tfidf,4,nh0161,novela histórica,novela histórica,novela histórica,novela histórica,novela histórica,novela histórica,novela histórica,novela histórica,novela histórica,novela histórica,novela histórica
3951,subgenre-theme,novela histórica,novela sentimental,2000,word,tfidf,4,nh0162,novela sentimental,novela sentimental,novela sentimental,novela sentimental,novela sentimental,novela sentimental,novela sentimental,novela sentimental,novela sentimental,novela sentimental,novela sentimental
3952,subgenre-theme,novela histórica,novela sentimental,2000,word,tfidf,4,nh0165,novela histórica,novela histórica,novela histórica,novela histórica,novela histórica,novela histórica,novela histórica,novela histórica,novela sentimental,novela histórica,novela histórica
3953,subgenre-theme,novela histórica,novela sentimental,2000,word,tfidf,4,nh0168,novela histórica,novela histórica,novela histórica,novela histórica,novela histórica,novela histórica,novela histórica,novela histórica,novela histórica,novela histórica,novela histórica
3954,subgenre-theme,novela histórica,novela sentimental,2000,word,tfidf,4,nh0169,novela histórica,novela histórica,novela histórica,novela histórica,novela histórica,novela histórica,novela histórica,novela histórica,novela histórica,novela histórica,novela histórica
3955,subgenre-theme,novela histórica,novela sentimental,2000,word,tfidf,4,nh0171,novela sentimental,novela sentimental,novela sentimental,novela sentimental,novela sentimental,novela sentimental,novela sentimental,novela sentimental,novela sentimental,novela sentimental,novela sentimental
3956,subgenre-theme,novela histórica,novela sentimental,2000,word,tfidf,4,nh0176,novela histórica,novela histórica,novela histórica,novela histórica,novela histórica,novela histórica,novela histórica,novela histórica,novela histórica,novela histórica,novela histórica
3957,subgenre-theme,novela histórica,novela sentimental,2000,word,tfidf,4,nh0181,novela histórica,novela histórica,novela histórica,novela histórica,novela histórica,novela histórica,novela histórica,novela histórica,novela histórica,novela histórica,novela histórica
3958,subgenre-theme,novela histórica,novela sentimental,2000,word,tfidf,4,nh0182,novela histórica,novela histórica,novela histórica,novela histórica,novela histórica,novela histórica,novela histórica,novela histórica,novela histórica,novela histórica,novela histórica
3959,subgenre-theme,novela histórica,novela sentimental,2000,word,tfidf,4,nh0183,novela sentimental,novela sentimental,novela sentimental,novela sentimental,novela sentimental,novela sentimental,novela sentimental,novela sentimental,novela sentimental,novela sentimental,novela sentimental
3960,subgenre-theme,novela histórica,novela sentimental,2000,word,tfidf,4,nh0184,novela histórica,novela histórica,novela histórica,novela histórica,novela histórica,novela histórica,novela histórica,novela histórica,novela histórica,novela histórica,novela histórica
3961,subgenre-theme,novela histórica,novela sentimental,2000,word,tfidf,4,nh0187,novela sentimental,novela sentimental,novela sentimental,novela sentimental,novela sentimental,novela sentimental,novela sentimental,novela sentimental,novela sentimental,novela sentimental,novela sentimental
3962,subgenre-theme,novela histórica,novela sentimental,2000,word,tfidf,4,nh0188,novela sentimental,novela sentimental,novela sentimental,novela sentimental,novela sentimental,novela sentimental,novela sentimental,novela sentimental,novela sentimental,novela sentimental,novela sentimental
3963,subgenre-theme,novela histórica,novela sentimental,2000,word,tfidf,4,nh0195,novela sentimental,novela sentimental,novela sentimental,novela sentimental,novela sentimental,novela sentimental,novela sentimental,novela sentimental,novela sentimental,novela sentimental,novela sentimental
3964,subgenre-theme,novela histórica,novela sentimental,2000,word,tfidf,4,nh0196,novela histórica,novela histórica,novela histórica,novela histórica,novela histórica,novela histórica,novela histórica,novela histórica,novela histórica,novela histórica,novela histórica
3965,subgenre-theme,novela histórica,novela sentimental,2000,word,tfidf,4,nh0202,novela sentimental,novela sentimental,novela sentimental,novela sentimental,novela sentimental,novela sentimental,novela sentimental,novela histórica,novela sentimental,novela sentimental,novela sentimental
3966,subgenre-theme,novela histórica,novela sentimental,2000,word,tfidf,4,nh0203,novela histórica,novela histórica,novela histórica,novela histórica,novela histórica,novela histórica,novela histórica,novela histórica,novela histórica,novela histórica,novela histórica
3967,subgenre-theme,novela histórica,novela sentimental,2000,word,tfidf,4,nh0207,novela sentimental,novela sentimental,novela sentimental,novela sentimental,novela sentimental,novela sentimental,novela sentimental,novela sentimental,novela sentimental,novela sentimental,novela sentimental
3968,subgenre-theme,novela histórica,novela sentimental,2000,word,tfidf,4,nh0208,novela histórica,novela histórica,novela histórica,novela histórica,novela histórica,novela histórica,novela histórica,novela histórica,novela histórica,novela histórica,novela histórica
3969,subgenre-theme,novela histórica,novela sentimental,2000,word,tfidf,4,nh0209,novela sentimental,novela sentimental,novela sentimental,novela sentimental,novela sentimental,novela sentimental,novela sentimental,novela sentimental,novela sentimental,novela sentimental,novela sentimental
3970,subgenre-theme,novela histórica,novela sentimental,2000,word,tfidf,4,nh0210,novela histórica,novela histórica,novela histórica,novela histórica,novela histórica,novela histórica,novela histórica,novela histórica,novela histórica,novela histórica,novela sentimental
3971,subgenre-theme,novela histórica,novela sentimental,2000,word,tfidf,4,nh0212,novela sentimental,novela sentimental,novela sentimental,novela sentimental,novela sentimental,novela sentimental,novela sentimental,novela sentimental,novela sentimental,novela sentimental,novela sentimental
3972,subgenre-theme,novela histórica,novela sentimental,2000,word,tfidf,4,nh0216,novela sentimental,novela sentimental,novela sentimental,novela sentimental,novela sentimental,novela sentimental,novela sentimental,novela sentimental,novela sentimental,novela sentimental,novela sentimental
3973,subgenre-theme,novela histórica,novela sentimental,2000,word,tfidf,4,nh0218,novela sentimental,novela sentimental,novela sentimental,novela sentimental,novela sentimental,novela sentimental,novela sentimental,novela sentimental,novela sentimental,novela sentimental,novela sentimental
3974,subgenre-theme,novela histórica,novela sentimental,2000,word,tfidf,4,nh0219,novela sentimental,novela sentimental,novela sentimental,novela sentimental,novela sentimental,novela sentimental,novela sentimental,novela sentimental,novela histórica,novela sentimental,novela sentimental
3975,subgenre-theme,novela histórica,novela sentimental,2000,word,tfidf,4,nh0227,novela histórica,novela histórica,novela histórica,novela histórica,novela histórica,novela histórica,novela histórica,novela histórica,novela histórica,novela histórica,novela histórica
3976,subgenre-theme,novela histórica,novela sentimental,2000,word,tfidf,4,nh0228,novela sentimental,novela sentimental,novela sentimental,novela sentimental,novela sentimental,novela sentimental,novela sentimental,novela sentimental,novela sentimental,novela histórica,novela sentimental
3977,subgenre-theme,novela histórica,novela sentimental,2000,word,tfidf,4,nh0230,novela sentimental,novela sentimental,novela sentimental,novela sentimental,novela sentimental,novela sentimental,novela sentimental,novela sentimental,novela sentimental,novela sentimental,novela sentimental
3978,subgenre-theme,novela histórica,novela sentimental,2000,word,tfidf,4,nh0233,novela sentimental,novela sentimental,novela sentimental,novela sentimental,novela sentimental,novela sentimental,novela sentimental,novela sentimental,novela sentimental,novela sentimental,novela sentimental
3979,subgenre-theme,novela histórica,novela sentimental,2000,word,tfidf,4,nh0237,novela sentimental,novela sentimental,novela sentimental,novela sentimental,novela sentimental,novela sentimental,novela sentimental,novela sentimental,novela sentimental,novela sentimental,novela sentimental
3980,subgenre-theme,novela histórica,novela sentimental,2000,word,tfidf,4,nh0241,novela sentimental,novela sentimental,novela sentimental,novela sentimental,novela sentimental,novela sentimental,novela sentimental,novela sentimental,novela sentimental,novela histórica,novela sentimental
3981,subgenre-theme,novela histórica,novela sentimental,2000,word,tfidf,4,nh0243,novela histórica,novela histórica,novela histórica,novela histórica,novela histórica,novela histórica,novela histórica,novela histórica,novela histórica,novela histórica,novela histórica
3982,subgenre-theme,novela histórica,novela sentimental,2000,word,tfidf,4,nh0245,novela sentimental,novela sentimental,novela sentimental,novela sentimental,novela sentimental,novela sentimental,novela sentimental,novela sentimental,novela sentimental,novela sentimental,novela sentimental
3983,subgenre-theme,novela histórica,novela sentimental,2000,word,tfidf,4,nh0247,novela histórica,novela histórica,novela histórica,novela histórica,novela histórica,novela histórica,novela histórica,novela histórica,novela histórica,novela histórica,novela histórica
3984,subgenre-theme,novela histórica,novela sentimental,2000,word,tfidf,4,nh0249,novela histórica,novela histórica,novela histórica,novela histórica,novela histórica,novela histórica,novela histórica,novela histórica,novela histórica,novela histórica,novela histórica
3985,subgenre-theme,novela histórica,novela sentimental,2000,word,tfidf,4,nh0250,novela sentimental,novela sentimental,novela sentimental,novela sentimental,novela sentimental,novela sentimental,novela sentimental,novela sentimental,novela sentimental,novela sentimental,novela sentimental
3986,subgenre-theme,novela histórica,novela sentimental,2000,word,tfidf,4,nh0251,novela sentimental,novela sentimental,novela sentimental,novela sentimental,novela sentimental,novela sentimental,novela sentimental,novela sentimental,novela sentimental,novela sentimental,novela sentimental
3987,subgenre-theme,novela histórica,novela sentimental,2000,word,tfidf,4,nh0252,novela sentimental,novela sentimental,novela sentimental,novela sentimental,novela sentimental,novela sentimental,novela sentimental,novela sentimental,novela sentimental,novela sentimental,novela sentimental
3988,subgenre-theme,novela histórica,novela sentimental,2000,word,tfidf,4,nh0253,novela histórica,novela histórica,novela histórica,novela histórica,novela histórica,novela histórica,novela histórica,novela histórica,novela histórica,novela histórica,novela histórica
3989,subgenre-theme,novela histórica,novela sentimental,2000,word,tfidf,4,nh0254,novela sentimental,novela sentimental,novela sentimental,novela sentimental,novela sentimental,novela sentimental,novela sentimental,novela sentimental,novela sentimental,novela sentimental,novela sentimental
3990,subgenre-theme,novela histórica,novela sentimental,2000,word,tfidf,5,nh0003,novela sentimental,novela sentimental,novela sentimental,novela sentimental,novela sentimental,novela sentimental,novela sentimental,novela sentimental,novela sentimental,novela sentimental,novela sentimental
3991,subgenre-theme,novela histórica,novela sentimental,2000,word,tfidf,5,nh0004,novela histórica,novela histórica,novela histórica,novela histórica,novela histórica,novela histórica,novela histórica,novela histórica,novela histórica,novela histórica,novela histórica
3992,subgenre-theme,novela histórica,novela sentimental,2000,word,tfidf,5,nh0006,novela sentimental,novela sentimental,novela sentimental,novela sentimental,novela sentimental,novela sentimental,novela sentimental,novela sentimental,novela sentimental,novela sentimental,novela sentimental
3993,subgenre-theme,novela histórica,novela sentimental,2000,word,tfidf,5,nh0007,novela histórica,novela histórica,novela histórica,novela histórica,novela histórica,novela histórica,novela histórica,novela histórica,novela histórica,novela histórica,novela histórica
3994,subgenre-theme,novela histórica,novela sentimental,2000,word,tfidf,5,nh0009,novela histórica,novela histórica,novela histórica,novela histórica,novela histórica,novela histórica,novela histórica,novela histórica,novela histórica,novela histórica,novela histórica
3995,subgenre-theme,novela histórica,novela sentimental,2000,word,tfidf,5,nh0013,novela sentimental,novela sentimental,novela sentimental,novela sentimental,novela sentimental,novela sentimental,novela sentimental,novela sentimental,novela sentimental,novela sentimental,novela sentimental
3996,subgenre-theme,novela histórica,novela sentimental,2000,word,tfidf,5,nh0014,novela sentimental,novela sentimental,novela sentimental,novela sentimental,novela sentimental,novela sentimental,novela sentimental,novela sentimental,novela sentimental,novela sentimental,novela sentimental
3997,subgenre-theme,novela histórica,novela sentimental,2000,word,tfidf,5,nh0015,novela histórica,novela histórica,novela histórica,novela histórica,novela histórica,novela histórica,novela histórica,novela histórica,novela histórica,novela histórica,novela histórica
3998,subgenre-theme,novela histórica,novela sentimental,2000,word,tfidf,5,nh0017,novela histórica,novela histórica,novela histórica,novela histórica,novela histórica,novela histórica,novela histórica,novela histórica,novela histórica,novela histórica,novela histórica
3999,subgenre-theme,novela histórica,novela sentimental,2000,word,tfidf,5,nh0018,novela sentimental,novela sentimental,novela sentimental,novela sentimental,novela sentimental,novela sentimental,novela sentimental,novela sentimental,novela sentimental,novela sentimental,novela sentimental
4000,subgenre-theme,novela histórica,novela sentimental,2000,word,tfidf,5,nh0020,novela histórica,novela histórica,novela histórica,novela histórica,novela histórica,novela histórica,novela histórica,novela histórica,novela histórica,novela histórica,novela histórica
4001,subgenre-theme,novela histórica,novela sentimental,2000,word,tfidf,5,nh0021,novela sentimental,novela sentimental,novela sentimental,novela sentimental,novela sentimental,novela sentimental,novela sentimental,novela sentimental,novela sentimental,novela sentimental,novela sentimental
4002,subgenre-theme,novela histórica,novela sentimental,2000,word,tfidf,5,nh0022,novela histórica,novela histórica,novela histórica,novela histórica,novela histórica,novela histórica,novela histórica,novela histórica,novela histórica,novela histórica,novela histórica
4003,subgenre-theme,novela histórica,novela sentimental,2000,word,tfidf,5,nh0025,novela histórica,novela histórica,novela histórica,novela histórica,novela histórica,novela histórica,novela histórica,novela histórica,novela histórica,novela histórica,novela histórica
4004,subgenre-theme,novela histórica,novela sentimental,2000,word,tfidf,5,nh0026,novela histórica,novela histórica,novela histórica,novela histórica,novela histórica,novela histórica,novela histórica,novela histórica,novela histórica,novela histórica,novela histórica
4005,subgenre-theme,novela histórica,novela sentimental,2000,word,tfidf,5,nh0034,novela sentimental,novela sentimental,novela sentimental,novela sentimental,novela sentimental,novela sentimental,novela sentimental,novela sentimental,novela sentimental,novela sentimental,novela sentimental
4006,subgenre-theme,novela histórica,novela sentimental,2000,word,tfidf,5,nh0035,novela histórica,novela histórica,novela histórica,novela histórica,novela histórica,novela histórica,novela histórica,novela histórica,novela histórica,novela histórica,novela histórica
4007,subgenre-theme,novela histórica,novela sentimental,2000,word,tfidf,5,nh0037,novela histórica,novela histórica,novela histórica,novela histórica,novela histórica,novela histórica,novela histórica,novela histórica,novela histórica,novela histórica,novela histórica
4008,subgenre-theme,novela histórica,novela sentimental,2000,word,tfidf,5,nh0040,novela histórica,novela histórica,novela histórica,novela sentimental,novela histórica,novela histórica,novela histórica,novela histórica,novela histórica,novela histórica,novela histórica
4009,subgenre-theme,novela histórica,novela sentimental,2000,word,tfidf,5,nh0041,novela histórica,novela histórica,novela histórica,novela histórica,novela histórica,novela histórica,novela histórica,novela histórica,novela histórica,novela histórica,novela histórica
4010,subgenre-theme,novela histórica,novela sentimental,2000,word,tfidf,5,nh0043,novela sentimental,novela sentimental,novela sentimental,novela sentimental,novela sentimental,novela sentimental,novela sentimental,novela sentimental,novela sentimental,novela sentimental,novela sentimental
4011,subgenre-theme,novela histórica,novela sentimental,2000,word,tfidf,5,nh0045,novela sentimental,novela sentimental,novela histórica,novela sentimental,novela sentimental,novela sentimental,novela sentimental,novela sentimental,novela sentimental,novela sentimental,novela sentimental
4012,subgenre-theme,novela histórica,novela sentimental,2000,word,tfidf,5,nh0049,novela histórica,novela histórica,novela histórica,novela histórica,novela histórica,novela histórica,novela histórica,novela histórica,novela histórica,novela histórica,novela histórica
4013,subgenre-theme,novela histórica,novela sentimental,2000,word,tfidf,5,nh0054,novela histórica,novela histórica,novela histórica,novela histórica,novela histórica,novela histórica,novela histórica,novela histórica,novela histórica,novela histórica,novela histórica
4014,subgenre-theme,novela histórica,novela sentimental,2000,word,tfidf,5,nh0055,novela histórica,novela histórica,novela histórica,novela histórica,novela histórica,novela histórica,novela histórica,novela histórica,novela histórica,novela histórica,novela histórica
4015,subgenre-theme,novela histórica,novela sentimental,2000,word,tfidf,5,nh0056,novela histórica,novela histórica,novela histórica,novela histórica,novela histórica,novela histórica,novela histórica,novela histórica,novela histórica,novela histórica,novela histórica
4016,subgenre-theme,novela histórica,novela sentimental,2000,word,tfidf,5,nh0064,novela histórica,novela histórica,novela histórica,novela histórica,novela histórica,novela histórica,novela histórica,novela histórica,novela histórica,novela histórica,novela histórica
4017,subgenre-theme,novela histórica,novela sentimental,2000,word,tfidf,5,nh0068,novela sentimental,novela sentimental,novela sentimental,novela sentimental,novela sentimental,novela sentimental,novela sentimental,novela sentimental,novela sentimental,novela sentimental,novela sentimental
4018,subgenre-theme,novela histórica,novela sentimental,2000,word,tfidf,5,nh0069,novela histórica,novela histórica,novela histórica,novela histórica,novela histórica,novela histórica,novela histórica,novela histórica,novela histórica,novela histórica,novela histórica
4019,subgenre-theme,novela histórica,novela sentimental,2000,word,tfidf,5,nh0072,novela sentimental,novela sentimental,novela histórica,novela sentimental,novela sentimental,novela sentimental,novela sentimental,novela sentimental,novela sentimental,novela sentimental,novela sentimental
4020,subgenre-theme,novela histórica,novela sentimental,2000,word,tfidf,5,nh0076,novela sentimental,novela sentimental,novela sentimental,novela sentimental,novela sentimental,novela sentimental,novela sentimental,novela sentimental,novela sentimental,novela sentimental,novela sentimental
4021,subgenre-theme,novela histórica,novela sentimental,2000,word,tfidf,5,nh0081,novela histórica,novela histórica,novela histórica,novela histórica,novela sentimental,novela histórica,novela histórica,novela histórica,novela histórica,novela histórica,novela histórica
4022,subgenre-theme,novela histórica,novela sentimental,2000,word,tfidf,5,nh0082,novela sentimental,novela sentimental,novela sentimental,novela sentimental,novela sentimental,novela sentimental,novela sentimental,novela sentimental,novela sentimental,novela sentimental,novela sentimental
4023,subgenre-theme,novela histórica,novela sentimental,2000,word,tfidf,5,nh0086,novela histórica,novela histórica,novela histórica,novela histórica,novela histórica,novela histórica,novela histórica,novela histórica,novela histórica,novela histórica,novela histórica
4024,subgenre-theme,novela histórica,novela sentimental,2000,word,tfidf,5,nh0087,novela sentimental,novela sentimental,novela sentimental,novela sentimental,novela sentimental,novela sentimental,novela sentimental,novela sentimental,novela sentimental,novela sentimental,novela sentimental
4025,subgenre-theme,novela histórica,novela sentimental,2000,word,tfidf,5,nh0089,novela sentimental,novela sentimental,novela sentimental,novela sentimental,novela sentimental,novela sentimental,novela sentimental,novela sentimental,novela sentimental,novela sentimental,novela sentimental
4026,subgenre-theme,novela histórica,novela sentimental,2000,word,tfidf,5,nh0091,novela histórica,novela histórica,novela histórica,novela histórica,novela histórica,novela sentimental,novela histórica,novela histórica,novela histórica,novela histórica,novela histórica
4027,subgenre-theme,novela histórica,novela sentimental,2000,word,tfidf,5,nh0092,novela sentimental,novela sentimental,novela sentimental,novela sentimental,novela sentimental,novela sentimental,novela sentimental,novela sentimental,novela sentimental,novela sentimental,novela sentimental
4028,subgenre-theme,novela histórica,novela sentimental,2000,word,tfidf,5,nh0094,novela histórica,novela histórica,novela histórica,novela histórica,novela histórica,novela histórica,novela histórica,novela histórica,novela histórica,novela histórica,novela histórica
4029,subgenre-theme,novela histórica,novela sentimental,2000,word,tfidf,5,nh0096,novela sentimental,novela sentimental,novela sentimental,novela sentimental,novela sentimental,novela sentimental,novela sentimental,novela sentimental,novela sentimental,novela sentimental,novela sentimental
4030,subgenre-theme,novela histórica,novela sentimental,2000,word,tfidf,5,nh0097,novela histórica,novela histórica,novela histórica,novela histórica,novela histórica,novela histórica,novela histórica,novela histórica,novela histórica,novela histórica,novela histórica
4031,subgenre-theme,novela histórica,novela sentimental,2000,word,tfidf,5,nh0098,novela sentimental,novela sentimental,novela sentimental,novela sentimental,novela sentimental,novela sentimental,novela sentimental,novela sentimental,novela sentimental,novela sentimental,novela sentimental
4032,subgenre-theme,novela histórica,novela sentimental,2000,word,tfidf,5,nh0099,novela sentimental,novela sentimental,novela sentimental,novela sentimental,novela sentimental,novela sentimental,novela sentimental,novela sentimental,novela sentimental,novela sentimental,novela sentimental
4033,subgenre-theme,novela histórica,novela sentimental,2000,word,tfidf,5,nh0102,novela sentimental,novela sentimental,novela sentimental,novela sentimental,novela sentimental,novela sentimental,novela sentimental,novela sentimental,novela sentimental,novela sentimental,novela sentimental
4034,subgenre-theme,novela histórica,novela sentimental,2000,word,tfidf,5,nh0103,novela histórica,novela histórica,novela histórica,novela histórica,novela histórica,novela sentimental,novela histórica,novela histórica,novela histórica,novela histórica,novela histórica
4035,subgenre-theme,novela histórica,novela sentimental,2000,word,tfidf,5,nh0104,novela sentimental,novela sentimental,novela sentimental,novela sentimental,novela sentimental,novela sentimental,novela sentimental,novela sentimental,novela sentimental,novela sentimental,novela sentimental
4036,subgenre-theme,novela histórica,novela sentimental,2000,word,tfidf,5,nh0106,novela histórica,novela histórica,novela histórica,novela histórica,novela histórica,novela histórica,novela histórica,novela histórica,novela histórica,novela histórica,novela histórica
4037,subgenre-theme,novela histórica,novela sentimental,2000,word,tfidf,5,nh0108,novela histórica,novela histórica,novela histórica,novela histórica,novela histórica,novela histórica,novela histórica,novela histórica,novela histórica,novela histórica,novela histórica
4038,subgenre-theme,novela histórica,novela sentimental,2000,word,tfidf,5,nh0111,novela histórica,novela histórica,novela histórica,novela histórica,novela histórica,novela histórica,novela histórica,novela histórica,novela histórica,novela histórica,novela histórica
4039,subgenre-theme,novela histórica,novela sentimental,2000,word,tfidf,5,nh0115,novela histórica,novela histórica,novela histórica,novela histórica,novela histórica,novela histórica,novela histórica,novela histórica,novela histórica,novela histórica,novela histórica
4040,subgenre-theme,novela histórica,novela sentimental,2000,word,tfidf,5,nh0116,novela histórica,novela histórica,novela histórica,novela histórica,novela histórica,novela histórica,novela histórica,novela histórica,novela histórica,novela histórica,novela histórica
4041,subgenre-theme,novela histórica,novela sentimental,2000,word,tfidf,5,nh0117,novela histórica,novela histórica,novela histórica,novela histórica,novela histórica,novela histórica,novela histórica,novela histórica,novela histórica,novela histórica,novela histórica
4042,subgenre-theme,novela histórica,novela sentimental,2000,word,tfidf,5,nh0119,novela sentimental,novela sentimental,novela sentimental,novela sentimental,novela sentimental,novela sentimental,novela sentimental,novela sentimental,novela sentimental,novela sentimental,novela sentimental
4043,subgenre-theme,novela histórica,novela sentimental,2000,word,tfidf,5,nh0122,novela histórica,novela histórica,novela histórica,novela histórica,novela histórica,novela histórica,novela histórica,novela histórica,novela histórica,novela histórica,novela histórica
4044,subgenre-theme,novela histórica,novela sentimental,2000,word,tfidf,5,nh0123,novela sentimental,novela sentimental,novela sentimental,novela sentimental,novela sentimental,novela sentimental,novela sentimental,novela sentimental,novela sentimental,novela sentimental,novela sentimental
4045,subgenre-theme,novela histórica,novela sentimental,2000,word,tfidf,5,nh0125,novela histórica,novela histórica,novela histórica,novela histórica,novela histórica,novela histórica,novela histórica,novela histórica,novela histórica,novela histórica,novela histórica
4046,subgenre-theme,novela histórica,novela sentimental,2000,word,tfidf,5,nh0130,novela sentimental,novela sentimental,novela sentimental,novela sentimental,novela histórica,novela sentimental,novela sentimental,novela sentimental,novela sentimental,novela sentimental,novela sentimental
4047,subgenre-theme,novela histórica,novela sentimental,2000,word,tfidf,5,nh0132,novela sentimental,novela sentimental,novela sentimental,novela sentimental,novela sentimental,novela sentimental,novela sentimental,novela sentimental,novela sentimental,novela sentimental,novela sentimental
4048,subgenre-theme,novela histórica,novela sentimental,2000,word,tfidf,5,nh0136,novela sentimental,novela sentimental,novela sentimental,novela sentimental,novela sentimental,novela sentimental,novela sentimental,novela sentimental,novela sentimental,novela sentimental,novela sentimental
4049,subgenre-theme,novela histórica,novela sentimental,2000,word,tfidf,5,nh0139,novela histórica,novela histórica,novela histórica,novela histórica,novela histórica,novela histórica,novela histórica,novela histórica,novela histórica,novela histórica,novela histórica
4050,subgenre-theme,novela histórica,novela sentimental,2000,word,tfidf,5,nh0140,novela sentimental,novela sentimental,novela sentimental,novela sentimental,novela sentimental,novela sentimental,novela sentimental,novela sentimental,novela sentimental,novela sentimental,novela sentimental
4051,subgenre-theme,novela histórica,novela sentimental,2000,word,tfidf,5,nh0142,novela histórica,novela histórica,novela histórica,novela histórica,novela histórica,novela histórica,novela histórica,novela histórica,novela histórica,novela histórica,novela histórica
4052,subgenre-theme,novela histórica,novela sentimental,2000,word,tfidf,5,nh0143,novela histórica,novela histórica,novela histórica,novela histórica,novela histórica,novela histórica,novela histórica,novela histórica,novela histórica,novela histórica,novela histórica
4053,subgenre-theme,novela histórica,novela sentimental,2000,word,tfidf,5,nh0145,novela sentimental,novela sentimental,novela sentimental,novela sentimental,novela sentimental,novela sentimental,novela sentimental,novela sentimental,novela sentimental,novela sentimental,novela sentimental
4054,subgenre-theme,novela histórica,novela sentimental,2000,word,tfidf,5,nh0146,novela sentimental,novela sentimental,novela sentimental,novela sentimental,novela sentimental,novela sentimental,novela sentimental,novela sentimental,novela sentimental,novela sentimental,novela sentimental
4055,subgenre-theme,novela histórica,novela sentimental,2000,word,tfidf,5,nh0150,novela histórica,novela histórica,novela histórica,novela histórica,novela histórica,novela histórica,novela histórica,novela sentimental,novela histórica,novela histórica,novela histórica
4056,subgenre-theme,novela histórica,novela sentimental,2000,word,tfidf,5,nh0151,novela sentimental,novela sentimental,novela sentimental,novela sentimental,novela sentimental,novela sentimental,novela sentimental,novela sentimental,novela sentimental,novela sentimental,novela sentimental
4057,subgenre-theme,novela histórica,novela sentimental,2000,word,tfidf,5,nh0154,novela sentimental,novela sentimental,novela sentimental,novela sentimental,novela sentimental,novela sentimental,novela sentimental,novela sentimental,novela sentimental,novela sentimental,novela sentimental
4058,subgenre-theme,novela histórica,novela sentimental,2000,word,tfidf,5,nh0156,novela sentimental,novela sentimental,novela sentimental,novela sentimental,novela sentimental,novela sentimental,novela sentimental,novela sentimental,novela sentimental,novela sentimental,novela sentimental
4059,subgenre-theme,novela histórica,novela sentimental,2000,word,tfidf,5,nh0158,novela histórica,novela histórica,novela histórica,novela histórica,novela histórica,novela histórica,novela histórica,novela histórica,novela histórica,novela histórica,novela histórica
4060,subgenre-theme,novela histórica,novela sentimental,2000,word,tfidf,5,nh0159,novela histórica,novela histórica,novela histórica,novela histórica,novela histórica,novela histórica,novela histórica,novela histórica,novela histórica,novela histórica,novela histórica
4061,subgenre-theme,novela histórica,novela sentimental,2000,word,tfidf,5,nh0162,novela sentimental,novela sentimental,novela sentimental,novela sentimental,novela sentimental,novela sentimental,novela sentimental,novela sentimental,novela sentimental,novela sentimental,novela sentimental
4062,subgenre-theme,novela histórica,novela sentimental,2000,word,tfidf,5,nh0165,novela histórica,novela histórica,novela histórica,novela histórica,novela histórica,novela histórica,novela histórica,novela histórica,novela sentimental,novela histórica,novela histórica
4063,subgenre-theme,novela histórica,novela sentimental,2000,word,tfidf,5,nh0166,novela histórica,novela histórica,novela histórica,novela histórica,novela histórica,novela histórica,novela histórica,novela histórica,novela histórica,novela histórica,novela histórica
4064,subgenre-theme,novela histórica,novela sentimental,2000,word,tfidf,5,nh0168,novela histórica,novela histórica,novela histórica,novela histórica,novela histórica,novela histórica,novela histórica,novela histórica,novela histórica,novela histórica,novela histórica
4065,subgenre-theme,novela histórica,novela sentimental,2000,word,tfidf,5,nh0171,novela sentimental,novela sentimental,novela sentimental,novela sentimental,novela sentimental,novela sentimental,novela sentimental,novela sentimental,novela sentimental,novela sentimental,novela sentimental
4066,subgenre-theme,novela histórica,novela sentimental,2000,word,tfidf,5,nh0176,novela histórica,novela histórica,novela histórica,novela histórica,novela histórica,novela histórica,novela histórica,novela histórica,novela histórica,novela histórica,novela histórica
4067,subgenre-theme,novela histórica,novela sentimental,2000,word,tfidf,5,nh0180,novela histórica,novela histórica,novela histórica,novela histórica,novela histórica,novela histórica,novela histórica,novela histórica,novela histórica,novela histórica,novela histórica
4068,subgenre-theme,novela histórica,novela sentimental,2000,word,tfidf,5,nh0182,novela histórica,novela histórica,novela histórica,novela histórica,novela histórica,novela histórica,novela histórica,novela histórica,novela histórica,novela histórica,novela histórica
4069,subgenre-theme,novela histórica,novela sentimental,2000,word,tfidf,5,nh0183,novela sentimental,novela sentimental,novela sentimental,novela sentimental,novela sentimental,novela sentimental,novela sentimental,novela sentimental,novela sentimental,novela sentimental,novela sentimental
4070,subgenre-theme,novela histórica,novela sentimental,2000,word,tfidf,5,nh0184,novela histórica,novela histórica,novela histórica,novela histórica,novela histórica,novela histórica,novela histórica,novela histórica,novela histórica,novela histórica,novela histórica
4071,subgenre-theme,novela histórica,novela sentimental,2000,word,tfidf,5,nh0187,novela sentimental,novela sentimental,novela sentimental,novela sentimental,novela sentimental,novela sentimental,novela sentimental,novela sentimental,novela sentimental,novela sentimental,novela sentimental
4072,subgenre-theme,novela histórica,novela sentimental,2000,word,tfidf,5,nh0188,novela sentimental,novela sentimental,novela sentimental,novela sentimental,novela sentimental,novela sentimental,novela sentimental,novela sentimental,novela sentimental,novela sentimental,novela sentimental
4073,subgenre-theme,novela histórica,novela sentimental,2000,word,tfidf,5,nh0195,novela sentimental,novela sentimental,novela sentimental,novela sentimental,novela sentimental,novela sentimental,novela sentimental,novela sentimental,novela sentimental,novela sentimental,novela sentimental
4074,subgenre-theme,novela histórica,novela sentimental,2000,word,tfidf,5,nh0196,novela histórica,novela histórica,novela histórica,novela histórica,novela histórica,novela histórica,novela histórica,novela histórica,novela histórica,novela histórica,novela histórica
4075,subgenre-theme,novela histórica,novela sentimental,2000,word,tfidf,5,nh0202,novela sentimental,novela sentimental,novela sentimental,novela sentimental,novela sentimental,novela sentimental,novela sentimental,novela histórica,novela sentimental,novela sentimental,novela sentimental
4076,subgenre-theme,novela histórica,novela sentimental,2000,word,tfidf,5,nh0203,novela histórica,novela histórica,novela histórica,novela histórica,novela histórica,novela histórica,novela histórica,novela histórica,novela histórica,novela histórica,novela histórica
4077,subgenre-theme,novela histórica,novela sentimental,2000,word,tfidf,5,nh0207,novela sentimental,novela sentimental,novela sentimental,novela sentimental,novela sentimental,novela sentimental,novela sentimental,novela sentimental,novela sentimental,novela sentimental,novela sentimental
4078,subgenre-theme,novela histórica,novela sentimental,2000,word,tfidf,5,nh0208,novela histórica,novela histórica,novela histórica,novela histórica,novela histórica,novela histórica,novela histórica,novela histórica,novela histórica,novela histórica,novela histórica
4079,subgenre-theme,novela histórica,novela sentimental,2000,word,tfidf,5,nh0209,novela sentimental,novela sentimental,novela sentimental,novela sentimental,novela sentimental,novela sentimental,novela sentimental,novela sentimental,novela sentimental,novela sentimental,novela sentimental
4080,subgenre-theme,novela histórica,novela sentimental,2000,word,tfidf,5,nh0212,novela sentimental,novela sentimental,novela sentimental,novela sentimental,novela sentimental,novela sentimental,novela sentimental,novela sentimental,novela sentimental,novela sentimental,novela sentimental
4081,subgenre-theme,novela histórica,novela sentimental,2000,word,tfidf,5,nh0216,novela sentimental,novela sentimental,novela sentimental,novela sentimental,novela sentimental,novela sentimental,novela sentimental,novela sentimental,novela sentimental,novela sentimental,novela sentimental
4082,subgenre-theme,novela histórica,novela sentimental,2000,word,tfidf,5,nh0218,novela sentimental,novela sentimental,novela sentimental,novela sentimental,novela sentimental,novela sentimental,novela sentimental,novela sentimental,novela sentimental,novela sentimental,novela sentimental
4083,subgenre-theme,novela histórica,novela sentimental,2000,word,tfidf,5,nh0219,novela sentimental,novela sentimental,novela sentimental,novela sentimental,novela sentimental,novela sentimental,novela sentimental,novela sentimental,novela histórica,novela sentimental,novela sentimental
4084,subgenre-theme,novela histórica,novela sentimental,2000,word,tfidf,5,nh0228,novela sentimental,novela sentimental,novela sentimental,novela sentimental,novela sentimental,novela sentimental,novela sentimental,novela sentimental,novela sentimental,novela histórica,novela sentimental
4085,subgenre-theme,novela histórica,novela sentimental,2000,word,tfidf,5,nh0230,novela sentimental,novela sentimental,novela sentimental,novela sentimental,novela sentimental,novela sentimental,novela sentimental,novela sentimental,novela sentimental,novela sentimental,novela sentimental
4086,subgenre-theme,novela histórica,novela sentimental,2000,word,tfidf,5,nh0231,novela histórica,novela histórica,novela histórica,novela histórica,novela histórica,novela histórica,novela histórica,novela histórica,novela histórica,novela histórica,novela histórica
4087,subgenre-theme,novela histórica,novela sentimental,2000,word,tfidf,5,nh0233,novela sentimental,novela sentimental,novela sentimental,novela sentimental,novela sentimental,novela sentimental,novela sentimental,novela sentimental,novela sentimental,novela sentimental,novela sentimental
4088,subgenre-theme,novela histórica,novela sentimental,2000,word,tfidf,5,nh0237,novela sentimental,novela sentimental,novela sentimental,novela sentimental,novela sentimental,novela sentimental,novela sentimental,novela sentimental,novela sentimental,novela sentimental,novela sentimental
4089,subgenre-theme,novela histórica,novela sentimental,2000,word,tfidf,5,nh0241,novela sentimental,novela sentimental,novela sentimental,novela sentimental,novela sentimental,novela sentimental,novela sentimental,novela sentimental,novela sentimental,novela histórica,novela sentimental
4090,subgenre-theme,novela histórica,novela sentimental,2000,word,tfidf,5,nh0243,novela histórica,novela histórica,novela histórica,novela histórica,novela histórica,novela histórica,novela histórica,novela histórica,novela histórica,novela histórica,novela histórica
4091,subgenre-theme,novela histórica,novela sentimental,2000,word,tfidf,5,nh0245,novela sentimental,novela sentimental,novela sentimental,novela sentimental,novela sentimental,novela sentimental,novela sentimental,novela sentimental,novela sentimental,novela sentimental,novela sentimental
4092,subgenre-theme,novela histórica,novela sentimental,2000,word,tfidf,5,nh0247,novela histórica,novela histórica,novela histórica,novela histórica,novela histórica,novela histórica,novela histórica,novela histórica,novela histórica,novela histórica,novela histórica
4093,subgenre-theme,novela histórica,novela sentimental,2000,word,tfidf,5,nh0248,novela histórica,novela histórica,novela histórica,novela histórica,novela histórica,novela histórica,novela histórica,novela histórica,novela histórica,novela histórica,novela histórica
4094,subgenre-theme,novela histórica,novela sentimental,2000,word,tfidf,5,nh0249,novela histórica,novela histórica,novela histórica,novela histórica,novela histórica,novela histórica,novela histórica,novela histórica,novela histórica,novela histórica,novela histórica
4095,subgenre-theme,novela histórica,novela sentimental,2000,word,tfidf,5,nh0250,novela sentimental,novela sentimental,novela sentimental,novela sentimental,novela sentimental,novela sentimental,novela sentimental,novela sentimental,novela sentimental,novela sentimental,novela sentimental
4096,subgenre-theme,novela histórica,novela sentimental,2000,word,tfidf,5,nh0251,novela sentimental,novela sentimental,novela sentimental,novela sentimental,novela sentimental,novela sentimental,novela sentimental,novela sentimental,novela sentimental,novela sentimental,novela sentimental
4097,subgenre-theme,novela histórica,novela sentimental,2000,word,tfidf,5,nh0252,novela sentimental,novela sentimental,novela sentimental,novela sentimental,novela sentimental,novela sentimental,novela sentimental,novela sentimental,novela sentimental,novela sentimental,novela sentimental
4098,subgenre-theme,novela histórica,novela sentimental,2000,word,tfidf,5,nh0253,novela histórica,novela histórica,novela histórica,novela histórica,novela histórica,novela histórica,novela histórica,novela histórica,novela histórica,novela histórica,novela sentimental
4099,subgenre-theme,novela histórica,novela sentimental,2000,word,tfidf,5,nh0254,novela sentimental,novela sentimental,novela sentimental,novela sentimental,novela sentimental,novela sentimental,novela sentimental,novela sentimental,novela sentimental,novela sentimental,novela sentimental
4100,subgenre-theme,novela histórica,novela sentimental,2000,word,tfidf,6,nh0003,novela sentimental,novela sentimental,novela sentimental,novela sentimental,novela sentimental,novela sentimental,novela sentimental,novela sentimental,novela sentimental,novela sentimental,novela sentimental
4101,subgenre-theme,novela histórica,novela sentimental,2000,word,tfidf,6,nh0004,novela histórica,novela histórica,novela histórica,novela histórica,novela histórica,novela histórica,novela histórica,novela histórica,novela histórica,novela histórica,novela histórica
4102,subgenre-theme,novela histórica,novela sentimental,2000,word,tfidf,6,nh0006,novela sentimental,novela sentimental,novela sentimental,novela sentimental,novela sentimental,novela sentimental,novela sentimental,novela sentimental,novela sentimental,novela sentimental,novela sentimental
4103,subgenre-theme,novela histórica,novela sentimental,2000,word,tfidf,6,nh0007,novela histórica,novela histórica,novela histórica,novela histórica,novela histórica,novela histórica,novela histórica,novela histórica,novela histórica,novela histórica,novela histórica
4104,subgenre-theme,novela histórica,novela sentimental,2000,word,tfidf,6,nh0009,novela histórica,novela histórica,novela histórica,novela histórica,novela histórica,novela histórica,novela histórica,novela histórica,novela histórica,novela histórica,novela histórica
4105,subgenre-theme,novela histórica,novela sentimental,2000,word,tfidf,6,nh0013,novela sentimental,novela sentimental,novela sentimental,novela sentimental,novela sentimental,novela sentimental,novela sentimental,novela sentimental,novela sentimental,novela sentimental,novela sentimental
4106,subgenre-theme,novela histórica,novela sentimental,2000,word,tfidf,6,nh0014,novela sentimental,novela sentimental,novela sentimental,novela sentimental,novela sentimental,novela sentimental,novela sentimental,novela sentimental,novela sentimental,novela sentimental,novela sentimental
4107,subgenre-theme,novela histórica,novela sentimental,2000,word,tfidf,6,nh0015,novela histórica,novela histórica,novela histórica,novela histórica,novela histórica,novela histórica,novela histórica,novela histórica,novela histórica,novela histórica,novela histórica
4108,subgenre-theme,novela histórica,novela sentimental,2000,word,tfidf,6,nh0017,novela histórica,novela histórica,novela histórica,novela histórica,novela histórica,novela histórica,novela histórica,novela histórica,novela histórica,novela histórica,novela histórica
4109,subgenre-theme,novela histórica,novela sentimental,2000,word,tfidf,6,nh0018,novela sentimental,novela sentimental,novela sentimental,novela sentimental,novela sentimental,novela sentimental,novela sentimental,novela sentimental,novela sentimental,novela sentimental,novela sentimental
4110,subgenre-theme,novela histórica,novela sentimental,2000,word,tfidf,6,nh0020,novela histórica,novela histórica,novela histórica,novela histórica,novela histórica,novela histórica,novela histórica,novela histórica,novela histórica,novela histórica,novela histórica
4111,subgenre-theme,novela histórica,novela sentimental,2000,word,tfidf,6,nh0021,novela sentimental,novela sentimental,novela sentimental,novela sentimental,novela sentimental,novela sentimental,novela sentimental,novela sentimental,novela sentimental,novela sentimental,novela sentimental
4112,subgenre-theme,novela histórica,novela sentimental,2000,word,tfidf,6,nh0022,novela histórica,novela histórica,novela histórica,novela histórica,novela histórica,novela histórica,novela histórica,novela histórica,novela histórica,novela histórica,novela histórica
4113,subgenre-theme,novela histórica,novela sentimental,2000,word,tfidf,6,nh0025,novela histórica,novela histórica,novela histórica,novela histórica,novela histórica,novela histórica,novela histórica,novela histórica,novela histórica,novela histórica,novela histórica
4114,subgenre-theme,novela histórica,novela sentimental,2000,word,tfidf,6,nh0026,novela histórica,novela histórica,novela histórica,novela histórica,novela histórica,novela histórica,novela histórica,novela histórica,novela histórica,novela histórica,novela histórica
4115,subgenre-theme,novela histórica,novela sentimental,2000,word,tfidf,6,nh0034,novela sentimental,novela sentimental,novela sentimental,novela sentimental,novela sentimental,novela sentimental,novela sentimental,novela sentimental,novela sentimental,novela sentimental,novela sentimental
4116,subgenre-theme,novela histórica,novela sentimental,2000,word,tfidf,6,nh0035,novela histórica,novela histórica,novela histórica,novela histórica,novela histórica,novela histórica,novela histórica,novela histórica,novela histórica,novela histórica,novela histórica
4117,subgenre-theme,novela histórica,novela sentimental,2000,word,tfidf,6,nh0037,novela histórica,novela histórica,novela histórica,novela histórica,novela histórica,novela histórica,novela histórica,novela histórica,novela histórica,novela histórica,novela histórica
4118,subgenre-theme,novela histórica,novela sentimental,2000,word,tfidf,6,nh0040,novela histórica,novela histórica,novela histórica,novela sentimental,novela histórica,novela histórica,novela histórica,novela histórica,novela histórica,novela histórica,novela histórica
4119,subgenre-theme,novela histórica,novela sentimental,2000,word,tfidf,6,nh0043,novela sentimental,novela sentimental,novela sentimental,novela sentimental,novela sentimental,novela sentimental,novela sentimental,novela sentimental,novela sentimental,novela sentimental,novela sentimental
4120,subgenre-theme,novela histórica,novela sentimental,2000,word,tfidf,6,nh0045,novela sentimental,novela sentimental,novela histórica,novela sentimental,novela sentimental,novela sentimental,novela sentimental,novela sentimental,novela sentimental,novela sentimental,novela sentimental
4121,subgenre-theme,novela histórica,novela sentimental,2000,word,tfidf,6,nh0049,novela histórica,novela histórica,novela histórica,novela histórica,novela histórica,novela histórica,novela histórica,novela histórica,novela histórica,novela histórica,novela histórica
4122,subgenre-theme,novela histórica,novela sentimental,2000,word,tfidf,6,nh0054,novela histórica,novela histórica,novela histórica,novela histórica,novela histórica,novela histórica,novela histórica,novela histórica,novela histórica,novela histórica,novela histórica
4123,subgenre-theme,novela histórica,novela sentimental,2000,word,tfidf,6,nh0055,novela histórica,novela histórica,novela histórica,novela histórica,novela histórica,novela histórica,novela histórica,novela histórica,novela histórica,novela histórica,novela histórica
4124,subgenre-theme,novela histórica,novela sentimental,2000,word,tfidf,6,nh0056,novela histórica,novela histórica,novela histórica,novela histórica,novela histórica,novela histórica,novela histórica,novela histórica,novela histórica,novela histórica,novela histórica
4125,subgenre-theme,novela histórica,novela sentimental,2000,word,tfidf,6,nh0064,novela histórica,novela histórica,novela histórica,novela histórica,novela histórica,novela histórica,novela histórica,novela histórica,novela histórica,novela histórica,novela histórica
4126,subgenre-theme,novela histórica,novela sentimental,2000,word,tfidf,6,nh0068,novela sentimental,novela sentimental,novela sentimental,novela sentimental,novela sentimental,novela sentimental,novela sentimental,novela sentimental,novela sentimental,novela sentimental,novela sentimental
4127,subgenre-theme,novela histórica,novela sentimental,2000,word,tfidf,6,nh0069,novela histórica,novela histórica,novela histórica,novela histórica,novela histórica,novela histórica,novela histórica,novela histórica,novela histórica,novela histórica,novela histórica
4128,subgenre-theme,novela histórica,novela sentimental,2000,word,tfidf,6,nh0072,novela sentimental,novela sentimental,novela histórica,novela sentimental,novela sentimental,novela sentimental,novela sentimental,novela sentimental,novela sentimental,novela sentimental,novela sentimental
4129,subgenre-theme,novela histórica,novela sentimental,2000,word,tfidf,6,nh0076,novela sentimental,novela sentimental,novela sentimental,novela sentimental,novela sentimental,novela sentimental,novela sentimental,novela sentimental,novela sentimental,novela sentimental,novela sentimental
4130,subgenre-theme,novela histórica,novela sentimental,2000,word,tfidf,6,nh0081,novela histórica,novela histórica,novela histórica,novela histórica,novela histórica,novela histórica,novela histórica,novela histórica,novela histórica,novela histórica,novela histórica
4131,subgenre-theme,novela histórica,novela sentimental,2000,word,tfidf,6,nh0082,novela sentimental,novela sentimental,novela sentimental,novela sentimental,novela sentimental,novela sentimental,novela sentimental,novela sentimental,novela sentimental,novela sentimental,novela sentimental
4132,subgenre-theme,novela histórica,novela sentimental,2000,word,tfidf,6,nh0086,novela histórica,novela histórica,novela histórica,novela histórica,novela histórica,novela histórica,novela histórica,novela histórica,novela histórica,novela histórica,novela histórica
4133,subgenre-theme,novela histórica,novela sentimental,2000,word,tfidf,6,nh0087,novela sentimental,novela sentimental,novela sentimental,novela sentimental,novela sentimental,novela sentimental,novela sentimental,novela sentimental,novela sentimental,novela sentimental,novela sentimental
4134,subgenre-theme,novela histórica,novela sentimental,2000,word,tfidf,6,nh0089,novela sentimental,novela sentimental,novela sentimental,novela sentimental,novela sentimental,novela sentimental,novela sentimental,novela sentimental,novela sentimental,novela sentimental,novela sentimental
4135,subgenre-theme,novela histórica,novela sentimental,2000,word,tfidf,6,nh0091,novela histórica,novela histórica,novela histórica,novela histórica,novela histórica,novela histórica,novela histórica,novela histórica,novela histórica,novela histórica,novela histórica
4136,subgenre-theme,novela histórica,novela sentimental,2000,word,tfidf,6,nh0092,novela sentimental,novela sentimental,novela sentimental,novela sentimental,novela sentimental,novela sentimental,novela sentimental,novela sentimental,novela sentimental,novela sentimental,novela sentimental
4137,subgenre-theme,novela histórica,novela sentimental,2000,word,tfidf,6,nh0096,novela sentimental,novela sentimental,novela sentimental,novela sentimental,novela sentimental,novela sentimental,novela sentimental,novela sentimental,novela sentimental,novela sentimental,novela sentimental
4138,subgenre-theme,novela histórica,novela sentimental,2000,word,tfidf,6,nh0097,novela histórica,novela histórica,novela histórica,novela histórica,novela histórica,novela histórica,novela histórica,novela histórica,novela histórica,novela histórica,novela histórica
4139,subgenre-theme,novela histórica,novela sentimental,2000,word,tfidf,6,nh0098,novela sentimental,novela sentimental,novela sentimental,novela sentimental,novela sentimental,novela sentimental,novela sentimental,novela sentimental,novela sentimental,novela sentimental,novela sentimental
4140,subgenre-theme,novela histórica,novela sentimental,2000,word,tfidf,6,nh0099,novela sentimental,novela sentimental,novela sentimental,novela sentimental,novela sentimental,novela sentimental,novela sentimental,novela sentimental,novela sentimental,novela sentimental,novela sentimental
4141,subgenre-theme,novela histórica,novela sentimental,2000,word,tfidf,6,nh0100,novela histórica,novela histórica,novela histórica,novela histórica,novela histórica,novela histórica,novela histórica,novela histórica,novela histórica,novela histórica,novela histórica
4142,subgenre-theme,novela histórica,novela sentimental,2000,word,tfidf,6,nh0102,novela sentimental,novela sentimental,novela sentimental,novela sentimental,novela sentimental,novela sentimental,novela sentimental,novela sentimental,novela sentimental,novela sentimental,novela sentimental
4143,subgenre-theme,novela histórica,novela sentimental,2000,word,tfidf,6,nh0104,novela sentimental,novela sentimental,novela sentimental,novela sentimental,novela sentimental,novela sentimental,novela sentimental,novela sentimental,novela sentimental,novela sentimental,novela sentimental
4144,subgenre-theme,novela histórica,novela sentimental,2000,word,tfidf,6,nh0106,novela histórica,novela histórica,novela histórica,novela histórica,novela histórica,novela histórica,novela histórica,novela histórica,novela histórica,novela histórica,novela histórica
4145,subgenre-theme,novela histórica,novela sentimental,2000,word,tfidf,6,nh0107,novela histórica,novela histórica,novela histórica,novela histórica,novela histórica,novela histórica,novela histórica,novela histórica,novela histórica,novela histórica,novela histórica
4146,subgenre-theme,novela histórica,novela sentimental,2000,word,tfidf,6,nh0108,novela histórica,novela histórica,novela histórica,novela histórica,novela histórica,novela histórica,novela histórica,novela histórica,novela histórica,novela histórica,novela histórica
4147,subgenre-theme,novela histórica,novela sentimental,2000,word,tfidf,6,nh0111,novela histórica,novela histórica,novela histórica,novela histórica,novela histórica,novela histórica,novela histórica,novela histórica,novela histórica,novela histórica,novela histórica
4148,subgenre-theme,novela histórica,novela sentimental,2000,word,tfidf,6,nh0115,novela histórica,novela histórica,novela histórica,novela histórica,novela histórica,novela histórica,novela histórica,novela histórica,novela histórica,novela histórica,novela histórica
4149,subgenre-theme,novela histórica,novela sentimental,2000,word,tfidf,6,nh0117,novela histórica,novela histórica,novela histórica,novela histórica,novela histórica,novela histórica,novela histórica,novela histórica,novela histórica,novela histórica,novela histórica
4150,subgenre-theme,novela histórica,novela sentimental,2000,word,tfidf,6,nh0119,novela sentimental,novela sentimental,novela sentimental,novela sentimental,novela sentimental,novela sentimental,novela sentimental,novela sentimental,novela sentimental,novela sentimental,novela sentimental
4151,subgenre-theme,novela histórica,novela sentimental,2000,word,tfidf,6,nh0122,novela histórica,novela histórica,novela histórica,novela histórica,novela histórica,novela histórica,novela histórica,novela histórica,novela histórica,novela histórica,novela histórica
4152,subgenre-theme,novela histórica,novela sentimental,2000,word,tfidf,6,nh0123,novela sentimental,novela sentimental,novela sentimental,novela sentimental,novela sentimental,novela sentimental,novela sentimental,novela sentimental,novela sentimental,novela sentimental,novela sentimental
4153,subgenre-theme,novela histórica,novela sentimental,2000,word,tfidf,6,nh0125,novela histórica,novela histórica,novela histórica,novela histórica,novela histórica,novela histórica,novela histórica,novela histórica,novela histórica,novela histórica,novela histórica
4154,subgenre-theme,novela histórica,novela sentimental,2000,word,tfidf,6,nh0130,novela sentimental,novela sentimental,novela sentimental,novela sentimental,novela histórica,novela sentimental,novela sentimental,novela sentimental,novela sentimental,novela sentimental,novela sentimental
4155,subgenre-theme,novela histórica,novela sentimental,2000,word,tfidf,6,nh0132,novela sentimental,novela sentimental,novela sentimental,novela sentimental,novela sentimental,novela sentimental,novela sentimental,novela sentimental,novela sentimental,novela sentimental,novela sentimental
4156,subgenre-theme,novela histórica,novela sentimental,2000,word,tfidf,6,nh0136,novela sentimental,novela sentimental,novela sentimental,novela sentimental,novela sentimental,novela sentimental,novela sentimental,novela sentimental,novela sentimental,novela sentimental,novela sentimental
4157,subgenre-theme,novela histórica,novela sentimental,2000,word,tfidf,6,nh0139,novela histórica,novela histórica,novela histórica,novela histórica,novela histórica,novela histórica,novela histórica,novela histórica,novela histórica,novela histórica,novela histórica
4158,subgenre-theme,novela histórica,novela sentimental,2000,word,tfidf,6,nh0140,novela sentimental,novela sentimental,novela sentimental,novela sentimental,novela sentimental,novela sentimental,novela sentimental,novela sentimental,novela sentimental,novela sentimental,novela sentimental
4159,subgenre-theme,novela histórica,novela sentimental,2000,word,tfidf,6,nh0142,novela histórica,novela histórica,novela histórica,novela histórica,novela histórica,novela histórica,novela histórica,novela histórica,novela histórica,novela histórica,novela histórica
4160,subgenre-theme,novela histórica,novela sentimental,2000,word,tfidf,6,nh0143,novela histórica,novela histórica,novela histórica,novela histórica,novela histórica,novela histórica,novela histórica,novela histórica,novela histórica,novela histórica,novela histórica
4161,subgenre-theme,novela histórica,novela sentimental,2000,word,tfidf,6,nh0145,novela sentimental,novela sentimental,novela sentimental,novela sentimental,novela sentimental,novela sentimental,novela sentimental,novela sentimental,novela sentimental,novela sentimental,novela sentimental
4162,subgenre-theme,novela histórica,novela sentimental,2000,word,tfidf,6,nh0146,novela sentimental,novela sentimental,novela sentimental,novela sentimental,novela sentimental,novela sentimental,novela sentimental,novela sentimental,novela sentimental,novela sentimental,novela sentimental
4163,subgenre-theme,novela histórica,novela sentimental,2000,word,tfidf,6,nh0150,novela histórica,novela histórica,novela histórica,novela histórica,novela histórica,novela histórica,novela histórica,novela sentimental,novela histórica,novela histórica,novela histórica
4164,subgenre-theme,novela histórica,novela sentimental,2000,word,tfidf,6,nh0151,novela sentimental,novela sentimental,novela sentimental,novela sentimental,novela sentimental,novela sentimental,novela sentimental,novela sentimental,novela sentimental,novela sentimental,novela sentimental
4165,subgenre-theme,novela histórica,novela sentimental,2000,word,tfidf,6,nh0154,novela sentimental,novela sentimental,novela sentimental,novela sentimental,novela sentimental,novela sentimental,novela sentimental,novela sentimental,novela sentimental,novela sentimental,novela sentimental
4166,subgenre-theme,novela histórica,novela sentimental,2000,word,tfidf,6,nh0156,novela sentimental,novela sentimental,novela sentimental,novela sentimental,novela sentimental,novela sentimental,novela sentimental,novela sentimental,novela sentimental,novela sentimental,novela sentimental
4167,subgenre-theme,novela histórica,novela sentimental,2000,word,tfidf,6,nh0158,novela histórica,novela histórica,novela histórica,novela histórica,novela histórica,novela histórica,novela histórica,novela histórica,novela histórica,novela histórica,novela histórica
4168,subgenre-theme,novela histórica,novela sentimental,2000,word,tfidf,6,nh0160,novela histórica,novela histórica,novela histórica,novela histórica,novela histórica,novela histórica,novela histórica,novela histórica,novela histórica,novela histórica,novela histórica
4169,subgenre-theme,novela histórica,novela sentimental,2000,word,tfidf,6,nh0161,novela histórica,novela histórica,novela histórica,novela histórica,novela histórica,novela histórica,novela histórica,novela histórica,novela histórica,novela histórica,novela histórica
4170,subgenre-theme,novela histórica,novela sentimental,2000,word,tfidf,6,nh0162,novela sentimental,novela sentimental,novela sentimental,novela sentimental,novela sentimental,novela sentimental,novela sentimental,novela sentimental,novela sentimental,novela sentimental,novela sentimental
4171,subgenre-theme,novela histórica,novela sentimental,2000,word,tfidf,6,nh0165,novela histórica,novela histórica,novela histórica,novela histórica,novela histórica,novela histórica,novela histórica,novela histórica,novela histórica,novela histórica,novela histórica
4172,subgenre-theme,novela histórica,novela sentimental,2000,word,tfidf,6,nh0166,novela histórica,novela histórica,novela histórica,novela histórica,novela histórica,novela histórica,novela histórica,novela histórica,novela histórica,novela histórica,novela histórica
4173,subgenre-theme,novela histórica,novela sentimental,2000,word,tfidf,6,nh0169,novela histórica,novela histórica,novela histórica,novela histórica,novela histórica,novela histórica,novela histórica,novela histórica,novela histórica,novela histórica,novela histórica
4174,subgenre-theme,novela histórica,novela sentimental,2000,word,tfidf,6,nh0171,novela sentimental,novela sentimental,novela sentimental,novela sentimental,novela sentimental,novela sentimental,novela sentimental,novela sentimental,novela sentimental,novela sentimental,novela sentimental
4175,subgenre-theme,novela histórica,novela sentimental,2000,word,tfidf,6,nh0176,novela histórica,novela histórica,novela histórica,novela histórica,novela histórica,novela histórica,novela histórica,novela histórica,novela histórica,novela histórica,novela histórica
4176,subgenre-theme,novela histórica,novela sentimental,2000,word,tfidf,6,nh0180,novela histórica,novela histórica,novela histórica,novela histórica,novela histórica,novela histórica,novela histórica,novela histórica,novela histórica,novela histórica,novela histórica
4177,subgenre-theme,novela histórica,novela sentimental,2000,word,tfidf,6,nh0182,novela histórica,novela histórica,novela histórica,novela histórica,novela histórica,novela histórica,novela histórica,novela histórica,novela histórica,novela histórica,novela histórica
4178,subgenre-theme,novela histórica,novela sentimental,2000,word,tfidf,6,nh0183,novela sentimental,novela sentimental,novela sentimental,novela sentimental,novela sentimental,novela sentimental,novela sentimental,novela sentimental,novela sentimental,novela sentimental,novela sentimental
4179,subgenre-theme,novela histórica,novela sentimental,2000,word,tfidf,6,nh0184,novela histórica,novela histórica,novela histórica,novela histórica,novela histórica,novela histórica,novela histórica,novela histórica,novela histórica,novela histórica,novela histórica
4180,subgenre-theme,novela histórica,novela sentimental,2000,word,tfidf,6,nh0187,novela sentimental,novela sentimental,novela sentimental,novela sentimental,novela sentimental,novela sentimental,novela sentimental,novela sentimental,novela sentimental,novela sentimental,novela sentimental
4181,subgenre-theme,novela histórica,novela sentimental,2000,word,tfidf,6,nh0188,novela sentimental,novela sentimental,novela sentimental,novela sentimental,novela sentimental,novela sentimental,novela sentimental,novela sentimental,novela sentimental,novela sentimental,novela sentimental
4182,subgenre-theme,novela histórica,novela sentimental,2000,word,tfidf,6,nh0195,novela sentimental,novela sentimental,novela sentimental,novela sentimental,novela sentimental,novela sentimental,novela sentimental,novela sentimental,novela sentimental,novela sentimental,novela sentimental
4183,subgenre-theme,novela histórica,novela sentimental,2000,word,tfidf,6,nh0196,novela histórica,novela histórica,novela histórica,novela histórica,novela histórica,novela histórica,novela histórica,novela histórica,novela histórica,novela histórica,novela histórica
4184,subgenre-theme,novela histórica,novela sentimental,2000,word,tfidf,6,nh0202,novela sentimental,novela sentimental,novela sentimental,novela sentimental,novela sentimental,novela sentimental,novela sentimental,novela histórica,novela sentimental,novela sentimental,novela sentimental
4185,subgenre-theme,novela histórica,novela sentimental,2000,word,tfidf,6,nh0203,novela histórica,novela histórica,novela histórica,novela histórica,novela histórica,novela histórica,novela histórica,novela histórica,novela histórica,novela histórica,novela histórica
4186,subgenre-theme,novela histórica,novela sentimental,2000,word,tfidf,6,nh0207,novela sentimental,novela sentimental,novela sentimental,novela sentimental,novela sentimental,novela sentimental,novela sentimental,novela sentimental,novela sentimental,novela sentimental,novela sentimental
4187,subgenre-theme,novela histórica,novela sentimental,2000,word,tfidf,6,nh0209,novela sentimental,novela sentimental,novela sentimental,novela sentimental,novela sentimental,novela sentimental,novela sentimental,novela sentimental,novela sentimental,novela sentimental,novela sentimental
4188,subgenre-theme,novela histórica,novela sentimental,2000,word,tfidf,6,nh0210,novela histórica,novela histórica,novela histórica,novela histórica,novela histórica,novela histórica,novela histórica,novela histórica,novela histórica,novela histórica,novela histórica
4189,subgenre-theme,novela histórica,novela sentimental,2000,word,tfidf,6,nh0212,novela sentimental,novela sentimental,novela sentimental,novela sentimental,novela sentimental,novela sentimental,novela sentimental,novela sentimental,novela sentimental,novela sentimental,novela sentimental
4190,subgenre-theme,novela histórica,novela sentimental,2000,word,tfidf,6,nh0216,novela sentimental,novela sentimental,novela sentimental,novela sentimental,novela sentimental,novela sentimental,novela sentimental,novela sentimental,novela sentimental,novela sentimental,novela sentimental
4191,subgenre-theme,novela histórica,novela sentimental,2000,word,tfidf,6,nh0218,novela sentimental,novela sentimental,novela sentimental,novela sentimental,novela sentimental,novela sentimental,novela sentimental,novela sentimental,novela sentimental,novela sentimental,novela sentimental
4192,subgenre-theme,novela histórica,novela sentimental,2000,word,tfidf,6,nh0219,novela sentimental,novela sentimental,novela sentimental,novela sentimental,novela sentimental,novela sentimental,novela sentimental,novela sentimental,novela histórica,novela sentimental,novela sentimental
4193,subgenre-theme,novela histórica,novela sentimental,2000,word,tfidf,6,nh0222,novela histórica,novela histórica,novela histórica,novela histórica,novela histórica,novela histórica,novela histórica,novela histórica,novela histórica,novela histórica,novela histórica
4194,subgenre-theme,novela histórica,novela sentimental,2000,word,tfidf,6,nh0228,novela sentimental,novela sentimental,novela sentimental,novela sentimental,novela sentimental,novela sentimental,novela sentimental,novela sentimental,novela sentimental,novela histórica,novela sentimental
4195,subgenre-theme,novela histórica,novela sentimental,2000,word,tfidf,6,nh0230,novela sentimental,novela sentimental,novela sentimental,novela sentimental,novela sentimental,novela sentimental,novela sentimental,novela sentimental,novela sentimental,novela sentimental,novela sentimental
4196,subgenre-theme,novela histórica,novela sentimental,2000,word,tfidf,6,nh0231,novela histórica,novela histórica,novela histórica,novela histórica,novela histórica,novela histórica,novela histórica,novela histórica,novela histórica,novela histórica,novela histórica
4197,subgenre-theme,novela histórica,novela sentimental,2000,word,tfidf,6,nh0233,novela sentimental,novela sentimental,novela sentimental,novela sentimental,novela sentimental,novela sentimental,novela sentimental,novela sentimental,novela sentimental,novela sentimental,novela sentimental
4198,subgenre-theme,novela histórica,novela sentimental,2000,word,tfidf,6,nh0237,novela sentimental,novela sentimental,novela sentimental,novela sentimental,novela sentimental,novela sentimental,novela sentimental,novela sentimental,novela sentimental,novela sentimental,novela sentimental
4199,subgenre-theme,novela histórica,novela sentimental,2000,word,tfidf,6,nh0241,novela sentimental,novela sentimental,novela sentimental,novela sentimental,novela sentimental,novela sentimental,novela sentimental,novela sentimental,novela sentimental,novela histórica,novela sentimental
4200,subgenre-theme,novela histórica,novela sentimental,2000,word,tfidf,6,nh0243,novela histórica,novela histórica,novela histórica,novela histórica,novela histórica,novela histórica,novela histórica,novela histórica,novela histórica,novela histórica,novela histórica
4201,subgenre-theme,novela histórica,novela sentimental,2000,word,tfidf,6,nh0245,novela sentimental,novela sentimental,novela sentimental,novela sentimental,novela sentimental,novela sentimental,novela sentimental,novela sentimental,novela sentimental,novela sentimental,novela sentimental
4202,subgenre-theme,novela histórica,novela sentimental,2000,word,tfidf,6,nh0247,novela histórica,novela histórica,novela histórica,novela histórica,novela histórica,novela histórica,novela histórica,novela histórica,novela histórica,novela histórica,novela histórica
4203,subgenre-theme,novela histórica,novela sentimental,2000,word,tfidf,6,nh0248,novela histórica,novela histórica,novela histórica,novela histórica,novela histórica,novela histórica,novela histórica,novela histórica,novela histórica,novela histórica,novela histórica
4204,subgenre-theme,novela histórica,novela sentimental,2000,word,tfidf,6,nh0249,novela histórica,novela histórica,novela histórica,novela histórica,novela histórica,novela histórica,novela histórica,novela histórica,novela histórica,novela histórica,novela histórica
4205,subgenre-theme,novela histórica,novela sentimental,2000,word,tfidf,6,nh0250,novela sentimental,novela sentimental,novela sentimental,novela sentimental,novela sentimental,novela sentimental,novela sentimental,novela sentimental,novela sentimental,novela sentimental,novela sentimental
4206,subgenre-theme,novela histórica,novela sentimental,2000,word,tfidf,6,nh0251,novela sentimental,novela sentimental,novela sentimental,novela sentimental,novela sentimental,novela sentimental,novela sentimental,novela sentimental,novela sentimental,novela sentimental,novela sentimental
4207,subgenre-theme,novela histórica,novela sentimental,2000,word,tfidf,6,nh0252,novela sentimental,novela sentimental,novela sentimental,novela sentimental,novela sentimental,novela sentimental,novela sentimental,novela sentimental,novela sentimental,novela sentimental,novela sentimental
4208,subgenre-theme,novela histórica,novela sentimental,2000,word,tfidf,6,nh0253,novela histórica,novela histórica,novela histórica,novela histórica,novela histórica,novela histórica,novela histórica,novela histórica,novela histórica,novela histórica,novela histórica
4209,subgenre-theme,novela histórica,novela sentimental,2000,word,tfidf,6,nh0254,novela sentimental,novela sentimental,novela sentimental,novela sentimental,novela sentimental,novela sentimental,novela sentimental,novela sentimental,novela sentimental,novela sentimental,novela sentimental
4210,subgenre-theme,novela histórica,novela sentimental,2000,word,tfidf,7,nh0003,novela sentimental,novela sentimental,novela sentimental,novela sentimental,novela sentimental,novela sentimental,novela sentimental,novela sentimental,novela sentimental,novela sentimental,novela sentimental
4211,subgenre-theme,novela histórica,novela sentimental,2000,word,tfidf,7,nh0004,novela histórica,novela histórica,novela histórica,novela histórica,novela histórica,novela histórica,novela histórica,novela histórica,novela histórica,novela histórica,novela histórica
4212,subgenre-theme,novela histórica,novela sentimental,2000,word,tfidf,7,nh0006,novela sentimental,novela sentimental,novela sentimental,novela sentimental,novela sentimental,novela sentimental,novela sentimental,novela sentimental,novela sentimental,novela sentimental,novela sentimental
4213,subgenre-theme,novela histórica,novela sentimental,2000,word,tfidf,7,nh0007,novela histórica,novela histórica,novela histórica,novela histórica,novela histórica,novela histórica,novela histórica,novela histórica,novela histórica,novela histórica,novela histórica
4214,subgenre-theme,novela histórica,novela sentimental,2000,word,tfidf,7,nh0009,novela histórica,novela histórica,novela histórica,novela histórica,novela histórica,novela histórica,novela histórica,novela histórica,novela histórica,novela histórica,novela histórica
4215,subgenre-theme,novela histórica,novela sentimental,2000,word,tfidf,7,nh0013,novela sentimental,novela sentimental,novela sentimental,novela sentimental,novela sentimental,novela sentimental,novela sentimental,novela sentimental,novela sentimental,novela sentimental,novela sentimental
4216,subgenre-theme,novela histórica,novela sentimental,2000,word,tfidf,7,nh0014,novela sentimental,novela sentimental,novela sentimental,novela sentimental,novela sentimental,novela sentimental,novela sentimental,novela sentimental,novela sentimental,novela sentimental,novela sentimental
4217,subgenre-theme,novela histórica,novela sentimental,2000,word,tfidf,7,nh0017,novela histórica,novela histórica,novela histórica,novela histórica,novela histórica,novela histórica,novela histórica,novela histórica,novela histórica,novela histórica,novela histórica
4218,subgenre-theme,novela histórica,novela sentimental,2000,word,tfidf,7,nh0018,novela sentimental,novela sentimental,novela sentimental,novela sentimental,novela sentimental,novela sentimental,novela sentimental,novela sentimental,novela sentimental,novela sentimental,novela sentimental
4219,subgenre-theme,novela histórica,novela sentimental,2000,word,tfidf,7,nh0020,novela histórica,novela histórica,novela histórica,novela histórica,novela histórica,novela histórica,novela histórica,novela histórica,novela histórica,novela histórica,novela histórica
4220,subgenre-theme,novela histórica,novela sentimental,2000,word,tfidf,7,nh0021,novela sentimental,novela sentimental,novela sentimental,novela sentimental,novela sentimental,novela sentimental,novela sentimental,novela sentimental,novela sentimental,novela sentimental,novela sentimental
4221,subgenre-theme,novela histórica,novela sentimental,2000,word,tfidf,7,nh0025,novela histórica,novela histórica,novela histórica,novela histórica,novela histórica,novela histórica,novela histórica,novela histórica,novela histórica,novela histórica,novela histórica
4222,subgenre-theme,novela histórica,novela sentimental,2000,word,tfidf,7,nh0026,novela histórica,novela histórica,novela histórica,novela histórica,novela histórica,novela histórica,novela histórica,novela histórica,novela histórica,novela histórica,novela histórica
4223,subgenre-theme,novela histórica,novela sentimental,2000,word,tfidf,7,nh0034,novela sentimental,novela sentimental,novela sentimental,novela sentimental,novela sentimental,novela sentimental,novela sentimental,novela sentimental,novela sentimental,novela sentimental,novela sentimental
4224,subgenre-theme,novela histórica,novela sentimental,2000,word,tfidf,7,nh0035,novela histórica,novela histórica,novela histórica,novela histórica,novela histórica,novela histórica,novela histórica,novela histórica,novela histórica,novela histórica,novela histórica
4225,subgenre-theme,novela histórica,novela sentimental,2000,word,tfidf,7,nh0037,novela histórica,novela histórica,novela histórica,novela histórica,novela histórica,novela histórica,novela histórica,novela histórica,novela histórica,novela histórica,novela histórica
4226,subgenre-theme,novela histórica,novela sentimental,2000,word,tfidf,7,nh0040,novela histórica,novela histórica,novela sentimental,novela histórica,novela histórica,novela histórica,novela histórica,novela histórica,novela histórica,novela histórica,novela histórica
4227,subgenre-theme,novela histórica,novela sentimental,2000,word,tfidf,7,nh0043,novela sentimental,novela sentimental,novela sentimental,novela sentimental,novela sentimental,novela sentimental,novela sentimental,novela sentimental,novela sentimental,novela sentimental,novela sentimental
4228,subgenre-theme,novela histórica,novela sentimental,2000,word,tfidf,7,nh0045,novela sentimental,novela sentimental,novela histórica,novela sentimental,novela sentimental,novela sentimental,novela sentimental,novela sentimental,novela sentimental,novela sentimental,novela sentimental
4229,subgenre-theme,novela histórica,novela sentimental,2000,word,tfidf,7,nh0049,novela histórica,novela histórica,novela histórica,novela histórica,novela histórica,novela histórica,novela histórica,novela histórica,novela histórica,novela histórica,novela histórica
4230,subgenre-theme,novela histórica,novela sentimental,2000,word,tfidf,7,nh0054,novela histórica,novela histórica,novela histórica,novela histórica,novela histórica,novela histórica,novela histórica,novela histórica,novela histórica,novela histórica,novela histórica
4231,subgenre-theme,novela histórica,novela sentimental,2000,word,tfidf,7,nh0055,novela histórica,novela histórica,novela histórica,novela histórica,novela histórica,novela histórica,novela histórica,novela histórica,novela histórica,novela histórica,novela histórica
4232,subgenre-theme,novela histórica,novela sentimental,2000,word,tfidf,7,nh0056,novela histórica,novela histórica,novela histórica,novela histórica,novela histórica,novela histórica,novela histórica,novela histórica,novela histórica,novela histórica,novela histórica
4233,subgenre-theme,novela histórica,novela sentimental,2000,word,tfidf,7,nh0064,novela histórica,novela histórica,novela histórica,novela histórica,novela histórica,novela histórica,novela histórica,novela histórica,novela histórica,novela histórica,novela histórica
4234,subgenre-theme,novela histórica,novela sentimental,2000,word,tfidf,7,nh0068,novela sentimental,novela sentimental,novela sentimental,novela sentimental,novela sentimental,novela sentimental,novela sentimental,novela sentimental,novela sentimental,novela sentimental,novela sentimental
4235,subgenre-theme,novela histórica,novela sentimental,2000,word,tfidf,7,nh0069,novela histórica,novela histórica,novela histórica,novela histórica,novela histórica,novela histórica,novela histórica,novela histórica,novela histórica,novela histórica,novela histórica
4236,subgenre-theme,novela histórica,novela sentimental,2000,word,tfidf,7,nh0072,novela sentimental,novela sentimental,novela histórica,novela sentimental,novela sentimental,novela sentimental,novela sentimental,novela sentimental,novela sentimental,novela sentimental,novela sentimental
4237,subgenre-theme,novela histórica,novela sentimental,2000,word,tfidf,7,nh0076,novela sentimental,novela sentimental,novela sentimental,novela sentimental,novela sentimental,novela sentimental,novela sentimental,novela sentimental,novela sentimental,novela sentimental,novela sentimental
4238,subgenre-theme,novela histórica,novela sentimental,2000,word,tfidf,7,nh0081,novela histórica,novela histórica,novela histórica,novela histórica,novela histórica,novela histórica,novela histórica,novela histórica,novela histórica,novela histórica,novela histórica
4239,subgenre-theme,novela histórica,novela sentimental,2000,word,tfidf,7,nh0082,novela sentimental,novela sentimental,novela sentimental,novela sentimental,novela sentimental,novela sentimental,novela sentimental,novela sentimental,novela sentimental,novela sentimental,novela sentimental
4240,subgenre-theme,novela histórica,novela sentimental,2000,word,tfidf,7,nh0084,novela histórica,novela histórica,novela histórica,novela histórica,novela histórica,novela histórica,novela histórica,novela histórica,novela histórica,novela histórica,novela histórica
4241,subgenre-theme,novela histórica,novela sentimental,2000,word,tfidf,7,nh0086,novela histórica,novela histórica,novela histórica,novela histórica,novela histórica,novela histórica,novela histórica,novela histórica,novela histórica,novela histórica,novela histórica
4242,subgenre-theme,novela histórica,novela sentimental,2000,word,tfidf,7,nh0087,novela sentimental,novela sentimental,novela sentimental,novela sentimental,novela sentimental,novela sentimental,novela sentimental,novela sentimental,novela sentimental,novela sentimental,novela sentimental
4243,subgenre-theme,novela histórica,novela sentimental,2000,word,tfidf,7,nh0089,novela sentimental,novela sentimental,novela sentimental,novela sentimental,novela sentimental,novela sentimental,novela sentimental,novela sentimental,novela sentimental,novela sentimental,novela sentimental
4244,subgenre-theme,novela histórica,novela sentimental,2000,word,tfidf,7,nh0091,novela histórica,novela histórica,novela histórica,novela histórica,novela histórica,novela histórica,novela histórica,novela histórica,novela histórica,novela histórica,novela histórica
4245,subgenre-theme,novela histórica,novela sentimental,2000,word,tfidf,7,nh0092,novela sentimental,novela sentimental,novela sentimental,novela sentimental,novela sentimental,novela sentimental,novela sentimental,novela sentimental,novela sentimental,novela sentimental,novela sentimental
4246,subgenre-theme,novela histórica,novela sentimental,2000,word,tfidf,7,nh0094,novela histórica,novela histórica,novela histórica,novela histórica,novela histórica,novela histórica,novela histórica,novela histórica,novela histórica,novela histórica,novela histórica
4247,subgenre-theme,novela histórica,novela sentimental,2000,word,tfidf,7,nh0096,novela sentimental,novela sentimental,novela sentimental,novela sentimental,novela sentimental,novela sentimental,novela sentimental,novela sentimental,novela sentimental,novela sentimental,novela sentimental
4248,subgenre-theme,novela histórica,novela sentimental,2000,word,tfidf,7,nh0097,novela histórica,novela histórica,novela histórica,novela histórica,novela histórica,novela histórica,novela histórica,novela histórica,novela histórica,novela histórica,novela histórica
4249,subgenre-theme,novela histórica,novela sentimental,2000,word,tfidf,7,nh0098,novela sentimental,novela sentimental,novela sentimental,novela sentimental,novela sentimental,novela sentimental,novela sentimental,novela sentimental,novela sentimental,novela sentimental,novela sentimental
4250,subgenre-theme,novela histórica,novela sentimental,2000,word,tfidf,7,nh0099,novela sentimental,novela sentimental,novela sentimental,novela sentimental,novela sentimental,novela sentimental,novela sentimental,novela sentimental,novela sentimental,novela sentimental,novela sentimental
4251,subgenre-theme,novela histórica,novela sentimental,2000,word,tfidf,7,nh0100,novela histórica,novela histórica,novela histórica,novela histórica,novela histórica,novela histórica,novela histórica,novela histórica,novela histórica,novela histórica,novela histórica
4252,subgenre-theme,novela histórica,novela sentimental,2000,word,tfidf,7,nh0102,novela sentimental,novela sentimental,novela sentimental,novela sentimental,novela sentimental,novela sentimental,novela sentimental,novela sentimental,novela sentimental,novela sentimental,novela sentimental
4253,subgenre-theme,novela histórica,novela sentimental,2000,word,tfidf,7,nh0103,novela histórica,novela histórica,novela histórica,novela histórica,novela histórica,novela sentimental,novela histórica,novela histórica,novela histórica,novela histórica,novela histórica
4254,subgenre-theme,novela histórica,novela sentimental,2000,word,tfidf,7,nh0104,novela sentimental,novela sentimental,novela sentimental,novela sentimental,novela sentimental,novela sentimental,novela sentimental,novela sentimental,novela sentimental,novela sentimental,novela sentimental
4255,subgenre-theme,novela histórica,novela sentimental,2000,word,tfidf,7,nh0106,novela histórica,novela histórica,novela histórica,novela histórica,novela histórica,novela histórica,novela histórica,novela histórica,novela histórica,novela histórica,novela histórica
4256,subgenre-theme,novela histórica,novela sentimental,2000,word,tfidf,7,nh0107,novela histórica,novela histórica,novela histórica,novela histórica,novela histórica,novela histórica,novela histórica,novela histórica,novela histórica,novela histórica,novela histórica
4257,subgenre-theme,novela histórica,novela sentimental,2000,word,tfidf,7,nh0108,novela histórica,novela histórica,novela histórica,novela histórica,novela histórica,novela histórica,novela histórica,novela histórica,novela histórica,novela histórica,novela histórica
4258,subgenre-theme,novela histórica,novela sentimental,2000,word,tfidf,7,nh0115,novela histórica,novela histórica,novela histórica,novela histórica,novela histórica,novela histórica,novela histórica,novela histórica,novela histórica,novela histórica,novela histórica
4259,subgenre-theme,novela histórica,novela sentimental,2000,word,tfidf,7,nh0116,novela histórica,novela histórica,novela histórica,novela histórica,novela histórica,novela histórica,novela histórica,novela histórica,novela histórica,novela histórica,novela histórica
4260,subgenre-theme,novela histórica,novela sentimental,2000,word,tfidf,7,nh0117,novela histórica,novela histórica,novela histórica,novela histórica,novela histórica,novela histórica,novela histórica,novela histórica,novela histórica,novela histórica,novela histórica
4261,subgenre-theme,novela histórica,novela sentimental,2000,word,tfidf,7,nh0119,novela sentimental,novela sentimental,novela sentimental,novela sentimental,novela sentimental,novela sentimental,novela sentimental,novela sentimental,novela sentimental,novela sentimental,novela sentimental
4262,subgenre-theme,novela histórica,novela sentimental,2000,word,tfidf,7,nh0122,novela histórica,novela histórica,novela histórica,novela histórica,novela histórica,novela histórica,novela histórica,novela histórica,novela histórica,novela histórica,novela histórica
4263,subgenre-theme,novela histórica,novela sentimental,2000,word,tfidf,7,nh0123,novela sentimental,novela sentimental,novela sentimental,novela sentimental,novela sentimental,novela sentimental,novela sentimental,novela sentimental,novela sentimental,novela sentimental,novela sentimental
4264,subgenre-theme,novela histórica,novela sentimental,2000,word,tfidf,7,nh0125,novela histórica,novela histórica,novela histórica,novela histórica,novela histórica,novela histórica,novela histórica,novela histórica,novela histórica,novela histórica,novela histórica
4265,subgenre-theme,novela histórica,novela sentimental,2000,word,tfidf,7,nh0130,novela sentimental,novela sentimental,novela sentimental,novela sentimental,novela histórica,novela sentimental,novela sentimental,novela sentimental,novela sentimental,novela sentimental,novela sentimental
4266,subgenre-theme,novela histórica,novela sentimental,2000,word,tfidf,7,nh0132,novela sentimental,novela sentimental,novela sentimental,novela sentimental,novela sentimental,novela sentimental,novela sentimental,novela sentimental,novela sentimental,novela sentimental,novela sentimental
4267,subgenre-theme,novela histórica,novela sentimental,2000,word,tfidf,7,nh0136,novela sentimental,novela sentimental,novela sentimental,novela sentimental,novela sentimental,novela sentimental,novela sentimental,novela sentimental,novela sentimental,novela sentimental,novela sentimental
4268,subgenre-theme,novela histórica,novela sentimental,2000,word,tfidf,7,nh0140,novela sentimental,novela sentimental,novela sentimental,novela sentimental,novela sentimental,novela sentimental,novela sentimental,novela sentimental,novela sentimental,novela sentimental,novela sentimental
4269,subgenre-theme,novela histórica,novela sentimental,2000,word,tfidf,7,nh0143,novela histórica,novela histórica,novela histórica,novela histórica,novela histórica,novela histórica,novela histórica,novela histórica,novela histórica,novela histórica,novela histórica
4270,subgenre-theme,novela histórica,novela sentimental,2000,word,tfidf,7,nh0145,novela sentimental,novela sentimental,novela sentimental,novela sentimental,novela sentimental,novela sentimental,novela sentimental,novela sentimental,novela sentimental,novela sentimental,novela sentimental
4271,subgenre-theme,novela histórica,novela sentimental,2000,word,tfidf,7,nh0146,novela sentimental,novela sentimental,novela sentimental,novela sentimental,novela sentimental,novela sentimental,novela sentimental,novela sentimental,novela sentimental,novela sentimental,novela sentimental
4272,subgenre-theme,novela histórica,novela sentimental,2000,word,tfidf,7,nh0149,novela histórica,novela histórica,novela histórica,novela histórica,novela histórica,novela histórica,novela histórica,novela histórica,novela histórica,novela histórica,novela histórica
4273,subgenre-theme,novela histórica,novela sentimental,2000,word,tfidf,7,nh0150,novela histórica,novela histórica,novela histórica,novela histórica,novela histórica,novela histórica,novela histórica,novela sentimental,novela histórica,novela histórica,novela histórica
4274,subgenre-theme,novela histórica,novela sentimental,2000,word,tfidf,7,nh0151,novela sentimental,novela sentimental,novela sentimental,novela sentimental,novela sentimental,novela sentimental,novela sentimental,novela sentimental,novela sentimental,novela sentimental,novela sentimental
4275,subgenre-theme,novela histórica,novela sentimental,2000,word,tfidf,7,nh0152,novela histórica,novela histórica,novela histórica,novela histórica,novela histórica,novela histórica,novela histórica,novela histórica,novela histórica,novela histórica,novela histórica
4276,subgenre-theme,novela histórica,novela sentimental,2000,word,tfidf,7,nh0154,novela sentimental,novela sentimental,novela sentimental,novela sentimental,novela sentimental,novela sentimental,novela sentimental,novela sentimental,novela sentimental,novela sentimental,novela sentimental
4277,subgenre-theme,novela histórica,novela sentimental,2000,word,tfidf,7,nh0156,novela sentimental,novela sentimental,novela sentimental,novela sentimental,novela sentimental,novela sentimental,novela sentimental,novela sentimental,novela sentimental,novela sentimental,novela sentimental
4278,subgenre-theme,novela histórica,novela sentimental,2000,word,tfidf,7,nh0158,novela histórica,novela histórica,novela histórica,novela histórica,novela histórica,novela histórica,novela histórica,novela histórica,novela histórica,novela histórica,novela histórica
4279,subgenre-theme,novela histórica,novela sentimental,2000,word,tfidf,7,nh0159,novela histórica,novela histórica,novela histórica,novela histórica,novela histórica,novela histórica,novela histórica,novela histórica,novela histórica,novela histórica,novela histórica
4280,subgenre-theme,novela histórica,novela sentimental,2000,word,tfidf,7,nh0160,novela histórica,novela histórica,novela histórica,novela histórica,novela histórica,novela histórica,novela histórica,novela histórica,novela histórica,novela histórica,novela histórica
4281,subgenre-theme,novela histórica,novela sentimental,2000,word,tfidf,7,nh0162,novela sentimental,novela sentimental,novela sentimental,novela sentimental,novela sentimental,novela sentimental,novela sentimental,novela sentimental,novela sentimental,novela sentimental,novela sentimental
4282,subgenre-theme,novela histórica,novela sentimental,2000,word,tfidf,7,nh0166,novela histórica,novela histórica,novela histórica,novela histórica,novela histórica,novela histórica,novela histórica,novela histórica,novela histórica,novela histórica,novela histórica
4283,subgenre-theme,novela histórica,novela sentimental,2000,word,tfidf,7,nh0169,novela histórica,novela histórica,novela histórica,novela histórica,novela histórica,novela histórica,novela histórica,novela histórica,novela histórica,novela histórica,novela histórica
4284,subgenre-theme,novela histórica,novela sentimental,2000,word,tfidf,7,nh0171,novela sentimental,novela sentimental,novela sentimental,novela sentimental,novela sentimental,novela sentimental,novela sentimental,novela sentimental,novela sentimental,novela sentimental,novela sentimental
4285,subgenre-theme,novela histórica,novela sentimental,2000,word,tfidf,7,nh0176,novela histórica,novela histórica,novela histórica,novela histórica,novela histórica,novela histórica,novela histórica,novela histórica,novela histórica,novela histórica,novela histórica
4286,subgenre-theme,novela histórica,novela sentimental,2000,word,tfidf,7,nh0180,novela histórica,novela histórica,novela histórica,novela histórica,novela histórica,novela histórica,novela histórica,novela histórica,novela histórica,novela histórica,novela histórica
4287,subgenre-theme,novela histórica,novela sentimental,2000,word,tfidf,7,nh0181,novela histórica,novela histórica,novela histórica,novela histórica,novela histórica,novela histórica,novela histórica,novela histórica,novela histórica,novela histórica,novela histórica
4288,subgenre-theme,novela histórica,novela sentimental,2000,word,tfidf,7,nh0183,novela sentimental,novela sentimental,novela sentimental,novela sentimental,novela sentimental,novela sentimental,novela sentimental,novela sentimental,novela sentimental,novela sentimental,novela sentimental
4289,subgenre-theme,novela histórica,novela sentimental,2000,word,tfidf,7,nh0187,novela sentimental,novela sentimental,novela sentimental,novela sentimental,novela sentimental,novela sentimental,novela sentimental,novela sentimental,novela sentimental,novela sentimental,novela sentimental
4290,subgenre-theme,novela histórica,novela sentimental,2000,word,tfidf,7,nh0188,novela sentimental,novela sentimental,novela sentimental,novela sentimental,novela sentimental,novela sentimental,novela sentimental,novela sentimental,novela sentimental,novela sentimental,novela sentimental
4291,subgenre-theme,novela histórica,novela sentimental,2000,word,tfidf,7,nh0195,novela sentimental,novela sentimental,novela sentimental,novela sentimental,novela sentimental,novela sentimental,novela sentimental,novela sentimental,novela sentimental,novela sentimental,novela sentimental
4292,subgenre-theme,novela histórica,novela sentimental,2000,word,tfidf,7,nh0196,novela histórica,novela histórica,novela histórica,novela histórica,novela histórica,novela histórica,novela histórica,novela histórica,novela histórica,novela histórica,novela histórica
4293,subgenre-theme,novela histórica,novela sentimental,2000,word,tfidf,7,nh0202,novela sentimental,novela sentimental,novela sentimental,novela sentimental,novela sentimental,novela sentimental,novela sentimental,novela histórica,novela sentimental,novela sentimental,novela sentimental
4294,subgenre-theme,novela histórica,novela sentimental,2000,word,tfidf,7,nh0203,novela histórica,novela histórica,novela histórica,novela histórica,novela histórica,novela histórica,novela histórica,novela histórica,novela histórica,novela histórica,novela histórica
4295,subgenre-theme,novela histórica,novela sentimental,2000,word,tfidf,7,nh0207,novela sentimental,novela sentimental,novela sentimental,novela sentimental,novela sentimental,novela sentimental,novela sentimental,novela sentimental,novela sentimental,novela sentimental,novela sentimental
4296,subgenre-theme,novela histórica,novela sentimental,2000,word,tfidf,7,nh0208,novela histórica,novela histórica,novela histórica,novela histórica,novela histórica,novela histórica,novela histórica,novela histórica,novela histórica,novela histórica,novela histórica
4297,subgenre-theme,novela histórica,novela sentimental,2000,word,tfidf,7,nh0209,novela sentimental,novela sentimental,novela sentimental,novela sentimental,novela sentimental,novela sentimental,novela sentimental,novela sentimental,novela sentimental,novela sentimental,novela sentimental
4298,subgenre-theme,novela histórica,novela sentimental,2000,word,tfidf,7,nh0210,novela histórica,novela histórica,novela histórica,novela histórica,novela histórica,novela histórica,novela histórica,novela histórica,novela histórica,novela histórica,novela histórica
4299,subgenre-theme,novela histórica,novela sentimental,2000,word,tfidf,7,nh0212,novela sentimental,novela sentimental,novela sentimental,novela sentimental,novela sentimental,novela sentimental,novela sentimental,novela sentimental,novela sentimental,novela sentimental,novela sentimental
4300,subgenre-theme,novela histórica,novela sentimental,2000,word,tfidf,7,nh0216,novela sentimental,novela sentimental,novela sentimental,novela sentimental,novela sentimental,novela sentimental,novela sentimental,novela sentimental,novela sentimental,novela sentimental,novela sentimental
4301,subgenre-theme,novela histórica,novela sentimental,2000,word,tfidf,7,nh0218,novela sentimental,novela sentimental,novela sentimental,novela sentimental,novela sentimental,novela sentimental,novela sentimental,novela sentimental,novela sentimental,novela sentimental,novela sentimental
4302,subgenre-theme,novela histórica,novela sentimental,2000,word,tfidf,7,nh0219,novela sentimental,novela sentimental,novela sentimental,novela sentimental,novela sentimental,novela sentimental,novela sentimental,novela sentimental,novela histórica,novela sentimental,novela sentimental
4303,subgenre-theme,novela histórica,novela sentimental,2000,word,tfidf,7,nh0227,novela histórica,novela histórica,novela histórica,novela histórica,novela histórica,novela histórica,novela histórica,novela histórica,novela histórica,novela histórica,novela histórica
4304,subgenre-theme,novela histórica,novela sentimental,2000,word,tfidf,7,nh0228,novela sentimental,novela sentimental,novela sentimental,novela sentimental,novela sentimental,novela sentimental,novela sentimental,novela sentimental,novela sentimental,novela sentimental,novela sentimental
4305,subgenre-theme,novela histórica,novela sentimental,2000,word,tfidf,7,nh0230,novela sentimental,novela sentimental,novela sentimental,novela sentimental,novela sentimental,novela sentimental,novela sentimental,novela sentimental,novela sentimental,novela sentimental,novela sentimental
4306,subgenre-theme,novela histórica,novela sentimental,2000,word,tfidf,7,nh0231,novela histórica,novela histórica,novela histórica,novela histórica,novela histórica,novela histórica,novela histórica,novela histórica,novela histórica,novela histórica,novela histórica
4307,subgenre-theme,novela histórica,novela sentimental,2000,word,tfidf,7,nh0233,novela sentimental,novela sentimental,novela sentimental,novela sentimental,novela sentimental,novela sentimental,novela sentimental,novela sentimental,novela sentimental,novela sentimental,novela sentimental
4308,subgenre-theme,novela histórica,novela sentimental,2000,word,tfidf,7,nh0237,novela sentimental,novela sentimental,novela sentimental,novela sentimental,novela sentimental,novela sentimental,novela sentimental,novela sentimental,novela sentimental,novela sentimental,novela sentimental
4309,subgenre-theme,novela histórica,novela sentimental,2000,word,tfidf,7,nh0241,novela sentimental,novela sentimental,novela sentimental,novela sentimental,novela sentimental,novela sentimental,novela sentimental,novela sentimental,novela sentimental,novela histórica,novela sentimental
4310,subgenre-theme,novela histórica,novela sentimental,2000,word,tfidf,7,nh0243,novela histórica,novela histórica,novela histórica,novela histórica,novela histórica,novela histórica,novela histórica,novela histórica,novela histórica,novela histórica,novela histórica
4311,subgenre-theme,novela histórica,novela sentimental,2000,word,tfidf,7,nh0245,novela sentimental,novela sentimental,novela sentimental,novela sentimental,novela sentimental,novela sentimental,novela sentimental,novela sentimental,novela sentimental,novela sentimental,novela sentimental
4312,subgenre-theme,novela histórica,novela sentimental,2000,word,tfidf,7,nh0247,novela histórica,novela histórica,novela histórica,novela histórica,novela histórica,novela histórica,novela histórica,novela histórica,novela histórica,novela histórica,novela histórica
4313,subgenre-theme,novela histórica,novela sentimental,2000,word,tfidf,7,nh0248,novela histórica,novela histórica,novela histórica,novela histórica,novela histórica,novela histórica,novela histórica,novela histórica,novela histórica,novela histórica,novela histórica
4314,subgenre-theme,novela histórica,novela sentimental,2000,word,tfidf,7,nh0249,novela histórica,novela histórica,novela histórica,novela histórica,novela histórica,novela histórica,novela histórica,novela histórica,novela histórica,novela histórica,novela histórica
4315,subgenre-theme,novela histórica,novela sentimental,2000,word,tfidf,7,nh0250,novela sentimental,novela sentimental,novela sentimental,novela sentimental,novela sentimental,novela sentimental,novela sentimental,novela sentimental,novela sentimental,novela sentimental,novela sentimental
4316,subgenre-theme,novela histórica,novela sentimental,2000,word,tfidf,7,nh0251,novela sentimental,novela sentimental,novela sentimental,novela sentimental,novela sentimental,novela sentimental,novela sentimental,novela sentimental,novela sentimental,novela sentimental,novela sentimental
4317,subgenre-theme,novela histórica,novela sentimental,2000,word,tfidf,7,nh0252,novela sentimental,novela sentimental,novela sentimental,novela sentimental,novela sentimental,novela sentimental,novela sentimental,novela sentimental,novela sentimental,novela sentimental,novela sentimental
4318,subgenre-theme,novela histórica,novela sentimental,2000,word,tfidf,7,nh0253,novela histórica,novela histórica,novela histórica,novela histórica,novela histórica,novela histórica,novela histórica,novela histórica,novela histórica,novela histórica,novela histórica
4319,subgenre-theme,novela histórica,novela sentimental,2000,word,tfidf,7,nh0254,novela sentimental,novela sentimental,novela sentimental,novela sentimental,novela sentimental,novela sentimental,novela sentimental,novela sentimental,novela sentimental,novela sentimental,novela sentimental
4320,subgenre-theme,novela histórica,novela sentimental,2000,word,tfidf,8,nh0003,novela sentimental,novela sentimental,novela sentimental,novela sentimental,novela sentimental,novela sentimental,novela sentimental,novela sentimental,novela sentimental,novela sentimental,novela sentimental
4321,subgenre-theme,novela histórica,novela sentimental,2000,word,tfidf,8,nh0004,novela histórica,novela histórica,novela histórica,novela histórica,novela histórica,novela histórica,novela histórica,novela histórica,novela histórica,novela histórica,novela histórica
4322,subgenre-theme,novela histórica,novela sentimental,2000,word,tfidf,8,nh0006,novela sentimental,novela sentimental,novela sentimental,novela sentimental,novela sentimental,novela sentimental,novela sentimental,novela sentimental,novela sentimental,novela sentimental,novela sentimental
4323,subgenre-theme,novela histórica,novela sentimental,2000,word,tfidf,8,nh0007,novela histórica,novela histórica,novela histórica,novela histórica,novela histórica,novela histórica,novela histórica,novela histórica,novela histórica,novela histórica,novela histórica
4324,subgenre-theme,novela histórica,novela sentimental,2000,word,tfidf,8,nh0009,novela histórica,novela histórica,novela histórica,novela histórica,novela histórica,novela histórica,novela histórica,novela histórica,novela histórica,novela histórica,novela histórica
4325,subgenre-theme,novela histórica,novela sentimental,2000,word,tfidf,8,nh0013,novela sentimental,novela sentimental,novela sentimental,novela sentimental,novela sentimental,novela sentimental,novela sentimental,novela sentimental,novela sentimental,novela sentimental,novela sentimental
4326,subgenre-theme,novela histórica,novela sentimental,2000,word,tfidf,8,nh0014,novela sentimental,novela sentimental,novela sentimental,novela sentimental,novela sentimental,novela sentimental,novela sentimental,novela sentimental,novela sentimental,novela sentimental,novela sentimental
4327,subgenre-theme,novela histórica,novela sentimental,2000,word,tfidf,8,nh0015,novela histórica,novela histórica,novela histórica,novela histórica,novela histórica,novela histórica,novela histórica,novela histórica,novela histórica,novela histórica,novela histórica
4328,subgenre-theme,novela histórica,novela sentimental,2000,word,tfidf,8,nh0017,novela histórica,novela histórica,novela histórica,novela histórica,novela histórica,novela histórica,novela histórica,novela histórica,novela histórica,novela histórica,novela histórica
4329,subgenre-theme,novela histórica,novela sentimental,2000,word,tfidf,8,nh0018,novela sentimental,novela sentimental,novela sentimental,novela sentimental,novela sentimental,novela sentimental,novela sentimental,novela sentimental,novela sentimental,novela sentimental,novela sentimental
4330,subgenre-theme,novela histórica,novela sentimental,2000,word,tfidf,8,nh0020,novela histórica,novela histórica,novela histórica,novela histórica,novela histórica,novela histórica,novela histórica,novela histórica,novela histórica,novela histórica,novela histórica
4331,subgenre-theme,novela histórica,novela sentimental,2000,word,tfidf,8,nh0021,novela sentimental,novela sentimental,novela sentimental,novela sentimental,novela sentimental,novela sentimental,novela sentimental,novela sentimental,novela sentimental,novela sentimental,novela sentimental
4332,subgenre-theme,novela histórica,novela sentimental,2000,word,tfidf,8,nh0022,novela histórica,novela histórica,novela histórica,novela histórica,novela histórica,novela histórica,novela histórica,novela histórica,novela histórica,novela histórica,novela histórica
4333,subgenre-theme,novela histórica,novela sentimental,2000,word,tfidf,8,nh0025,novela histórica,novela histórica,novela histórica,novela histórica,novela histórica,novela histórica,novela histórica,novela histórica,novela histórica,novela histórica,novela histórica
4334,subgenre-theme,novela histórica,novela sentimental,2000,word,tfidf,8,nh0034,novela sentimental,novela sentimental,novela sentimental,novela sentimental,novela sentimental,novela sentimental,novela sentimental,novela sentimental,novela sentimental,novela sentimental,novela sentimental
4335,subgenre-theme,novela histórica,novela sentimental,2000,word,tfidf,8,nh0035,novela histórica,novela histórica,novela histórica,novela histórica,novela histórica,novela histórica,novela histórica,novela histórica,novela histórica,novela histórica,novela histórica
4336,subgenre-theme,novela histórica,novela sentimental,2000,word,tfidf,8,nh0040,novela histórica,novela histórica,novela sentimental,novela histórica,novela histórica,novela histórica,novela histórica,novela histórica,novela histórica,novela histórica,novela histórica
4337,subgenre-theme,novela histórica,novela sentimental,2000,word,tfidf,8,nh0041,novela histórica,novela histórica,novela histórica,novela histórica,novela histórica,novela histórica,novela histórica,novela histórica,novela histórica,novela histórica,novela histórica
4338,subgenre-theme,novela histórica,novela sentimental,2000,word,tfidf,8,nh0043,novela sentimental,novela sentimental,novela sentimental,novela sentimental,novela sentimental,novela sentimental,novela sentimental,novela sentimental,novela sentimental,novela sentimental,novela sentimental
4339,subgenre-theme,novela histórica,novela sentimental,2000,word,tfidf,8,nh0045,novela sentimental,novela sentimental,novela histórica,novela sentimental,novela sentimental,novela sentimental,novela sentimental,novela sentimental,novela sentimental,novela sentimental,novela sentimental
4340,subgenre-theme,novela histórica,novela sentimental,2000,word,tfidf,8,nh0049,novela histórica,novela histórica,novela histórica,novela histórica,novela histórica,novela histórica,novela histórica,novela histórica,novela histórica,novela histórica,novela histórica
4341,subgenre-theme,novela histórica,novela sentimental,2000,word,tfidf,8,nh0055,novela histórica,novela histórica,novela histórica,novela histórica,novela histórica,novela histórica,novela histórica,novela histórica,novela histórica,novela histórica,novela histórica
4342,subgenre-theme,novela histórica,novela sentimental,2000,word,tfidf,8,nh0056,novela histórica,novela histórica,novela histórica,novela histórica,novela histórica,novela histórica,novela histórica,novela histórica,novela histórica,novela histórica,novela histórica
4343,subgenre-theme,novela histórica,novela sentimental,2000,word,tfidf,8,nh0064,novela histórica,novela histórica,novela histórica,novela histórica,novela histórica,novela histórica,novela histórica,novela histórica,novela histórica,novela histórica,novela histórica
4344,subgenre-theme,novela histórica,novela sentimental,2000,word,tfidf,8,nh0068,novela sentimental,novela sentimental,novela sentimental,novela sentimental,novela sentimental,novela sentimental,novela sentimental,novela sentimental,novela sentimental,novela sentimental,novela sentimental
4345,subgenre-theme,novela histórica,novela sentimental,2000,word,tfidf,8,nh0069,novela histórica,novela histórica,novela histórica,novela histórica,novela histórica,novela histórica,novela histórica,novela histórica,novela histórica,novela histórica,novela histórica
4346,subgenre-theme,novela histórica,novela sentimental,2000,word,tfidf,8,nh0072,novela sentimental,novela sentimental,novela histórica,novela sentimental,novela sentimental,novela sentimental,novela sentimental,novela sentimental,novela sentimental,novela sentimental,novela sentimental
4347,subgenre-theme,novela histórica,novela sentimental,2000,word,tfidf,8,nh0076,novela sentimental,novela sentimental,novela sentimental,novela sentimental,novela sentimental,novela sentimental,novela sentimental,novela sentimental,novela sentimental,novela sentimental,novela sentimental
4348,subgenre-theme,novela histórica,novela sentimental,2000,word,tfidf,8,nh0082,novela sentimental,novela sentimental,novela sentimental,novela sentimental,novela sentimental,novela sentimental,novela sentimental,novela sentimental,novela sentimental,novela sentimental,novela sentimental
4349,subgenre-theme,novela histórica,novela sentimental,2000,word,tfidf,8,nh0084,novela histórica,novela histórica,novela histórica,novela histórica,novela histórica,novela histórica,novela histórica,novela histórica,novela histórica,novela histórica,novela histórica
4350,subgenre-theme,novela histórica,novela sentimental,2000,word,tfidf,8,nh0086,novela histórica,novela histórica,novela histórica,novela histórica,novela histórica,novela histórica,novela histórica,novela histórica,novela histórica,novela histórica,novela histórica
4351,subgenre-theme,novela histórica,novela sentimental,2000,word,tfidf,8,nh0087,novela sentimental,novela sentimental,novela sentimental,novela sentimental,novela sentimental,novela sentimental,novela sentimental,novela sentimental,novela sentimental,novela sentimental,novela sentimental
4352,subgenre-theme,novela histórica,novela sentimental,2000,word,tfidf,8,nh0089,novela sentimental,novela sentimental,novela sentimental,novela sentimental,novela sentimental,novela sentimental,novela sentimental,novela sentimental,novela sentimental,novela sentimental,novela sentimental
4353,subgenre-theme,novela histórica,novela sentimental,2000,word,tfidf,8,nh0091,novela histórica,novela histórica,novela histórica,novela histórica,novela histórica,novela histórica,novela histórica,novela histórica,novela histórica,novela histórica,novela histórica
4354,subgenre-theme,novela histórica,novela sentimental,2000,word,tfidf,8,nh0092,novela sentimental,novela sentimental,novela sentimental,novela sentimental,novela sentimental,novela sentimental,novela sentimental,novela sentimental,novela sentimental,novela sentimental,novela sentimental
4355,subgenre-theme,novela histórica,novela sentimental,2000,word,tfidf,8,nh0096,novela sentimental,novela sentimental,novela sentimental,novela sentimental,novela sentimental,novela sentimental,novela sentimental,novela sentimental,novela sentimental,novela sentimental,novela sentimental
4356,subgenre-theme,novela histórica,novela sentimental,2000,word,tfidf,8,nh0098,novela sentimental,novela sentimental,novela sentimental,novela sentimental,novela sentimental,novela sentimental,novela sentimental,novela sentimental,novela sentimental,novela sentimental,novela sentimental
4357,subgenre-theme,novela histórica,novela sentimental,2000,word,tfidf,8,nh0099,novela sentimental,novela sentimental,novela sentimental,novela sentimental,novela sentimental,novela sentimental,novela sentimental,novela sentimental,novela sentimental,novela sentimental,novela sentimental
4358,subgenre-theme,novela histórica,novela sentimental,2000,word,tfidf,8,nh0100,novela histórica,novela histórica,novela histórica,novela histórica,novela histórica,novela histórica,novela histórica,novela histórica,novela histórica,novela histórica,novela histórica
4359,subgenre-theme,novela histórica,novela sentimental,2000,word,tfidf,8,nh0102,novela sentimental,novela sentimental,novela sentimental,novela sentimental,novela sentimental,novela sentimental,novela sentimental,novela sentimental,novela sentimental,novela sentimental,novela sentimental
4360,subgenre-theme,novela histórica,novela sentimental,2000,word,tfidf,8,nh0103,novela histórica,novela histórica,novela histórica,novela histórica,novela histórica,novela sentimental,novela histórica,novela histórica,novela histórica,novela histórica,novela histórica
4361,subgenre-theme,novela histórica,novela sentimental,2000,word,tfidf,8,nh0104,novela sentimental,novela sentimental,novela sentimental,novela sentimental,novela sentimental,novela sentimental,novela sentimental,novela sentimental,novela sentimental,novela sentimental,novela sentimental
4362,subgenre-theme,novela histórica,novela sentimental,2000,word,tfidf,8,nh0106,novela histórica,novela histórica,novela histórica,novela histórica,novela histórica,novela histórica,novela histórica,novela histórica,novela histórica,novela histórica,novela histórica
4363,subgenre-theme,novela histórica,novela sentimental,2000,word,tfidf,8,nh0107,novela histórica,novela histórica,novela histórica,novela histórica,novela histórica,novela histórica,novela histórica,novela histórica,novela histórica,novela histórica,novela histórica
4364,subgenre-theme,novela histórica,novela sentimental,2000,word,tfidf,8,nh0108,novela histórica,novela histórica,novela histórica,novela histórica,novela histórica,novela histórica,novela histórica,novela histórica,novela histórica,novela histórica,novela histórica
4365,subgenre-theme,novela histórica,novela sentimental,2000,word,tfidf,8,nh0115,novela histórica,novela histórica,novela histórica,novela histórica,novela histórica,novela histórica,novela histórica,novela histórica,novela histórica,novela histórica,novela histórica
4366,subgenre-theme,novela histórica,novela sentimental,2000,word,tfidf,8,nh0119,novela sentimental,novela sentimental,novela sentimental,novela sentimental,novela sentimental,novela sentimental,novela sentimental,novela sentimental,novela sentimental,novela sentimental,novela sentimental
4367,subgenre-theme,novela histórica,novela sentimental,2000,word,tfidf,8,nh0122,novela histórica,novela histórica,novela histórica,novela histórica,novela histórica,novela histórica,novela histórica,novela histórica,novela histórica,novela histórica,novela histórica
4368,subgenre-theme,novela histórica,novela sentimental,2000,word,tfidf,8,nh0123,novela sentimental,novela sentimental,novela sentimental,novela sentimental,novela sentimental,novela sentimental,novela sentimental,novela sentimental,novela sentimental,novela sentimental,novela sentimental
4369,subgenre-theme,novela histórica,novela sentimental,2000,word,tfidf,8,nh0125,novela histórica,novela histórica,novela histórica,novela histórica,novela histórica,novela histórica,novela histórica,novela histórica,novela histórica,novela histórica,novela histórica
4370,subgenre-theme,novela histórica,novela sentimental,2000,word,tfidf,8,nh0130,novela sentimental,novela sentimental,novela sentimental,novela sentimental,novela histórica,novela sentimental,novela sentimental,novela sentimental,novela sentimental,novela sentimental,novela sentimental
4371,subgenre-theme,novela histórica,novela sentimental,2000,word,tfidf,8,nh0132,novela sentimental,novela sentimental,novela sentimental,novela sentimental,novela sentimental,novela sentimental,novela sentimental,novela sentimental,novela sentimental,novela sentimental,novela sentimental
4372,subgenre-theme,novela histórica,novela sentimental,2000,word,tfidf,8,nh0136,novela sentimental,novela sentimental,novela sentimental,novela sentimental,novela sentimental,novela sentimental,novela sentimental,novela sentimental,novela sentimental,novela sentimental,novela sentimental
4373,subgenre-theme,novela histórica,novela sentimental,2000,word,tfidf,8,nh0139,novela histórica,novela histórica,novela histórica,novela histórica,novela histórica,novela histórica,novela histórica,novela histórica,novela histórica,novela histórica,novela histórica
4374,subgenre-theme,novela histórica,novela sentimental,2000,word,tfidf,8,nh0140,novela sentimental,novela sentimental,novela sentimental,novela sentimental,novela sentimental,novela sentimental,novela sentimental,novela sentimental,novela sentimental,novela sentimental,novela sentimental
4375,subgenre-theme,novela histórica,novela sentimental,2000,word,tfidf,8,nh0142,novela histórica,novela histórica,novela histórica,novela histórica,novela histórica,novela histórica,novela histórica,novela histórica,novela histórica,novela histórica,novela histórica
4376,subgenre-theme,novela histórica,novela sentimental,2000,word,tfidf,8,nh0143,novela histórica,novela histórica,novela histórica,novela histórica,novela histórica,novela histórica,novela histórica,novela histórica,novela histórica,novela histórica,novela histórica
4377,subgenre-theme,novela histórica,novela sentimental,2000,word,tfidf,8,nh0145,novela sentimental,novela sentimental,novela sentimental,novela sentimental,novela sentimental,novela sentimental,novela sentimental,novela sentimental,novela sentimental,novela sentimental,novela sentimental
4378,subgenre-theme,novela histórica,novela sentimental,2000,word,tfidf,8,nh0146,novela sentimental,novela sentimental,novela sentimental,novela sentimental,novela sentimental,novela sentimental,novela sentimental,novela sentimental,novela sentimental,novela sentimental,novela sentimental
4379,subgenre-theme,novela histórica,novela sentimental,2000,word,tfidf,8,nh0149,novela histórica,novela histórica,novela histórica,novela histórica,novela histórica,novela histórica,novela histórica,novela histórica,novela histórica,novela histórica,novela histórica
4380,subgenre-theme,novela histórica,novela sentimental,2000,word,tfidf,8,nh0151,novela sentimental,novela sentimental,novela sentimental,novela sentimental,novela sentimental,novela sentimental,novela sentimental,novela sentimental,novela sentimental,novela sentimental,novela sentimental
4381,subgenre-theme,novela histórica,novela sentimental,2000,word,tfidf,8,nh0154,novela sentimental,novela sentimental,novela sentimental,novela sentimental,novela sentimental,novela sentimental,novela sentimental,novela sentimental,novela sentimental,novela sentimental,novela sentimental
4382,subgenre-theme,novela histórica,novela sentimental,2000,word,tfidf,8,nh0156,novela sentimental,novela sentimental,novela sentimental,novela sentimental,novela sentimental,novela sentimental,novela sentimental,novela sentimental,novela sentimental,novela sentimental,novela sentimental
4383,subgenre-theme,novela histórica,novela sentimental,2000,word,tfidf,8,nh0158,novela histórica,novela histórica,novela histórica,novela histórica,novela histórica,novela histórica,novela histórica,novela histórica,novela histórica,novela histórica,novela histórica
4384,subgenre-theme,novela histórica,novela sentimental,2000,word,tfidf,8,nh0159,novela histórica,novela histórica,novela histórica,novela histórica,novela histórica,novela histórica,novela histórica,novela histórica,novela histórica,novela histórica,novela histórica
4385,subgenre-theme,novela histórica,novela sentimental,2000,word,tfidf,8,nh0160,novela histórica,novela histórica,novela histórica,novela histórica,novela histórica,novela histórica,novela histórica,novela histórica,novela histórica,novela histórica,novela histórica
4386,subgenre-theme,novela histórica,novela sentimental,2000,word,tfidf,8,nh0161,novela histórica,novela histórica,novela histórica,novela histórica,novela histórica,novela histórica,novela histórica,novela histórica,novela histórica,novela histórica,novela histórica
4387,subgenre-theme,novela histórica,novela sentimental,2000,word,tfidf,8,nh0162,novela sentimental,novela sentimental,novela sentimental,novela sentimental,novela sentimental,novela sentimental,novela sentimental,novela sentimental,novela sentimental,novela sentimental,novela sentimental
4388,subgenre-theme,novela histórica,novela sentimental,2000,word,tfidf,8,nh0165,novela histórica,novela histórica,novela histórica,novela histórica,novela histórica,novela histórica,novela histórica,novela histórica,novela histórica,novela histórica,novela histórica
4389,subgenre-theme,novela histórica,novela sentimental,2000,word,tfidf,8,nh0166,novela histórica,novela histórica,novela histórica,novela histórica,novela histórica,novela histórica,novela histórica,novela histórica,novela histórica,novela histórica,novela histórica
4390,subgenre-theme,novela histórica,novela sentimental,2000,word,tfidf,8,nh0168,novela histórica,novela histórica,novela histórica,novela histórica,novela histórica,novela histórica,novela histórica,novela histórica,novela histórica,novela histórica,novela histórica
4391,subgenre-theme,novela histórica,novela sentimental,2000,word,tfidf,8,nh0169,novela histórica,novela histórica,novela histórica,novela histórica,novela histórica,novela histórica,novela histórica,novela histórica,novela sentimental,novela histórica,novela histórica
4392,subgenre-theme,novela histórica,novela sentimental,2000,word,tfidf,8,nh0171,novela sentimental,novela sentimental,novela sentimental,novela sentimental,novela sentimental,novela sentimental,novela sentimental,novela sentimental,novela sentimental,novela sentimental,novela sentimental
4393,subgenre-theme,novela histórica,novela sentimental,2000,word,tfidf,8,nh0176,novela histórica,novela histórica,novela histórica,novela histórica,novela histórica,novela histórica,novela histórica,novela histórica,novela histórica,novela histórica,novela histórica
4394,subgenre-theme,novela histórica,novela sentimental,2000,word,tfidf,8,nh0180,novela histórica,novela histórica,novela histórica,novela histórica,novela histórica,novela histórica,novela histórica,novela histórica,novela histórica,novela histórica,novela histórica
4395,subgenre-theme,novela histórica,novela sentimental,2000,word,tfidf,8,nh0181,novela histórica,novela histórica,novela histórica,novela histórica,novela histórica,novela histórica,novela histórica,novela histórica,novela histórica,novela histórica,novela histórica
4396,subgenre-theme,novela histórica,novela sentimental,2000,word,tfidf,8,nh0182,novela histórica,novela histórica,novela histórica,novela histórica,novela histórica,novela histórica,novela histórica,novela histórica,novela histórica,novela histórica,novela histórica
4397,subgenre-theme,novela histórica,novela sentimental,2000,word,tfidf,8,nh0183,novela sentimental,novela sentimental,novela sentimental,novela sentimental,novela sentimental,novela sentimental,novela sentimental,novela sentimental,novela sentimental,novela sentimental,novela sentimental
4398,subgenre-theme,novela histórica,novela sentimental,2000,word,tfidf,8,nh0184,novela histórica,novela histórica,novela histórica,novela histórica,novela histórica,novela histórica,novela histórica,novela histórica,novela histórica,novela histórica,novela histórica
4399,subgenre-theme,novela histórica,novela sentimental,2000,word,tfidf,8,nh0187,novela sentimental,novela sentimental,novela sentimental,novela sentimental,novela sentimental,novela sentimental,novela sentimental,novela sentimental,novela sentimental,novela sentimental,novela sentimental
4400,subgenre-theme,novela histórica,novela sentimental,2000,word,tfidf,8,nh0188,novela sentimental,novela sentimental,novela sentimental,novela sentimental,novela sentimental,novela sentimental,novela sentimental,novela sentimental,novela sentimental,novela sentimental,novela sentimental
4401,subgenre-theme,novela histórica,novela sentimental,2000,word,tfidf,8,nh0195,novela sentimental,novela sentimental,novela sentimental,novela sentimental,novela sentimental,novela sentimental,novela sentimental,novela sentimental,novela sentimental,novela sentimental,novela sentimental
4402,subgenre-theme,novela histórica,novela sentimental,2000,word,tfidf,8,nh0196,novela histórica,novela histórica,novela histórica,novela histórica,novela histórica,novela histórica,novela histórica,novela histórica,novela histórica,novela histórica,novela histórica
4403,subgenre-theme,novela histórica,novela sentimental,2000,word,tfidf,8,nh0202,novela sentimental,novela sentimental,novela sentimental,novela sentimental,novela sentimental,novela sentimental,novela sentimental,novela histórica,novela sentimental,novela sentimental,novela sentimental
4404,subgenre-theme,novela histórica,novela sentimental,2000,word,tfidf,8,nh0203,novela histórica,novela histórica,novela histórica,novela histórica,novela histórica,novela histórica,novela histórica,novela histórica,novela histórica,novela histórica,novela histórica
4405,subgenre-theme,novela histórica,novela sentimental,2000,word,tfidf,8,nh0207,novela sentimental,novela sentimental,novela sentimental,novela sentimental,novela sentimental,novela sentimental,novela sentimental,novela sentimental,novela sentimental,novela sentimental,novela sentimental
4406,subgenre-theme,novela histórica,novela sentimental,2000,word,tfidf,8,nh0208,novela histórica,novela histórica,novela histórica,novela histórica,novela histórica,novela histórica,novela histórica,novela histórica,novela histórica,novela histórica,novela histórica
4407,subgenre-theme,novela histórica,novela sentimental,2000,word,tfidf,8,nh0209,novela sentimental,novela sentimental,novela sentimental,novela sentimental,novela sentimental,novela sentimental,novela sentimental,novela sentimental,novela sentimental,novela sentimental,novela sentimental
4408,subgenre-theme,novela histórica,novela sentimental,2000,word,tfidf,8,nh0210,novela histórica,novela histórica,novela histórica,novela histórica,novela histórica,novela histórica,novela histórica,novela histórica,novela histórica,novela histórica,novela histórica
4409,subgenre-theme,novela histórica,novela sentimental,2000,word,tfidf,8,nh0212,novela sentimental,novela sentimental,novela sentimental,novela sentimental,novela sentimental,novela sentimental,novela sentimental,novela sentimental,novela sentimental,novela sentimental,novela sentimental
4410,subgenre-theme,novela histórica,novela sentimental,2000,word,tfidf,8,nh0216,novela sentimental,novela sentimental,novela sentimental,novela sentimental,novela sentimental,novela sentimental,novela sentimental,novela sentimental,novela sentimental,novela sentimental,novela sentimental
4411,subgenre-theme,novela histórica,novela sentimental,2000,word,tfidf,8,nh0218,novela sentimental,novela sentimental,novela sentimental,novela sentimental,novela sentimental,novela sentimental,novela sentimental,novela sentimental,novela sentimental,novela sentimental,novela sentimental
4412,subgenre-theme,novela histórica,novela sentimental,2000,word,tfidf,8,nh0219,novela sentimental,novela sentimental,novela sentimental,novela sentimental,novela sentimental,novela sentimental,novela sentimental,novela sentimental,novela histórica,novela sentimental,novela sentimental
4413,subgenre-theme,novela histórica,novela sentimental,2000,word,tfidf,8,nh0222,novela histórica,novela histórica,novela histórica,novela histórica,novela histórica,novela histórica,novela histórica,novela histórica,novela histórica,novela sentimental,novela histórica
4414,subgenre-theme,novela histórica,novela sentimental,2000,word,tfidf,8,nh0227,novela histórica,novela histórica,novela histórica,novela histórica,novela histórica,novela histórica,novela histórica,novela histórica,novela histórica,novela histórica,novela histórica
4415,subgenre-theme,novela histórica,novela sentimental,2000,word,tfidf,8,nh0228,novela sentimental,novela sentimental,novela sentimental,novela sentimental,novela sentimental,novela sentimental,novela sentimental,novela sentimental,novela sentimental,novela histórica,novela sentimental
4416,subgenre-theme,novela histórica,novela sentimental,2000,word,tfidf,8,nh0230,novela sentimental,novela sentimental,novela sentimental,novela sentimental,novela sentimental,novela sentimental,novela sentimental,novela sentimental,novela sentimental,novela sentimental,novela sentimental
4417,subgenre-theme,novela histórica,novela sentimental,2000,word,tfidf,8,nh0233,novela sentimental,novela sentimental,novela sentimental,novela sentimental,novela sentimental,novela sentimental,novela sentimental,novela sentimental,novela sentimental,novela sentimental,novela sentimental
4418,subgenre-theme,novela histórica,novela sentimental,2000,word,tfidf,8,nh0237,novela sentimental,novela sentimental,novela sentimental,novela sentimental,novela sentimental,novela sentimental,novela sentimental,novela sentimental,novela sentimental,novela sentimental,novela sentimental
4419,subgenre-theme,novela histórica,novela sentimental,2000,word,tfidf,8,nh0241,novela sentimental,novela sentimental,novela sentimental,novela sentimental,novela sentimental,novela sentimental,novela sentimental,novela sentimental,novela sentimental,novela histórica,novela sentimental
4420,subgenre-theme,novela histórica,novela sentimental,2000,word,tfidf,8,nh0243,novela histórica,novela histórica,novela histórica,novela histórica,novela histórica,novela histórica,novela histórica,novela histórica,novela histórica,novela histórica,novela histórica
4421,subgenre-theme,novela histórica,novela sentimental,2000,word,tfidf,8,nh0245,novela sentimental,novela sentimental,novela sentimental,novela sentimental,novela sentimental,novela sentimental,novela sentimental,novela sentimental,novela sentimental,novela sentimental,novela sentimental
4422,subgenre-theme,novela histórica,novela sentimental,2000,word,tfidf,8,nh0247,novela histórica,novela histórica,novela histórica,novela histórica,novela histórica,novela histórica,novela histórica,novela histórica,novela histórica,novela histórica,novela histórica
4423,subgenre-theme,novela histórica,novela sentimental,2000,word,tfidf,8,nh0248,novela histórica,novela histórica,novela histórica,novela histórica,novela histórica,novela histórica,novela histórica,novela histórica,novela histórica,novela histórica,novela histórica
4424,subgenre-theme,novela histórica,novela sentimental,2000,word,tfidf,8,nh0249,novela histórica,novela histórica,novela histórica,novela histórica,novela histórica,novela histórica,novela histórica,novela histórica,novela histórica,novela histórica,novela histórica
4425,subgenre-theme,novela histórica,novela sentimental,2000,word,tfidf,8,nh0250,novela sentimental,novela sentimental,novela sentimental,novela sentimental,novela sentimental,novela sentimental,novela sentimental,novela sentimental,novela sentimental,novela sentimental,novela sentimental
4426,subgenre-theme,novela histórica,novela sentimental,2000,word,tfidf,8,nh0251,novela sentimental,novela sentimental,novela sentimental,novela sentimental,novela sentimental,novela sentimental,novela sentimental,novela sentimental,novela sentimental,novela sentimental,novela sentimental
4427,subgenre-theme,novela histórica,novela sentimental,2000,word,tfidf,8,nh0252,novela sentimental,novela sentimental,novela sentimental,novela sentimental,novela sentimental,novela sentimental,novela sentimental,novela sentimental,novela sentimental,novela sentimental,novela sentimental
4428,subgenre-theme,novela histórica,novela sentimental,2000,word,tfidf,8,nh0253,novela histórica,novela histórica,novela histórica,novela histórica,novela histórica,novela histórica,novela histórica,novela histórica,novela histórica,novela histórica,novela histórica
4429,subgenre-theme,novela histórica,novela sentimental,2000,word,tfidf,8,nh0254,novela sentimental,novela sentimental,novela sentimental,novela sentimental,novela sentimental,novela sentimental,novela sentimental,novela sentimental,novela sentimental,novela sentimental,novela sentimental
4430,subgenre-theme,novela histórica,novela sentimental,2000,word,tfidf,9,nh0003,novela sentimental,novela sentimental,novela sentimental,novela sentimental,novela sentimental,novela sentimental,novela sentimental,novela sentimental,novela sentimental,novela sentimental,novela sentimental
4431,subgenre-theme,novela histórica,novela sentimental,2000,word,tfidf,9,nh0004,novela histórica,novela histórica,novela histórica,novela histórica,novela histórica,novela histórica,novela histórica,novela histórica,novela histórica,novela histórica,novela histórica
4432,subgenre-theme,novela histórica,novela sentimental,2000,word,tfidf,9,nh0006,novela sentimental,novela sentimental,novela sentimental,novela sentimental,novela sentimental,novela sentimental,novela sentimental,novela sentimental,novela sentimental,novela sentimental,novela sentimental
4433,subgenre-theme,novela histórica,novela sentimental,2000,word,tfidf,9,nh0007,novela histórica,novela histórica,novela histórica,novela histórica,novela histórica,novela histórica,novela histórica,novela histórica,novela histórica,novela histórica,novela histórica
4434,subgenre-theme,novela histórica,novela sentimental,2000,word,tfidf,9,nh0009,novela histórica,novela histórica,novela histórica,novela histórica,novela histórica,novela histórica,novela histórica,novela histórica,novela histórica,novela histórica,novela histórica
4435,subgenre-theme,novela histórica,novela sentimental,2000,word,tfidf,9,nh0013,novela sentimental,novela sentimental,novela sentimental,novela sentimental,novela sentimental,novela sentimental,novela sentimental,novela sentimental,novela sentimental,novela sentimental,novela sentimental
4436,subgenre-theme,novela histórica,novela sentimental,2000,word,tfidf,9,nh0014,novela sentimental,novela sentimental,novela sentimental,novela sentimental,novela sentimental,novela sentimental,novela sentimental,novela sentimental,novela sentimental,novela sentimental,novela sentimental
4437,subgenre-theme,novela histórica,novela sentimental,2000,word,tfidf,9,nh0017,novela histórica,novela histórica,novela histórica,novela histórica,novela histórica,novela histórica,novela histórica,novela histórica,novela histórica,novela histórica,novela histórica
4438,subgenre-theme,novela histórica,novela sentimental,2000,word,tfidf,9,nh0018,novela sentimental,novela sentimental,novela sentimental,novela sentimental,novela sentimental,novela sentimental,novela sentimental,novela sentimental,novela sentimental,novela sentimental,novela sentimental
4439,subgenre-theme,novela histórica,novela sentimental,2000,word,tfidf,9,nh0020,novela histórica,novela histórica,novela histórica,novela histórica,novela histórica,novela histórica,novela histórica,novela histórica,novela histórica,novela histórica,novela histórica
4440,subgenre-theme,novela histórica,novela sentimental,2000,word,tfidf,9,nh0021,novela sentimental,novela sentimental,novela sentimental,novela sentimental,novela sentimental,novela sentimental,novela sentimental,novela sentimental,novela sentimental,novela sentimental,novela sentimental
4441,subgenre-theme,novela histórica,novela sentimental,2000,word,tfidf,9,nh0022,novela histórica,novela histórica,novela histórica,novela histórica,novela histórica,novela histórica,novela histórica,novela histórica,novela histórica,novela histórica,novela histórica
4442,subgenre-theme,novela histórica,novela sentimental,2000,word,tfidf,9,nh0025,novela histórica,novela histórica,novela histórica,novela histórica,novela histórica,novela histórica,novela histórica,novela histórica,novela histórica,novela histórica,novela histórica
4443,subgenre-theme,novela histórica,novela sentimental,2000,word,tfidf,9,nh0026,novela histórica,novela histórica,novela histórica,novela histórica,novela histórica,novela histórica,novela histórica,novela histórica,novela histórica,novela histórica,novela histórica
4444,subgenre-theme,novela histórica,novela sentimental,2000,word,tfidf,9,nh0034,novela sentimental,novela sentimental,novela sentimental,novela sentimental,novela sentimental,novela sentimental,novela sentimental,novela sentimental,novela sentimental,novela sentimental,novela sentimental
4445,subgenre-theme,novela histórica,novela sentimental,2000,word,tfidf,9,nh0035,novela histórica,novela histórica,novela histórica,novela histórica,novela histórica,novela histórica,novela histórica,novela histórica,novela histórica,novela histórica,novela histórica
4446,subgenre-theme,novela histórica,novela sentimental,2000,word,tfidf,9,nh0037,novela histórica,novela histórica,novela histórica,novela histórica,novela histórica,novela histórica,novela histórica,novela histórica,novela histórica,novela histórica,novela histórica
4447,subgenre-theme,novela histórica,novela sentimental,2000,word,tfidf,9,nh0040,novela histórica,novela histórica,novela histórica,novela sentimental,novela histórica,novela histórica,novela histórica,novela histórica,novela histórica,novela histórica,novela histórica
4448,subgenre-theme,novela histórica,novela sentimental,2000,word,tfidf,9,nh0041,novela histórica,novela histórica,novela histórica,novela histórica,novela histórica,novela histórica,novela histórica,novela histórica,novela histórica,novela histórica,novela histórica
4449,subgenre-theme,novela histórica,novela sentimental,2000,word,tfidf,9,nh0043,novela sentimental,novela sentimental,novela sentimental,novela sentimental,novela sentimental,novela sentimental,novela sentimental,novela sentimental,novela sentimental,novela sentimental,novela sentimental
4450,subgenre-theme,novela histórica,novela sentimental,2000,word,tfidf,9,nh0045,novela sentimental,novela sentimental,novela histórica,novela sentimental,novela sentimental,novela sentimental,novela sentimental,novela sentimental,novela sentimental,novela sentimental,novela sentimental
4451,subgenre-theme,novela histórica,novela sentimental,2000,word,tfidf,9,nh0055,novela histórica,novela histórica,novela histórica,novela histórica,novela histórica,novela histórica,novela histórica,novela histórica,novela histórica,novela histórica,novela histórica
4452,subgenre-theme,novela histórica,novela sentimental,2000,word,tfidf,9,nh0056,novela histórica,novela histórica,novela histórica,novela histórica,novela histórica,novela histórica,novela histórica,novela histórica,novela histórica,novela histórica,novela histórica
4453,subgenre-theme,novela histórica,novela sentimental,2000,word,tfidf,9,nh0064,novela histórica,novela histórica,novela histórica,novela histórica,novela histórica,novela histórica,novela histórica,novela histórica,novela histórica,novela histórica,novela histórica
4454,subgenre-theme,novela histórica,novela sentimental,2000,word,tfidf,9,nh0068,novela sentimental,novela sentimental,novela sentimental,novela sentimental,novela sentimental,novela sentimental,novela sentimental,novela sentimental,novela sentimental,novela sentimental,novela sentimental
4455,subgenre-theme,novela histórica,novela sentimental,2000,word,tfidf,9,nh0069,novela histórica,novela histórica,novela histórica,novela histórica,novela histórica,novela histórica,novela histórica,novela histórica,novela histórica,novela histórica,novela histórica
4456,subgenre-theme,novela histórica,novela sentimental,2000,word,tfidf,9,nh0072,novela sentimental,novela sentimental,novela histórica,novela sentimental,novela sentimental,novela sentimental,novela sentimental,novela sentimental,novela sentimental,novela sentimental,novela sentimental
4457,subgenre-theme,novela histórica,novela sentimental,2000,word,tfidf,9,nh0076,novela sentimental,novela sentimental,novela sentimental,novela sentimental,novela sentimental,novela sentimental,novela sentimental,novela sentimental,novela sentimental,novela sentimental,novela sentimental
4458,subgenre-theme,novela histórica,novela sentimental,2000,word,tfidf,9,nh0081,novela histórica,novela histórica,novela histórica,novela histórica,novela histórica,novela histórica,novela histórica,novela histórica,novela histórica,novela histórica,novela histórica
4459,subgenre-theme,novela histórica,novela sentimental,2000,word,tfidf,9,nh0082,novela sentimental,novela sentimental,novela sentimental,novela sentimental,novela sentimental,novela sentimental,novela sentimental,novela sentimental,novela sentimental,novela sentimental,novela sentimental
4460,subgenre-theme,novela histórica,novela sentimental,2000,word,tfidf,9,nh0084,novela histórica,novela histórica,novela histórica,novela histórica,novela histórica,novela histórica,novela histórica,novela histórica,novela histórica,novela histórica,novela histórica
4461,subgenre-theme,novela histórica,novela sentimental,2000,word,tfidf,9,nh0087,novela sentimental,novela sentimental,novela sentimental,novela sentimental,novela sentimental,novela sentimental,novela sentimental,novela sentimental,novela sentimental,novela sentimental,novela sentimental
4462,subgenre-theme,novela histórica,novela sentimental,2000,word,tfidf,9,nh0089,novela sentimental,novela sentimental,novela sentimental,novela sentimental,novela sentimental,novela sentimental,novela sentimental,novela sentimental,novela sentimental,novela sentimental,novela sentimental
4463,subgenre-theme,novela histórica,novela sentimental,2000,word,tfidf,9,nh0091,novela histórica,novela histórica,novela histórica,novela histórica,novela histórica,novela histórica,novela histórica,novela histórica,novela histórica,novela histórica,novela histórica
4464,subgenre-theme,novela histórica,novela sentimental,2000,word,tfidf,9,nh0092,novela sentimental,novela sentimental,novela sentimental,novela sentimental,novela sentimental,novela sentimental,novela sentimental,novela sentimental,novela sentimental,novela sentimental,novela sentimental
4465,subgenre-theme,novela histórica,novela sentimental,2000,word,tfidf,9,nh0094,novela histórica,novela histórica,novela histórica,novela histórica,novela histórica,novela histórica,novela histórica,novela histórica,novela histórica,novela histórica,novela histórica
4466,subgenre-theme,novela histórica,novela sentimental,2000,word,tfidf,9,nh0096,novela sentimental,novela sentimental,novela sentimental,novela sentimental,novela sentimental,novela sentimental,novela sentimental,novela sentimental,novela sentimental,novela sentimental,novela sentimental
4467,subgenre-theme,novela histórica,novela sentimental,2000,word,tfidf,9,nh0097,novela histórica,novela histórica,novela histórica,novela histórica,novela histórica,novela histórica,novela histórica,novela histórica,novela histórica,novela histórica,novela histórica
4468,subgenre-theme,novela histórica,novela sentimental,2000,word,tfidf,9,nh0098,novela sentimental,novela sentimental,novela sentimental,novela sentimental,novela sentimental,novela sentimental,novela sentimental,novela sentimental,novela sentimental,novela sentimental,novela sentimental
4469,subgenre-theme,novela histórica,novela sentimental,2000,word,tfidf,9,nh0099,novela sentimental,novela sentimental,novela sentimental,novela sentimental,novela sentimental,novela sentimental,novela sentimental,novela sentimental,novela sentimental,novela sentimental,novela sentimental
4470,subgenre-theme,novela histórica,novela sentimental,2000,word,tfidf,9,nh0100,novela histórica,novela histórica,novela histórica,novela histórica,novela histórica,novela histórica,novela histórica,novela histórica,novela histórica,novela histórica,novela histórica
4471,subgenre-theme,novela histórica,novela sentimental,2000,word,tfidf,9,nh0102,novela sentimental,novela sentimental,novela sentimental,novela sentimental,novela sentimental,novela sentimental,novela sentimental,novela sentimental,novela sentimental,novela sentimental,novela sentimental
4472,subgenre-theme,novela histórica,novela sentimental,2000,word,tfidf,9,nh0103,novela histórica,novela histórica,novela histórica,novela histórica,novela histórica,novela sentimental,novela histórica,novela histórica,novela histórica,novela histórica,novela histórica
4473,subgenre-theme,novela histórica,novela sentimental,2000,word,tfidf,9,nh0104,novela sentimental,novela sentimental,novela sentimental,novela sentimental,novela sentimental,novela sentimental,novela sentimental,novela sentimental,novela sentimental,novela sentimental,novela sentimental
4474,subgenre-theme,novela histórica,novela sentimental,2000,word,tfidf,9,nh0106,novela histórica,novela histórica,novela histórica,novela histórica,novela histórica,novela histórica,novela histórica,novela histórica,novela histórica,novela histórica,novela histórica
4475,subgenre-theme,novela histórica,novela sentimental,2000,word,tfidf,9,nh0107,novela histórica,novela histórica,novela histórica,novela histórica,novela histórica,novela histórica,novela histórica,novela histórica,novela histórica,novela histórica,novela histórica
4476,subgenre-theme,novela histórica,novela sentimental,2000,word,tfidf,9,nh0108,novela histórica,novela histórica,novela histórica,novela histórica,novela histórica,novela histórica,novela histórica,novela histórica,novela histórica,novela histórica,novela histórica
4477,subgenre-theme,novela histórica,novela sentimental,2000,word,tfidf,9,nh0111,novela histórica,novela histórica,novela histórica,novela histórica,novela histórica,novela histórica,novela histórica,novela histórica,novela histórica,novela histórica,novela histórica
4478,subgenre-theme,novela histórica,novela sentimental,2000,word,tfidf,9,nh0115,novela histórica,novela histórica,novela histórica,novela histórica,novela histórica,novela histórica,novela histórica,novela histórica,novela histórica,novela histórica,novela histórica
4479,subgenre-theme,novela histórica,novela sentimental,2000,word,tfidf,9,nh0116,novela histórica,novela histórica,novela histórica,novela histórica,novela histórica,novela histórica,novela histórica,novela histórica,novela histórica,novela histórica,novela histórica
4480,subgenre-theme,novela histórica,novela sentimental,2000,word,tfidf,9,nh0119,novela sentimental,novela sentimental,novela sentimental,novela sentimental,novela sentimental,novela sentimental,novela sentimental,novela sentimental,novela sentimental,novela sentimental,novela sentimental
4481,subgenre-theme,novela histórica,novela sentimental,2000,word,tfidf,9,nh0122,novela histórica,novela histórica,novela histórica,novela histórica,novela histórica,novela histórica,novela histórica,novela histórica,novela histórica,novela histórica,novela histórica
4482,subgenre-theme,novela histórica,novela sentimental,2000,word,tfidf,9,nh0123,novela sentimental,novela sentimental,novela sentimental,novela sentimental,novela sentimental,novela sentimental,novela sentimental,novela sentimental,novela sentimental,novela sentimental,novela sentimental
4483,subgenre-theme,novela histórica,novela sentimental,2000,word,tfidf,9,nh0130,novela sentimental,novela sentimental,novela sentimental,novela sentimental,novela histórica,novela sentimental,novela sentimental,novela sentimental,novela sentimental,novela sentimental,novela sentimental
4484,subgenre-theme,novela histórica,novela sentimental,2000,word,tfidf,9,nh0132,novela sentimental,novela sentimental,novela sentimental,novela sentimental,novela sentimental,novela sentimental,novela sentimental,novela sentimental,novela sentimental,novela sentimental,novela sentimental
4485,subgenre-theme,novela histórica,novela sentimental,2000,word,tfidf,9,nh0136,novela sentimental,novela sentimental,novela sentimental,novela sentimental,novela sentimental,novela sentimental,novela sentimental,novela sentimental,novela sentimental,novela sentimental,novela sentimental
4486,subgenre-theme,novela histórica,novela sentimental,2000,word,tfidf,9,nh0139,novela histórica,novela histórica,novela histórica,novela histórica,novela histórica,novela histórica,novela histórica,novela histórica,novela histórica,novela histórica,novela histórica
4487,subgenre-theme,novela histórica,novela sentimental,2000,word,tfidf,9,nh0140,novela sentimental,novela sentimental,novela sentimental,novela sentimental,novela sentimental,novela sentimental,novela sentimental,novela sentimental,novela sentimental,novela sentimental,novela sentimental
4488,subgenre-theme,novela histórica,novela sentimental,2000,word,tfidf,9,nh0142,novela histórica,novela histórica,novela histórica,novela histórica,novela histórica,novela histórica,novela histórica,novela histórica,novela histórica,novela histórica,novela histórica
4489,subgenre-theme,novela histórica,novela sentimental,2000,word,tfidf,9,nh0143,novela histórica,novela histórica,novela histórica,novela histórica,novela histórica,novela histórica,novela histórica,novela histórica,novela histórica,novela histórica,novela histórica
4490,subgenre-theme,novela histórica,novela sentimental,2000,word,tfidf,9,nh0145,novela sentimental,novela sentimental,novela sentimental,novela sentimental,novela sentimental,novela sentimental,novela sentimental,novela sentimental,novela sentimental,novela sentimental,novela sentimental
4491,subgenre-theme,novela histórica,novela sentimental,2000,word,tfidf,9,nh0146,novela sentimental,novela sentimental,novela sentimental,novela sentimental,novela sentimental,novela sentimental,novela sentimental,novela sentimental,novela sentimental,novela sentimental,novela sentimental
4492,subgenre-theme,novela histórica,novela sentimental,2000,word,tfidf,9,nh0149,novela histórica,novela histórica,novela histórica,novela histórica,novela histórica,novela histórica,novela histórica,novela histórica,novela histórica,novela histórica,novela histórica
4493,subgenre-theme,novela histórica,novela sentimental,2000,word,tfidf,9,nh0150,novela histórica,novela histórica,novela histórica,novela histórica,novela histórica,novela histórica,novela histórica,novela sentimental,novela histórica,novela histórica,novela histórica
4494,subgenre-theme,novela histórica,novela sentimental,2000,word,tfidf,9,nh0151,novela sentimental,novela sentimental,novela sentimental,novela sentimental,novela sentimental,novela sentimental,novela sentimental,novela sentimental,novela sentimental,novela sentimental,novela sentimental
4495,subgenre-theme,novela histórica,novela sentimental,2000,word,tfidf,9,nh0152,novela histórica,novela histórica,novela histórica,novela histórica,novela histórica,novela histórica,novela histórica,novela histórica,novela histórica,novela histórica,novela histórica
4496,subgenre-theme,novela histórica,novela sentimental,2000,word,tfidf,9,nh0154,novela sentimental,novela sentimental,novela sentimental,novela sentimental,novela sentimental,novela sentimental,novela sentimental,novela sentimental,novela sentimental,novela sentimental,novela sentimental
4497,subgenre-theme,novela histórica,novela sentimental,2000,word,tfidf,9,nh0156,novela sentimental,novela sentimental,novela sentimental,novela sentimental,novela sentimental,novela sentimental,novela sentimental,novela sentimental,novela sentimental,novela sentimental,novela sentimental
4498,subgenre-theme,novela histórica,novela sentimental,2000,word,tfidf,9,nh0158,novela histórica,novela histórica,novela histórica,novela histórica,novela histórica,novela histórica,novela histórica,novela histórica,novela histórica,novela histórica,novela histórica
4499,subgenre-theme,novela histórica,novela sentimental,2000,word,tfidf,9,nh0159,novela histórica,novela histórica,novela histórica,novela histórica,novela histórica,novela histórica,novela histórica,novela histórica,novela histórica,novela histórica,novela histórica
4500,subgenre-theme,novela histórica,novela sentimental,2000,word,tfidf,9,nh0160,novela histórica,novela histórica,novela histórica,novela histórica,novela histórica,novela histórica,novela histórica,novela histórica,novela histórica,novela histórica,novela histórica
4501,subgenre-theme,novela histórica,novela sentimental,2000,word,tfidf,9,nh0162,novela sentimental,novela sentimental,novela sentimental,novela sentimental,novela sentimental,novela sentimental,novela sentimental,novela sentimental,novela sentimental,novela sentimental,novela sentimental
4502,subgenre-theme,novela histórica,novela sentimental,2000,word,tfidf,9,nh0165,novela histórica,novela histórica,novela histórica,novela histórica,novela histórica,novela histórica,novela histórica,novela histórica,novela histórica,novela histórica,novela histórica
4503,subgenre-theme,novela histórica,novela sentimental,2000,word,tfidf,9,nh0168,novela histórica,novela histórica,novela histórica,novela histórica,novela histórica,novela histórica,novela histórica,novela histórica,novela histórica,novela histórica,novela histórica
4504,subgenre-theme,novela histórica,novela sentimental,2000,word,tfidf,9,nh0169,novela histórica,novela histórica,novela histórica,novela histórica,novela histórica,novela histórica,novela histórica,novela histórica,novela histórica,novela histórica,novela histórica
4505,subgenre-theme,novela histórica,novela sentimental,2000,word,tfidf,9,nh0171,novela sentimental,novela sentimental,novela sentimental,novela sentimental,novela sentimental,novela sentimental,novela sentimental,novela sentimental,novela sentimental,novela sentimental,novela sentimental
4506,subgenre-theme,novela histórica,novela sentimental,2000,word,tfidf,9,nh0176,novela histórica,novela histórica,novela histórica,novela histórica,novela histórica,novela histórica,novela histórica,novela histórica,novela histórica,novela histórica,novela histórica
4507,subgenre-theme,novela histórica,novela sentimental,2000,word,tfidf,9,nh0180,novela histórica,novela histórica,novela histórica,novela histórica,novela histórica,novela histórica,novela histórica,novela histórica,novela histórica,novela histórica,novela histórica
4508,subgenre-theme,novela histórica,novela sentimental,2000,word,tfidf,9,nh0181,novela histórica,novela histórica,novela histórica,novela histórica,novela histórica,novela histórica,novela histórica,novela histórica,novela histórica,novela histórica,novela histórica
4509,subgenre-theme,novela histórica,novela sentimental,2000,word,tfidf,9,nh0182,novela histórica,novela histórica,novela histórica,novela histórica,novela histórica,novela histórica,novela histórica,novela histórica,novela histórica,novela histórica,novela histórica
4510,subgenre-theme,novela histórica,novela sentimental,2000,word,tfidf,9,nh0183,novela sentimental,novela sentimental,novela sentimental,novela sentimental,novela sentimental,novela sentimental,novela sentimental,novela sentimental,novela sentimental,novela sentimental,novela sentimental
4511,subgenre-theme,novela histórica,novela sentimental,2000,word,tfidf,9,nh0187,novela sentimental,novela sentimental,novela sentimental,novela sentimental,novela sentimental,novela sentimental,novela sentimental,novela sentimental,novela sentimental,novela sentimental,novela sentimental
4512,subgenre-theme,novela histórica,novela sentimental,2000,word,tfidf,9,nh0188,novela sentimental,novela sentimental,novela sentimental,novela sentimental,novela sentimental,novela sentimental,novela sentimental,novela sentimental,novela sentimental,novela sentimental,novela sentimental
4513,subgenre-theme,novela histórica,novela sentimental,2000,word,tfidf,9,nh0195,novela sentimental,novela sentimental,novela sentimental,novela sentimental,novela sentimental,novela sentimental,novela sentimental,novela sentimental,novela sentimental,novela sentimental,novela sentimental
4514,subgenre-theme,novela histórica,novela sentimental,2000,word,tfidf,9,nh0196,novela histórica,novela histórica,novela histórica,novela histórica,novela histórica,novela histórica,novela histórica,novela histórica,novela histórica,novela histórica,novela histórica
4515,subgenre-theme,novela histórica,novela sentimental,2000,word,tfidf,9,nh0202,novela sentimental,novela sentimental,novela sentimental,novela sentimental,novela sentimental,novela sentimental,novela sentimental,novela histórica,novela sentimental,novela sentimental,novela sentimental
4516,subgenre-theme,novela histórica,novela sentimental,2000,word,tfidf,9,nh0203,novela histórica,novela histórica,novela histórica,novela histórica,novela histórica,novela histórica,novela histórica,novela histórica,novela histórica,novela histórica,novela histórica
4517,subgenre-theme,novela histórica,novela sentimental,2000,word,tfidf,9,nh0207,novela sentimental,novela sentimental,novela sentimental,novela sentimental,novela sentimental,novela sentimental,novela sentimental,novela sentimental,novela sentimental,novela sentimental,novela sentimental
4518,subgenre-theme,novela histórica,novela sentimental,2000,word,tfidf,9,nh0208,novela histórica,novela histórica,novela histórica,novela histórica,novela histórica,novela histórica,novela histórica,novela histórica,novela histórica,novela histórica,novela histórica
4519,subgenre-theme,novela histórica,novela sentimental,2000,word,tfidf,9,nh0209,novela sentimental,novela sentimental,novela sentimental,novela sentimental,novela sentimental,novela sentimental,novela sentimental,novela sentimental,novela sentimental,novela sentimental,novela sentimental
4520,subgenre-theme,novela histórica,novela sentimental,2000,word,tfidf,9,nh0210,novela histórica,novela histórica,novela histórica,novela histórica,novela histórica,novela histórica,novela histórica,novela histórica,novela histórica,novela histórica,novela sentimental
4521,subgenre-theme,novela histórica,novela sentimental,2000,word,tfidf,9,nh0212,novela sentimental,novela sentimental,novela sentimental,novela sentimental,novela sentimental,novela sentimental,novela sentimental,novela sentimental,novela sentimental,novela sentimental,novela sentimental
4522,subgenre-theme,novela histórica,novela sentimental,2000,word,tfidf,9,nh0216,novela sentimental,novela sentimental,novela sentimental,novela sentimental,novela sentimental,novela sentimental,novela sentimental,novela sentimental,novela sentimental,novela sentimental,novela sentimental
4523,subgenre-theme,novela histórica,novela sentimental,2000,word,tfidf,9,nh0218,novela sentimental,novela sentimental,novela sentimental,novela sentimental,novela sentimental,novela sentimental,novela sentimental,novela sentimental,novela sentimental,novela sentimental,novela sentimental
4524,subgenre-theme,novela histórica,novela sentimental,2000,word,tfidf,9,nh0219,novela sentimental,novela sentimental,novela sentimental,novela sentimental,novela sentimental,novela sentimental,novela sentimental,novela sentimental,novela histórica,novela sentimental,novela sentimental
4525,subgenre-theme,novela histórica,novela sentimental,2000,word,tfidf,9,nh0222,novela histórica,novela histórica,novela histórica,novela histórica,novela histórica,novela histórica,novela histórica,novela histórica,novela histórica,novela histórica,novela histórica
4526,subgenre-theme,novela histórica,novela sentimental,2000,word,tfidf,9,nh0227,novela histórica,novela histórica,novela histórica,novela histórica,novela histórica,novela histórica,novela histórica,novela histórica,novela histórica,novela histórica,novela histórica
4527,subgenre-theme,novela histórica,novela sentimental,2000,word,tfidf,9,nh0228,novela sentimental,novela sentimental,novela sentimental,novela sentimental,novela sentimental,novela sentimental,novela sentimental,novela sentimental,novela sentimental,novela histórica,novela sentimental
4528,subgenre-theme,novela histórica,novela sentimental,2000,word,tfidf,9,nh0230,novela sentimental,novela sentimental,novela sentimental,novela sentimental,novela sentimental,novela sentimental,novela sentimental,novela sentimental,novela sentimental,novela sentimental,novela sentimental
4529,subgenre-theme,novela histórica,novela sentimental,2000,word,tfidf,9,nh0233,novela sentimental,novela sentimental,novela sentimental,novela sentimental,novela sentimental,novela sentimental,novela sentimental,novela sentimental,novela sentimental,novela sentimental,novela sentimental
4530,subgenre-theme,novela histórica,novela sentimental,2000,word,tfidf,9,nh0237,novela sentimental,novela sentimental,novela sentimental,novela sentimental,novela sentimental,novela sentimental,novela sentimental,novela sentimental,novela sentimental,novela sentimental,novela sentimental
4531,subgenre-theme,novela histórica,novela sentimental,2000,word,tfidf,9,nh0241,novela sentimental,novela sentimental,novela sentimental,novela sentimental,novela sentimental,novela sentimental,novela sentimental,novela sentimental,novela sentimental,novela histórica,novela sentimental
4532,subgenre-theme,novela histórica,novela sentimental,2000,word,tfidf,9,nh0243,novela histórica,novela histórica,novela histórica,novela histórica,novela histórica,novela histórica,novela histórica,novela histórica,novela histórica,novela histórica,novela histórica
4533,subgenre-theme,novela histórica,novela sentimental,2000,word,tfidf,9,nh0245,novela sentimental,novela sentimental,novela sentimental,novela sentimental,novela sentimental,novela sentimental,novela sentimental,novela sentimental,novela sentimental,novela sentimental,novela sentimental
4534,subgenre-theme,novela histórica,novela sentimental,2000,word,tfidf,9,nh0248,novela histórica,novela histórica,novela histórica,novela histórica,novela histórica,novela histórica,novela histórica,novela histórica,novela histórica,novela histórica,novela histórica
4535,subgenre-theme,novela histórica,novela sentimental,2000,word,tfidf,9,nh0250,novela sentimental,novela sentimental,novela sentimental,novela sentimental,novela sentimental,novela sentimental,novela sentimental,novela sentimental,novela sentimental,novela sentimental,novela sentimental
4536,subgenre-theme,novela histórica,novela sentimental,2000,word,tfidf,9,nh0251,novela sentimental,novela sentimental,novela sentimental,novela sentimental,novela sentimental,novela sentimental,novela sentimental,novela sentimental,novela sentimental,novela sentimental,novela sentimental
4537,subgenre-theme,novela histórica,novela sentimental,2000,word,tfidf,9,nh0252,novela sentimental,novela sentimental,novela sentimental,novela sentimental,novela sentimental,novela sentimental,novela sentimental,novela sentimental,novela sentimental,novela sentimental,novela sentimental
4538,subgenre-theme,novela histórica,novela sentimental,2000,word,tfidf,9,nh0253,novela histórica,novela histórica,novela histórica,novela histórica,novela histórica,novela histórica,novela histórica,novela histórica,novela histórica,novela histórica,novela sentimental
4539,subgenre-theme,novela histórica,novela sentimental,2000,word,tfidf,9,nh0254,novela sentimental,novela sentimental,novela sentimental,novela sentimental,novela sentimental,novela sentimental,novela sentimental,novela sentimental,novela sentimental,novela sentimental,novela sentimental
4540,subgenre-theme,novela histórica,novela de costumbres,2000,word,tfidf,0,nh0001,novela de costumbres,novela de costumbres,novela de costumbres,novela de costumbres,novela de costumbres,novela de costumbres,novela de costumbres,novela de costumbres,novela de costumbres,novela de costumbres,novela de costumbres
4541,subgenre-theme,novela histórica,novela de costumbres,2000,word,tfidf,0,nh0004,novela histórica,novela histórica,novela histórica,novela histórica,novela histórica,novela histórica,novela histórica,novela histórica,novela histórica,novela histórica,novela histórica
4542,subgenre-theme,novela histórica,novela de costumbres,2000,word,tfidf,0,nh0005,novela de costumbres,novela de costumbres,novela de costumbres,novela de costumbres,novela de costumbres,novela de costumbres,novela de costumbres,novela de costumbres,novela de costumbres,novela de costumbres,novela de costumbres
4543,subgenre-theme,novela histórica,novela de costumbres,2000,word,tfidf,0,nh0007,novela histórica,novela histórica,novela histórica,novela histórica,novela histórica,novela histórica,novela histórica,novela histórica,novela histórica,novela histórica,novela histórica
4544,subgenre-theme,novela histórica,novela de costumbres,2000,word,tfidf,0,nh0008,novela de costumbres,novela de costumbres,novela de costumbres,novela de costumbres,novela de costumbres,novela de costumbres,novela de costumbres,novela de costumbres,novela de costumbres,novela de costumbres,novela de costumbres
4545,subgenre-theme,novela histórica,novela de costumbres,2000,word,tfidf,0,nh0009,novela histórica,novela histórica,novela histórica,novela histórica,novela histórica,novela histórica,novela histórica,novela histórica,novela histórica,novela histórica,novela histórica
4546,subgenre-theme,novela histórica,novela de costumbres,2000,word,tfidf,0,nh0010,novela de costumbres,novela de costumbres,novela de costumbres,novela de costumbres,novela de costumbres,novela de costumbres,novela de costumbres,novela de costumbres,novela de costumbres,novela de costumbres,novela de costumbres
4547,subgenre-theme,novela histórica,novela de costumbres,2000,word,tfidf,0,nh0015,novela histórica,novela histórica,novela histórica,novela histórica,novela histórica,novela histórica,novela histórica,novela histórica,novela histórica,novela histórica,novela histórica
4548,subgenre-theme,novela histórica,novela de costumbres,2000,word,tfidf,0,nh0022,novela histórica,novela histórica,novela histórica,novela histórica,novela histórica,novela histórica,novela histórica,novela histórica,novela histórica,novela histórica,novela histórica
4549,subgenre-theme,novela histórica,novela de costumbres,2000,word,tfidf,0,nh0025,novela histórica,novela histórica,novela histórica,novela histórica,novela histórica,novela histórica,novela histórica,novela histórica,novela histórica,novela histórica,novela histórica
4550,subgenre-theme,novela histórica,novela de costumbres,2000,word,tfidf,0,nh0026,novela histórica,novela histórica,novela histórica,novela histórica,novela histórica,novela histórica,novela histórica,novela histórica,novela histórica,novela histórica,novela histórica
4551,subgenre-theme,novela histórica,novela de costumbres,2000,word,tfidf,0,nh0027,novela de costumbres,novela de costumbres,novela de costumbres,novela de costumbres,novela de costumbres,novela de costumbres,novela de costumbres,novela de costumbres,novela de costumbres,novela de costumbres,novela de costumbres
4552,subgenre-theme,novela histórica,novela de costumbres,2000,word,tfidf,0,nh0035,novela histórica,novela histórica,novela histórica,novela histórica,novela histórica,novela histórica,novela histórica,novela histórica,novela histórica,novela histórica,novela histórica
4553,subgenre-theme,novela histórica,novela de costumbres,2000,word,tfidf,0,nh0036,novela de costumbres,novela de costumbres,novela de costumbres,novela de costumbres,novela de costumbres,novela de costumbres,novela de costumbres,novela de costumbres,novela de costumbres,novela de costumbres,novela de costumbres
4554,subgenre-theme,novela histórica,novela de costumbres,2000,word,tfidf,0,nh0037,novela histórica,novela histórica,novela histórica,novela histórica,novela histórica,novela histórica,novela histórica,novela histórica,novela histórica,novela histórica,novela histórica
4555,subgenre-theme,novela histórica,novela de costumbres,2000,word,tfidf,0,nh0039,novela de costumbres,novela de costumbres,novela de costumbres,novela de costumbres,novela de costumbres,novela de costumbres,novela de costumbres,novela de costumbres,novela de costumbres,novela de costumbres,novela de costumbres
4556,subgenre-theme,novela histórica,novela de costumbres,2000,word,tfidf,0,nh0041,novela histórica,novela histórica,novela histórica,novela histórica,novela histórica,novela histórica,novela histórica,novela histórica,novela histórica,novela histórica,novela histórica
4557,subgenre-theme,novela histórica,novela de costumbres,2000,word,tfidf,0,nh0042,novela de costumbres,novela de costumbres,novela de costumbres,novela de costumbres,novela de costumbres,novela de costumbres,novela de costumbres,novela de costumbres,novela de costumbres,novela de costumbres,novela de costumbres
4558,subgenre-theme,novela histórica,novela de costumbres,2000,word,tfidf,0,nh0048,novela de costumbres,novela de costumbres,novela de costumbres,novela de costumbres,novela de costumbres,novela de costumbres,novela de costumbres,novela de costumbres,novela de costumbres,novela de costumbres,novela de costumbres
4559,subgenre-theme,novela histórica,novela de costumbres,2000,word,tfidf,0,nh0049,novela histórica,novela histórica,novela histórica,novela histórica,novela histórica,novela histórica,novela histórica,novela histórica,novela histórica,novela histórica,novela histórica
4560,subgenre-theme,novela histórica,novela de costumbres,2000,word,tfidf,0,nh0050,novela de costumbres,novela de costumbres,novela de costumbres,novela de costumbres,novela de costumbres,novela de costumbres,novela de costumbres,novela de costumbres,novela de costumbres,novela de costumbres,novela de costumbres
4561,subgenre-theme,novela histórica,novela de costumbres,2000,word,tfidf,0,nh0051,novela de costumbres,novela de costumbres,novela de costumbres,novela de costumbres,novela de costumbres,novela de costumbres,novela de costumbres,novela de costumbres,novela de costumbres,novela de costumbres,novela de costumbres
4562,subgenre-theme,novela histórica,novela de costumbres,2000,word,tfidf,0,nh0055,novela histórica,novela histórica,novela histórica,novela histórica,novela histórica,novela histórica,novela histórica,novela histórica,novela histórica,novela histórica,novela histórica
4563,subgenre-theme,novela histórica,novela de costumbres,2000,word,tfidf,0,nh0056,novela histórica,novela histórica,novela histórica,novela histórica,novela histórica,novela histórica,novela histórica,novela histórica,novela histórica,novela histórica,novela histórica
4564,subgenre-theme,novela histórica,novela de costumbres,2000,word,tfidf,0,nh0057,novela de costumbres,novela de costumbres,novela de costumbres,novela de costumbres,novela de costumbres,novela de costumbres,novela de costumbres,novela de costumbres,novela de costumbres,novela de costumbres,novela de costumbres
4565,subgenre-theme,novela histórica,novela de costumbres,2000,word,tfidf,0,nh0061,novela de costumbres,novela de costumbres,novela de costumbres,novela histórica,novela de costumbres,novela de costumbres,novela de costumbres,novela de costumbres,novela de costumbres,novela de costumbres,novela de costumbres
4566,subgenre-theme,novela histórica,novela de costumbres,2000,word,tfidf,0,nh0062,novela de costumbres,novela de costumbres,novela de costumbres,novela de costumbres,novela de costumbres,novela de costumbres,novela de costumbres,novela de costumbres,novela de costumbres,novela de costumbres,novela de costumbres
4567,subgenre-theme,novela histórica,novela de costumbres,2000,word,tfidf,0,nh0063,novela de costumbres,novela de costumbres,novela de costumbres,novela de costumbres,novela de costumbres,novela de costumbres,novela de costumbres,novela de costumbres,novela de costumbres,novela de costumbres,novela de costumbres
4568,subgenre-theme,novela histórica,novela de costumbres,2000,word,tfidf,0,nh0065,novela de costumbres,novela de costumbres,novela de costumbres,novela de costumbres,novela de costumbres,novela de costumbres,novela de costumbres,novela de costumbres,novela de costumbres,novela de costumbres,novela de costumbres
4569,subgenre-theme,novela histórica,novela de costumbres,2000,word,tfidf,0,nh0066,novela de costumbres,novela de costumbres,novela de costumbres,novela de costumbres,novela de costumbres,novela de costumbres,novela de costumbres,novela de costumbres,novela de costumbres,novela de costumbres,novela de costumbres
4570,subgenre-theme,novela histórica,novela de costumbres,2000,word,tfidf,0,nh0069,novela histórica,novela histórica,novela histórica,novela histórica,novela histórica,novela histórica,novela histórica,novela histórica,novela histórica,novela histórica,novela histórica
4571,subgenre-theme,novela histórica,novela de costumbres,2000,word,tfidf,0,nh0070,novela de costumbres,novela de costumbres,novela de costumbres,novela de costumbres,novela de costumbres,novela de costumbres,novela de costumbres,novela de costumbres,novela de costumbres,novela de costumbres,novela de costumbres
4572,subgenre-theme,novela histórica,novela de costumbres,2000,word,tfidf,0,nh0071,novela de costumbres,novela de costumbres,novela de costumbres,novela de costumbres,novela de costumbres,novela de costumbres,novela de costumbres,novela de costumbres,novela de costumbres,novela de costumbres,novela de costumbres
4573,subgenre-theme,novela histórica,novela de costumbres,2000,word,tfidf,0,nh0073,novela de costumbres,novela de costumbres,novela de costumbres,novela de costumbres,novela de costumbres,novela de costumbres,novela de costumbres,novela de costumbres,novela de costumbres,novela de costumbres,novela de costumbres
4574,subgenre-theme,novela histórica,novela de costumbres,2000,word,tfidf,0,nh0077,novela de costumbres,novela de costumbres,novela de costumbres,novela de costumbres,novela de costumbres,novela de costumbres,novela de costumbres,novela de costumbres,novela de costumbres,novela de costumbres,novela de costumbres
4575,subgenre-theme,novela histórica,novela de costumbres,2000,word,tfidf,0,nh0078,novela de costumbres,novela de costumbres,novela de costumbres,novela de costumbres,novela de costumbres,novela de costumbres,novela de costumbres,novela de costumbres,novela de costumbres,novela de costumbres,novela de costumbres
4576,subgenre-theme,novela histórica,novela de costumbres,2000,word,tfidf,0,nh0079,novela de costumbres,novela de costumbres,novela de costumbres,novela de costumbres,novela de costumbres,novela de costumbres,novela de costumbres,novela de costumbres,novela de costumbres,novela de costumbres,novela de costumbres
4577,subgenre-theme,novela histórica,novela de costumbres,2000,word,tfidf,0,nh0086,novela histórica,novela histórica,novela histórica,novela de costumbres,novela histórica,novela histórica,novela histórica,novela histórica,novela histórica,novela histórica,novela histórica
4578,subgenre-theme,novela histórica,novela de costumbres,2000,word,tfidf,0,nh0090,novela de costumbres,novela de costumbres,novela de costumbres,novela de costumbres,novela de costumbres,novela de costumbres,novela de costumbres,novela de costumbres,novela de costumbres,novela de costumbres,novela de costumbres
4579,subgenre-theme,novela histórica,novela de costumbres,2000,word,tfidf,0,nh0091,novela histórica,novela histórica,novela histórica,novela histórica,novela histórica,novela histórica,novela histórica,novela histórica,novela histórica,novela histórica,novela histórica
4580,subgenre-theme,novela histórica,novela de costumbres,2000,word,tfidf,0,nh0093,novela de costumbres,novela de costumbres,novela de costumbres,novela de costumbres,novela de costumbres,novela de costumbres,novela de costumbres,novela de costumbres,novela de costumbres,novela de costumbres,novela de costumbres
4581,subgenre-theme,novela histórica,novela de costumbres,2000,word,tfidf,0,nh0094,novela histórica,novela histórica,novela histórica,novela histórica,novela histórica,novela histórica,novela histórica,novela histórica,novela histórica,novela histórica,novela histórica
4582,subgenre-theme,novela histórica,novela de costumbres,2000,word,tfidf,0,nh0097,novela histórica,novela histórica,novela histórica,novela histórica,novela histórica,novela histórica,novela histórica,novela histórica,novela histórica,novela histórica,novela histórica
4583,subgenre-theme,novela histórica,novela de costumbres,2000,word,tfidf,0,nh0100,novela histórica,novela histórica,novela histórica,novela histórica,novela de costumbres,novela histórica,novela histórica,novela histórica,novela histórica,novela histórica,novela histórica
4584,subgenre-theme,novela histórica,novela de costumbres,2000,word,tfidf,0,nh0101,novela de costumbres,novela de costumbres,novela de costumbres,novela de costumbres,novela de costumbres,novela de costumbres,novela de costumbres,novela de costumbres,novela de costumbres,novela de costumbres,novela de costumbres
4585,subgenre-theme,novela histórica,novela de costumbres,2000,word,tfidf,0,nh0103,novela histórica,novela histórica,novela histórica,novela histórica,novela histórica,novela histórica,novela histórica,novela histórica,novela histórica,novela histórica,novela histórica
4586,subgenre-theme,novela histórica,novela de costumbres,2000,word,tfidf,0,nh0105,novela de costumbres,novela de costumbres,novela de costumbres,novela de costumbres,novela de costumbres,novela de costumbres,novela de costumbres,novela de costumbres,novela de costumbres,novela de costumbres,novela de costumbres
4587,subgenre-theme,novela histórica,novela de costumbres,2000,word,tfidf,0,nh0107,novela histórica,novela histórica,novela histórica,novela histórica,novela histórica,novela histórica,novela histórica,novela histórica,novela histórica,novela histórica,novela histórica
4588,subgenre-theme,novela histórica,novela de costumbres,2000,word,tfidf,0,nh0111,novela histórica,novela histórica,novela histórica,novela histórica,novela histórica,novela histórica,novela histórica,novela histórica,novela histórica,novela histórica,novela histórica
4589,subgenre-theme,novela histórica,novela de costumbres,2000,word,tfidf,0,nh0115,novela histórica,novela histórica,novela histórica,novela histórica,novela histórica,novela histórica,novela histórica,novela histórica,novela histórica,novela histórica,novela histórica
4590,subgenre-theme,novela histórica,novela de costumbres,2000,word,tfidf,0,nh0117,novela histórica,novela histórica,novela histórica,novela histórica,novela histórica,novela histórica,novela histórica,novela histórica,novela histórica,novela histórica,novela histórica
4591,subgenre-theme,novela histórica,novela de costumbres,2000,word,tfidf,0,nh0118,novela de costumbres,novela de costumbres,novela de costumbres,novela de costumbres,novela de costumbres,novela de costumbres,novela de costumbres,novela de costumbres,novela de costumbres,novela de costumbres,novela de costumbres
4592,subgenre-theme,novela histórica,novela de costumbres,2000,word,tfidf,0,nh0120,novela de costumbres,novela de costumbres,novela de costumbres,novela de costumbres,novela de costumbres,novela de costumbres,novela de costumbres,novela de costumbres,novela de costumbres,novela de costumbres,novela de costumbres
4593,subgenre-theme,novela histórica,novela de costumbres,2000,word,tfidf,0,nh0122,novela histórica,novela histórica,novela histórica,novela histórica,novela histórica,novela histórica,novela histórica,novela histórica,novela histórica,novela histórica,novela histórica
4594,subgenre-theme,novela histórica,novela de costumbres,2000,word,tfidf,0,nh0129,novela de costumbres,novela de costumbres,novela de costumbres,novela de costumbres,novela de costumbres,novela de costumbres,novela de costumbres,novela de costumbres,novela de costumbres,novela de costumbres,novela de costumbres
4595,subgenre-theme,novela histórica,novela de costumbres,2000,word,tfidf,0,nh0131,novela de costumbres,novela de costumbres,novela de costumbres,novela de costumbres,novela de costumbres,novela de costumbres,novela de costumbres,novela de costumbres,novela de costumbres,novela de costumbres,novela de costumbres
4596,subgenre-theme,novela histórica,novela de costumbres,2000,word,tfidf,0,nh0133,novela de costumbres,novela de costumbres,novela de costumbres,novela de costumbres,novela de costumbres,novela de costumbres,novela de costumbres,novela de costumbres,novela de costumbres,novela de costumbres,novela de costumbres
4597,subgenre-theme,novela histórica,novela de costumbres,2000,word,tfidf,0,nh0135,novela de costumbres,novela de costumbres,novela de costumbres,novela de costumbres,novela de costumbres,novela de costumbres,novela de costumbres,novela de costumbres,novela de costumbres,novela de costumbres,novela de costumbres
4598,subgenre-theme,novela histórica,novela de costumbres,2000,word,tfidf,0,nh0137,novela de costumbres,novela de costumbres,novela de costumbres,novela de costumbres,novela de costumbres,novela de costumbres,novela de costumbres,novela histórica,novela de costumbres,novela de costumbres,novela de costumbres
4599,subgenre-theme,novela histórica,novela de costumbres,2000,word,tfidf,0,nh0138,novela de costumbres,novela de costumbres,novela de costumbres,novela de costumbres,novela de costumbres,novela de costumbres,novela de costumbres,novela de costumbres,novela de costumbres,novela de costumbres,novela de costumbres
4600,subgenre-theme,novela histórica,novela de costumbres,2000,word,tfidf,0,nh0139,novela histórica,novela histórica,novela histórica,novela histórica,novela histórica,novela histórica,novela de costumbres,novela histórica,novela histórica,novela histórica,novela histórica
4601,subgenre-theme,novela histórica,novela de costumbres,2000,word,tfidf,0,nh0141,novela de costumbres,novela de costumbres,novela de costumbres,novela de costumbres,novela de costumbres,novela de costumbres,novela de costumbres,novela de costumbres,novela de costumbres,novela de costumbres,novela de costumbres
4602,subgenre-theme,novela histórica,novela de costumbres,2000,word,tfidf,0,nh0143,novela histórica,novela histórica,novela histórica,novela histórica,novela histórica,novela histórica,novela histórica,novela histórica,novela histórica,novela histórica,novela histórica
4603,subgenre-theme,novela histórica,novela de costumbres,2000,word,tfidf,0,nh0144,novela de costumbres,novela de costumbres,novela de costumbres,novela de costumbres,novela de costumbres,novela de costumbres,novela de costumbres,novela de costumbres,novela de costumbres,novela de costumbres,novela de costumbres
4604,subgenre-theme,novela histórica,novela de costumbres,2000,word,tfidf,0,nh0147,novela de costumbres,novela de costumbres,novela de costumbres,novela de costumbres,novela de costumbres,novela de costumbres,novela de costumbres,novela de costumbres,novela de costumbres,novela de costumbres,novela de costumbres
4605,subgenre-theme,novela histórica,novela de costumbres,2000,word,tfidf,0,nh0149,novela histórica,novela histórica,novela histórica,novela histórica,novela histórica,novela histórica,novela histórica,novela histórica,novela histórica,novela histórica,novela histórica
4606,subgenre-theme,novela histórica,novela de costumbres,2000,word,tfidf,0,nh0150,novela histórica,novela histórica,novela histórica,novela histórica,novela histórica,novela histórica,novela de costumbres,novela histórica,novela histórica,novela histórica,novela histórica
4607,subgenre-theme,novela histórica,novela de costumbres,2000,word,tfidf,0,nh0152,novela histórica,novela histórica,novela histórica,novela histórica,novela histórica,novela histórica,novela histórica,novela histórica,novela histórica,novela histórica,novela histórica
4608,subgenre-theme,novela histórica,novela de costumbres,2000,word,tfidf,0,nh0158,novela histórica,novela histórica,novela histórica,novela histórica,novela histórica,novela histórica,novela histórica,novela histórica,novela histórica,novela histórica,novela histórica
4609,subgenre-theme,novela histórica,novela de costumbres,2000,word,tfidf,0,nh0160,novela histórica,novela histórica,novela histórica,novela histórica,novela histórica,novela histórica,novela histórica,novela histórica,novela histórica,novela histórica,novela histórica
4610,subgenre-theme,novela histórica,novela de costumbres,2000,word,tfidf,0,nh0161,novela histórica,novela histórica,novela histórica,novela histórica,novela histórica,novela histórica,novela histórica,novela histórica,novela histórica,novela histórica,novela histórica
4611,subgenre-theme,novela histórica,novela de costumbres,2000,word,tfidf,0,nh0164,novela de costumbres,novela de costumbres,novela de costumbres,novela de costumbres,novela de costumbres,novela de costumbres,novela de costumbres,novela de costumbres,novela de costumbres,novela de costumbres,novela de costumbres
4612,subgenre-theme,novela histórica,novela de costumbres,2000,word,tfidf,0,nh0165,novela histórica,novela histórica,novela histórica,novela histórica,novela histórica,novela histórica,novela histórica,novela histórica,novela histórica,novela histórica,novela histórica
4613,subgenre-theme,novela histórica,novela de costumbres,2000,word,tfidf,0,nh0166,novela histórica,novela histórica,novela histórica,novela histórica,novela histórica,novela histórica,novela histórica,novela histórica,novela histórica,novela histórica,novela histórica
4614,subgenre-theme,novela histórica,novela de costumbres,2000,word,tfidf,0,nh0168,novela histórica,novela histórica,novela histórica,novela histórica,novela histórica,novela histórica,novela histórica,novela histórica,novela histórica,novela histórica,novela histórica
4615,subgenre-theme,novela histórica,novela de costumbres,2000,word,tfidf,0,nh0169,novela histórica,novela histórica,novela histórica,novela histórica,novela histórica,novela histórica,novela histórica,novela histórica,novela de costumbres,novela histórica,novela histórica
4616,subgenre-theme,novela histórica,novela de costumbres,2000,word,tfidf,0,nh0172,novela de costumbres,novela de costumbres,novela de costumbres,novela de costumbres,novela de costumbres,novela de costumbres,novela de costumbres,novela de costumbres,novela histórica,novela de costumbres,novela de costumbres
4617,subgenre-theme,novela histórica,novela de costumbres,2000,word,tfidf,0,nh0176,novela histórica,novela histórica,novela histórica,novela histórica,novela histórica,novela histórica,novela histórica,novela histórica,novela histórica,novela histórica,novela histórica
4618,subgenre-theme,novela histórica,novela de costumbres,2000,word,tfidf,0,nh0179,novela de costumbres,novela de costumbres,novela de costumbres,novela de costumbres,novela de costumbres,novela de costumbres,novela de costumbres,novela de costumbres,novela de costumbres,novela de costumbres,novela de costumbres
4619,subgenre-theme,novela histórica,novela de costumbres,2000,word,tfidf,0,nh0196,novela histórica,novela histórica,novela histórica,novela histórica,novela histórica,novela histórica,novela histórica,novela histórica,novela histórica,novela histórica,novela histórica
4620,subgenre-theme,novela histórica,novela de costumbres,2000,word,tfidf,0,nh0197,novela de costumbres,novela de costumbres,novela de costumbres,novela de costumbres,novela de costumbres,novela de costumbres,novela de costumbres,novela de costumbres,novela de costumbres,novela de costumbres,novela de costumbres
4621,subgenre-theme,novela histórica,novela de costumbres,2000,word,tfidf,0,nh0199,novela de costumbres,novela de costumbres,novela de costumbres,novela de costumbres,novela de costumbres,novela de costumbres,novela de costumbres,novela de costumbres,novela de costumbres,novela de costumbres,novela de costumbres
4622,subgenre-theme,novela histórica,novela de costumbres,2000,word,tfidf,0,nh0203,novela histórica,novela histórica,novela histórica,novela histórica,novela histórica,novela histórica,novela histórica,novela histórica,novela histórica,novela histórica,novela histórica
4623,subgenre-theme,novela histórica,novela de costumbres,2000,word,tfidf,0,nh0208,novela histórica,novela histórica,novela histórica,novela histórica,novela histórica,novela histórica,novela histórica,novela histórica,novela histórica,novela histórica,novela histórica
4624,subgenre-theme,novela histórica,novela de costumbres,2000,word,tfidf,0,nh0210,novela histórica,novela histórica,novela histórica,novela histórica,novela histórica,novela histórica,novela histórica,novela histórica,novela histórica,novela de costumbres,novela histórica
4625,subgenre-theme,novela histórica,novela de costumbres,2000,word,tfidf,0,nh0213,novela de costumbres,novela de costumbres,novela de costumbres,novela de costumbres,novela de costumbres,novela de costumbres,novela de costumbres,novela de costumbres,novela de costumbres,novela histórica,novela de costumbres
4626,subgenre-theme,novela histórica,novela de costumbres,2000,word,tfidf,0,nh0214,novela de costumbres,novela de costumbres,novela de costumbres,novela de costumbres,novela de costumbres,novela de costumbres,novela de costumbres,novela de costumbres,novela de costumbres,novela de costumbres,novela de costumbres
4627,subgenre-theme,novela histórica,novela de costumbres,2000,word,tfidf,0,nh0217,novela de costumbres,novela de costumbres,novela de costumbres,novela de costumbres,novela de costumbres,novela de costumbres,novela de costumbres,novela de costumbres,novela de costumbres,novela de costumbres,novela de costumbres
4628,subgenre-theme,novela histórica,novela de costumbres,2000,word,tfidf,0,nh0220,novela de costumbres,novela de costumbres,novela de costumbres,novela de costumbres,novela de costumbres,novela de costumbres,novela de costumbres,novela de costumbres,novela de costumbres,novela de costumbres,novela histórica
4629,subgenre-theme,novela histórica,novela de costumbres,2000,word,tfidf,0,nh0222,novela histórica,novela histórica,novela histórica,novela histórica,novela histórica,novela histórica,novela histórica,novela histórica,novela histórica,novela histórica,novela histórica
4630,subgenre-theme,novela histórica,novela de costumbres,2000,word,tfidf,0,nh0227,novela histórica,novela histórica,novela histórica,novela histórica,novela histórica,novela histórica,novela histórica,novela histórica,novela histórica,novela histórica,novela histórica
4631,subgenre-theme,novela histórica,novela de costumbres,2000,word,tfidf,0,nh0231,novela histórica,novela histórica,novela histórica,novela histórica,novela histórica,novela histórica,novela histórica,novela histórica,novela histórica,novela histórica,novela histórica
4632,subgenre-theme,novela histórica,novela de costumbres,2000,word,tfidf,0,nh0238,novela de costumbres,novela de costumbres,novela de costumbres,novela de costumbres,novela de costumbres,novela de costumbres,novela de costumbres,novela de costumbres,novela de costumbres,novela de costumbres,novela de costumbres
4633,subgenre-theme,novela histórica,novela de costumbres,2000,word,tfidf,0,nh0242,novela de costumbres,novela de costumbres,novela de costumbres,novela de costumbres,novela de costumbres,novela de costumbres,novela de costumbres,novela de costumbres,novela de costumbres,novela de costumbres,novela de costumbres
4634,subgenre-theme,novela histórica,novela de costumbres,2000,word,tfidf,0,nh0243,novela histórica,novela histórica,novela histórica,novela histórica,novela histórica,novela histórica,novela histórica,novela histórica,novela histórica,novela histórica,novela histórica
4635,subgenre-theme,novela histórica,novela de costumbres,2000,word,tfidf,0,nh0246,novela de costumbres,novela de costumbres,novela de costumbres,novela de costumbres,novela de costumbres,novela de costumbres,novela de costumbres,novela de costumbres,novela de costumbres,novela de costumbres,novela de costumbres
4636,subgenre-theme,novela histórica,novela de costumbres,2000,word,tfidf,0,nh0247,novela histórica,novela histórica,novela histórica,novela histórica,novela histórica,novela histórica,novela histórica,novela histórica,novela histórica,novela histórica,novela histórica
4637,subgenre-theme,novela histórica,novela de costumbres,2000,word,tfidf,0,nh0248,novela histórica,novela histórica,novela histórica,novela histórica,novela histórica,novela histórica,novela histórica,novela histórica,novela histórica,novela histórica,novela de costumbres
4638,subgenre-theme,novela histórica,novela de costumbres,2000,word,tfidf,0,nh0249,novela histórica,novela histórica,novela histórica,novela histórica,novela histórica,novela histórica,novela histórica,novela histórica,novela histórica,novela histórica,novela histórica
4639,subgenre-theme,novela histórica,novela de costumbres,2000,word,tfidf,0,nh0253,novela histórica,novela histórica,novela histórica,novela histórica,novela histórica,novela histórica,novela histórica,novela histórica,novela histórica,novela histórica,novela de costumbres
4640,subgenre-theme,novela histórica,novela de costumbres,2000,word,tfidf,1,nh0001,novela de costumbres,novela de costumbres,novela de costumbres,novela de costumbres,novela de costumbres,novela de costumbres,novela de costumbres,novela de costumbres,novela de costumbres,novela de costumbres,novela de costumbres
4641,subgenre-theme,novela histórica,novela de costumbres,2000,word,tfidf,1,nh0005,novela de costumbres,novela de costumbres,novela de costumbres,novela de costumbres,novela de costumbres,novela de costumbres,novela de costumbres,novela de costumbres,novela de costumbres,novela de costumbres,novela de costumbres
4642,subgenre-theme,novela histórica,novela de costumbres,2000,word,tfidf,1,nh0007,novela histórica,novela histórica,novela histórica,novela histórica,novela histórica,novela histórica,novela histórica,novela histórica,novela histórica,novela histórica,novela histórica
4643,subgenre-theme,novela histórica,novela de costumbres,2000,word,tfidf,1,nh0008,novela de costumbres,novela de costumbres,novela de costumbres,novela de costumbres,novela de costumbres,novela de costumbres,novela de costumbres,novela de costumbres,novela de costumbres,novela de costumbres,novela de costumbres
4644,subgenre-theme,novela histórica,novela de costumbres,2000,word,tfidf,1,nh0009,novela histórica,novela histórica,novela histórica,novela histórica,novela histórica,novela histórica,novela histórica,novela histórica,novela histórica,novela histórica,novela histórica
4645,subgenre-theme,novela histórica,novela de costumbres,2000,word,tfidf,1,nh0010,novela de costumbres,novela de costumbres,novela de costumbres,novela de costumbres,novela de costumbres,novela de costumbres,novela de costumbres,novela de costumbres,novela de costumbres,novela de costumbres,novela de costumbres
4646,subgenre-theme,novela histórica,novela de costumbres,2000,word,tfidf,1,nh0015,novela histórica,novela histórica,novela histórica,novela histórica,novela histórica,novela histórica,novela histórica,novela histórica,novela histórica,novela histórica,novela histórica
4647,subgenre-theme,novela histórica,novela de costumbres,2000,word,tfidf,1,nh0020,novela histórica,novela histórica,novela histórica,novela histórica,novela histórica,novela histórica,novela histórica,novela histórica,novela histórica,novela histórica,novela histórica
4648,subgenre-theme,novela histórica,novela de costumbres,2000,word,tfidf,1,nh0022,novela histórica,novela histórica,novela histórica,novela histórica,novela histórica,novela histórica,novela histórica,novela histórica,novela histórica,novela histórica,novela histórica
4649,subgenre-theme,novela histórica,novela de costumbres,2000,word,tfidf,1,nh0025,novela histórica,novela histórica,novela histórica,novela histórica,novela histórica,novela histórica,novela histórica,novela histórica,novela histórica,novela histórica,novela histórica
4650,subgenre-theme,novela histórica,novela de costumbres,2000,word,tfidf,1,nh0027,novela de costumbres,novela de costumbres,novela de costumbres,novela de costumbres,novela de costumbres,novela de costumbres,novela de costumbres,novela de costumbres,novela de costumbres,novela de costumbres,novela de costumbres
4651,subgenre-theme,novela histórica,novela de costumbres,2000,word,tfidf,1,nh0036,novela de costumbres,novela de costumbres,novela de costumbres,novela de costumbres,novela de costumbres,novela de costumbres,novela de costumbres,novela de costumbres,novela de costumbres,novela de costumbres,novela de costumbres
4652,subgenre-theme,novela histórica,novela de costumbres,2000,word,tfidf,1,nh0039,novela de costumbres,novela de costumbres,novela de costumbres,novela de costumbres,novela de costumbres,novela de costumbres,novela de costumbres,novela de costumbres,novela de costumbres,novela de costumbres,novela de costumbres
4653,subgenre-theme,novela histórica,novela de costumbres,2000,word,tfidf,1,nh0040,novela histórica,novela histórica,novela de costumbres,novela histórica,novela histórica,novela histórica,novela histórica,novela histórica,novela histórica,novela histórica,novela histórica
4654,subgenre-theme,novela histórica,novela de costumbres,2000,word,tfidf,1,nh0041,novela histórica,novela histórica,novela histórica,novela histórica,novela histórica,novela histórica,novela histórica,novela histórica,novela histórica,novela histórica,novela histórica
4655,subgenre-theme,novela histórica,novela de costumbres,2000,word,tfidf,1,nh0042,novela de costumbres,novela de costumbres,novela de costumbres,novela de costumbres,novela de costumbres,novela de costumbres,novela de costumbres,novela de costumbres,novela de costumbres,novela de costumbres,novela de costumbres
4656,subgenre-theme,novela histórica,novela de costumbres,2000,word,tfidf,1,nh0048,novela de costumbres,novela de costumbres,novela de costumbres,novela de costumbres,novela de costumbres,novela de costumbres,novela de costumbres,novela de costumbres,novela de costumbres,novela de costumbres,novela de costumbres
4657,subgenre-theme,novela histórica,novela de costumbres,2000,word,tfidf,1,nh0050,novela de costumbres,novela de costumbres,novela de costumbres,novela de costumbres,novela de costumbres,novela de costumbres,novela de costumbres,novela de costumbres,novela de costumbres,novela de costumbres,novela de costumbres
4658,subgenre-theme,novela histórica,novela de costumbres,2000,word,tfidf,1,nh0051,novela de costumbres,novela de costumbres,novela de costumbres,novela de costumbres,novela de costumbres,novela de costumbres,novela de costumbres,novela de costumbres,novela de costumbres,novela de costumbres,novela de costumbres
4659,subgenre-theme,novela histórica,novela de costumbres,2000,word,tfidf,1,nh0054,novela histórica,novela histórica,novela histórica,novela histórica,novela histórica,novela histórica,novela histórica,novela histórica,novela histórica,novela histórica,novela histórica
4660,subgenre-theme,novela histórica,novela de costumbres,2000,word,tfidf,1,nh0055,novela histórica,novela histórica,novela histórica,novela histórica,novela histórica,novela histórica,novela histórica,novela histórica,novela histórica,novela histórica,novela histórica
4661,subgenre-theme,novela histórica,novela de costumbres,2000,word,tfidf,1,nh0056,novela histórica,novela histórica,novela histórica,novela histórica,novela histórica,novela histórica,novela histórica,novela histórica,novela histórica,novela histórica,novela histórica
4662,subgenre-theme,novela histórica,novela de costumbres,2000,word,tfidf,1,nh0057,novela de costumbres,novela de costumbres,novela de costumbres,novela de costumbres,novela de costumbres,novela de costumbres,novela de costumbres,novela de costumbres,novela de costumbres,novela de costumbres,novela de costumbres
4663,subgenre-theme,novela histórica,novela de costumbres,2000,word,tfidf,1,nh0061,novela de costumbres,novela de costumbres,novela de costumbres,novela histórica,novela de costumbres,novela de costumbres,novela de costumbres,novela de costumbres,novela de costumbres,novela de costumbres,novela de costumbres
4664,subgenre-theme,novela histórica,novela de costumbres,2000,word,tfidf,1,nh0062,novela de costumbres,novela de costumbres,novela de costumbres,novela de costumbres,novela de costumbres,novela de costumbres,novela de costumbres,novela de costumbres,novela de costumbres,novela de costumbres,novela de costumbres
4665,subgenre-theme,novela histórica,novela de costumbres,2000,word,tfidf,1,nh0063,novela de costumbres,novela de costumbres,novela de costumbres,novela de costumbres,novela de costumbres,novela de costumbres,novela de costumbres,novela de costumbres,novela de costumbres,novela de costumbres,novela de costumbres
4666,subgenre-theme,novela histórica,novela de costumbres,2000,word,tfidf,1,nh0064,novela histórica,novela histórica,novela histórica,novela histórica,novela histórica,novela histórica,novela histórica,novela histórica,novela histórica,novela histórica,novela histórica
4667,subgenre-theme,novela histórica,novela de costumbres,2000,word,tfidf,1,nh0065,novela de costumbres,novela de costumbres,novela de costumbres,novela de costumbres,novela de costumbres,novela de costumbres,novela de costumbres,novela de costumbres,novela de costumbres,novela de costumbres,novela de costumbres
4668,subgenre-theme,novela histórica,novela de costumbres,2000,word,tfidf,1,nh0066,novela de costumbres,novela de costumbres,novela de costumbres,novela de costumbres,novela de costumbres,novela de costumbres,novela de costumbres,novela de costumbres,novela de costumbres,novela de costumbres,novela de costumbres
4669,subgenre-theme,novela histórica,novela de costumbres,2000,word,tfidf,1,nh0069,novela histórica,novela histórica,novela histórica,novela histórica,novela histórica,novela histórica,novela histórica,novela histórica,novela histórica,novela histórica,novela histórica
4670,subgenre-theme,novela histórica,novela de costumbres,2000,word,tfidf,1,nh0070,novela de costumbres,novela de costumbres,novela de costumbres,novela de costumbres,novela de costumbres,novela de costumbres,novela de costumbres,novela de costumbres,novela de costumbres,novela de costumbres,novela de costumbres
4671,subgenre-theme,novela histórica,novela de costumbres,2000,word,tfidf,1,nh0071,novela de costumbres,novela de costumbres,novela de costumbres,novela de costumbres,novela de costumbres,novela de costumbres,novela de costumbres,novela de costumbres,novela de costumbres,novela de costumbres,novela de costumbres
4672,subgenre-theme,novela histórica,novela de costumbres,2000,word,tfidf,1,nh0073,novela de costumbres,novela de costumbres,novela de costumbres,novela de costumbres,novela de costumbres,novela de costumbres,novela de costumbres,novela de costumbres,novela de costumbres,novela de costumbres,novela de costumbres
4673,subgenre-theme,novela histórica,novela de costumbres,2000,word,tfidf,1,nh0077,novela de costumbres,novela de costumbres,novela de costumbres,novela de costumbres,novela de costumbres,novela de costumbres,novela de costumbres,novela de costumbres,novela de costumbres,novela de costumbres,novela de costumbres
4674,subgenre-theme,novela histórica,novela de costumbres,2000,word,tfidf,1,nh0078,novela de costumbres,novela de costumbres,novela de costumbres,novela de costumbres,novela de costumbres,novela de costumbres,novela de costumbres,novela de costumbres,novela de costumbres,novela de costumbres,novela de costumbres
4675,subgenre-theme,novela histórica,novela de costumbres,2000,word,tfidf,1,nh0079,novela de costumbres,novela de costumbres,novela de costumbres,novela de costumbres,novela de costumbres,novela de costumbres,novela de costumbres,novela de costumbres,novela de costumbres,novela de costumbres,novela de costumbres
4676,subgenre-theme,novela histórica,novela de costumbres,2000,word,tfidf,1,nh0081,novela histórica,novela histórica,novela histórica,novela histórica,novela histórica,novela histórica,novela histórica,novela histórica,novela histórica,novela histórica,novela histórica
4677,subgenre-theme,novela histórica,novela de costumbres,2000,word,tfidf,1,nh0086,novela histórica,novela histórica,novela histórica,novela histórica,novela histórica,novela histórica,novela histórica,novela histórica,novela histórica,novela histórica,novela histórica
4678,subgenre-theme,novela histórica,novela de costumbres,2000,word,tfidf,1,nh0090,novela de costumbres,novela de costumbres,novela de costumbres,novela de costumbres,novela de costumbres,novela de costumbres,novela de costumbres,novela de costumbres,novela de costumbres,novela de costumbres,novela de costumbres
4679,subgenre-theme,novela histórica,novela de costumbres,2000,word,tfidf,1,nh0091,novela histórica,novela histórica,novela histórica,novela histórica,novela histórica,novela histórica,novela histórica,novela histórica,novela histórica,novela histórica,novela histórica
4680,subgenre-theme,novela histórica,novela de costumbres,2000,word,tfidf,1,nh0093,novela de costumbres,novela de costumbres,novela de costumbres,novela de costumbres,novela de costumbres,novela de costumbres,novela de costumbres,novela de costumbres,novela de costumbres,novela de costumbres,novela de costumbres
4681,subgenre-theme,novela histórica,novela de costumbres,2000,word,tfidf,1,nh0094,novela histórica,novela histórica,novela histórica,novela histórica,novela histórica,novela histórica,novela histórica,novela histórica,novela histórica,novela histórica,novela histórica
4682,subgenre-theme,novela histórica,novela de costumbres,2000,word,tfidf,1,nh0097,novela histórica,novela histórica,novela histórica,novela histórica,novela histórica,novela histórica,novela histórica,novela histórica,novela histórica,novela histórica,novela histórica
4683,subgenre-theme,novela histórica,novela de costumbres,2000,word,tfidf,1,nh0100,novela histórica,novela histórica,novela histórica,novela histórica,novela histórica,novela histórica,novela histórica,novela histórica,novela histórica,novela histórica,novela histórica
4684,subgenre-theme,novela histórica,novela de costumbres,2000,word,tfidf,1,nh0101,novela de costumbres,novela de costumbres,novela de costumbres,novela de costumbres,novela de costumbres,novela de costumbres,novela de costumbres,novela de costumbres,novela de costumbres,novela de costumbres,novela de costumbres
4685,subgenre-theme,novela histórica,novela de costumbres,2000,word,tfidf,1,nh0103,novela histórica,novela histórica,novela histórica,novela histórica,novela de costumbres,novela histórica,novela histórica,novela histórica,novela histórica,novela histórica,novela histórica
4686,subgenre-theme,novela histórica,novela de costumbres,2000,word,tfidf,1,nh0105,novela de costumbres,novela de costumbres,novela de costumbres,novela de costumbres,novela de costumbres,novela de costumbres,novela de costumbres,novela de costumbres,novela de costumbres,novela de costumbres,novela de costumbres
4687,subgenre-theme,novela histórica,novela de costumbres,2000,word,tfidf,1,nh0106,novela histórica,novela histórica,novela histórica,novela histórica,novela histórica,novela histórica,novela histórica,novela histórica,novela histórica,novela histórica,novela histórica
4688,subgenre-theme,novela histórica,novela de costumbres,2000,word,tfidf,1,nh0107,novela histórica,novela histórica,novela histórica,novela histórica,novela histórica,novela histórica,novela histórica,novela histórica,novela histórica,novela histórica,novela histórica
4689,subgenre-theme,novela histórica,novela de costumbres,2000,word,tfidf,1,nh0111,novela histórica,novela histórica,novela histórica,novela histórica,novela histórica,novela histórica,novela histórica,novela histórica,novela histórica,novela histórica,novela histórica
4690,subgenre-theme,novela histórica,novela de costumbres,2000,word,tfidf,1,nh0115,novela histórica,novela histórica,novela histórica,novela histórica,novela histórica,novela histórica,novela histórica,novela histórica,novela histórica,novela histórica,novela histórica
4691,subgenre-theme,novela histórica,novela de costumbres,2000,word,tfidf,1,nh0116,novela histórica,novela histórica,novela histórica,novela histórica,novela histórica,novela histórica,novela histórica,novela histórica,novela histórica,novela histórica,novela histórica
4692,subgenre-theme,novela histórica,novela de costumbres,2000,word,tfidf,1,nh0117,novela histórica,novela histórica,novela histórica,novela histórica,novela histórica,novela histórica,novela histórica,novela histórica,novela histórica,novela histórica,novela histórica
4693,subgenre-theme,novela histórica,novela de costumbres,2000,word,tfidf,1,nh0118,novela de costumbres,novela de costumbres,novela de costumbres,novela de costumbres,novela de costumbres,novela de costumbres,novela de costumbres,novela de costumbres,novela de costumbres,novela de costumbres,novela de costumbres
4694,subgenre-theme,novela histórica,novela de costumbres,2000,word,tfidf,1,nh0120,novela de costumbres,novela de costumbres,novela de costumbres,novela de costumbres,novela de costumbres,novela de costumbres,novela de costumbres,novela de costumbres,novela de costumbres,novela de costumbres,novela de costumbres
4695,subgenre-theme,novela histórica,novela de costumbres,2000,word,tfidf,1,nh0122,novela histórica,novela histórica,novela histórica,novela histórica,novela histórica,novela histórica,novela histórica,novela histórica,novela histórica,novela histórica,novela histórica
4696,subgenre-theme,novela histórica,novela de costumbres,2000,word,tfidf,1,nh0125,novela histórica,novela histórica,novela histórica,novela histórica,novela histórica,novela histórica,novela de costumbres,novela histórica,novela histórica,novela histórica,novela histórica
4697,subgenre-theme,novela histórica,novela de costumbres,2000,word,tfidf,1,nh0129,novela de costumbres,novela de costumbres,novela de costumbres,novela de costumbres,novela de costumbres,novela de costumbres,novela de costumbres,novela de costumbres,novela de costumbres,novela de costumbres,novela de costumbres
4698,subgenre-theme,novela histórica,novela de costumbres,2000,word,tfidf,1,nh0131,novela de costumbres,novela de costumbres,novela de costumbres,novela de costumbres,novela de costumbres,novela de costumbres,novela de costumbres,novela de costumbres,novela de costumbres,novela de costumbres,novela de costumbres
4699,subgenre-theme,novela histórica,novela de costumbres,2000,word,tfidf,1,nh0133,novela de costumbres,novela de costumbres,novela de costumbres,novela de costumbres,novela de costumbres,novela de costumbres,novela de costumbres,novela de costumbres,novela de costumbres,novela de costumbres,novela de costumbres
4700,subgenre-theme,novela histórica,novela de costumbres,2000,word,tfidf,1,nh0135,novela de costumbres,novela de costumbres,novela de costumbres,novela de costumbres,novela de costumbres,novela de costumbres,novela de costumbres,novela de costumbres,novela de costumbres,novela de costumbres,novela de costumbres
4701,subgenre-theme,novela histórica,novela de costumbres,2000,word,tfidf,1,nh0137,novela de costumbres,novela de costumbres,novela de costumbres,novela de costumbres,novela de costumbres,novela de costumbres,novela de costumbres,novela histórica,novela de costumbres,novela de costumbres,novela de costumbres
4702,subgenre-theme,novela histórica,novela de costumbres,2000,word,tfidf,1,nh0138,novela de costumbres,novela de costumbres,novela de costumbres,novela de costumbres,novela de costumbres,novela de costumbres,novela de costumbres,novela de costumbres,novela de costumbres,novela de costumbres,novela de costumbres
4703,subgenre-theme,novela histórica,novela de costumbres,2000,word,tfidf,1,nh0141,novela de costumbres,novela de costumbres,novela de costumbres,novela de costumbres,novela de costumbres,novela de costumbres,novela de costumbres,novela de costumbres,novela de costumbres,novela de costumbres,novela de costumbres
4704,subgenre-theme,novela histórica,novela de costumbres,2000,word,tfidf,1,nh0142,novela histórica,novela histórica,novela histórica,novela histórica,novela histórica,novela histórica,novela histórica,novela histórica,novela histórica,novela histórica,novela histórica
4705,subgenre-theme,novela histórica,novela de costumbres,2000,word,tfidf,1,nh0143,novela histórica,novela histórica,novela histórica,novela histórica,novela histórica,novela histórica,novela histórica,novela histórica,novela histórica,novela histórica,novela histórica
4706,subgenre-theme,novela histórica,novela de costumbres,2000,word,tfidf,1,nh0144,novela de costumbres,novela de costumbres,novela de costumbres,novela de costumbres,novela de costumbres,novela de costumbres,novela de costumbres,novela de costumbres,novela de costumbres,novela de costumbres,novela de costumbres
4707,subgenre-theme,novela histórica,novela de costumbres,2000,word,tfidf,1,nh0147,novela de costumbres,novela de costumbres,novela de costumbres,novela de costumbres,novela de costumbres,novela de costumbres,novela de costumbres,novela de costumbres,novela de costumbres,novela de costumbres,novela de costumbres
4708,subgenre-theme,novela histórica,novela de costumbres,2000,word,tfidf,1,nh0149,novela histórica,novela histórica,novela histórica,novela histórica,novela histórica,novela histórica,novela histórica,novela histórica,novela histórica,novela histórica,novela histórica
4709,subgenre-theme,novela histórica,novela de costumbres,2000,word,tfidf,1,nh0158,novela histórica,novela histórica,novela histórica,novela histórica,novela histórica,novela histórica,novela histórica,novela histórica,novela histórica,novela histórica,novela histórica
4710,subgenre-theme,novela histórica,novela de costumbres,2000,word,tfidf,1,nh0159,novela histórica,novela histórica,novela histórica,novela histórica,novela histórica,novela histórica,novela histórica,novela histórica,novela histórica,novela histórica,novela histórica
4711,subgenre-theme,novela histórica,novela de costumbres,2000,word,tfidf,1,nh0160,novela histórica,novela histórica,novela histórica,novela histórica,novela histórica,novela histórica,novela histórica,novela histórica,novela histórica,novela histórica,novela histórica
4712,subgenre-theme,novela histórica,novela de costumbres,2000,word,tfidf,1,nh0161,novela histórica,novela histórica,novela histórica,novela histórica,novela histórica,novela histórica,novela histórica,novela histórica,novela histórica,novela histórica,novela histórica
4713,subgenre-theme,novela histórica,novela de costumbres,2000,word,tfidf,1,nh0164,novela de costumbres,novela de costumbres,novela de costumbres,novela de costumbres,novela de costumbres,novela de costumbres,novela de costumbres,novela de costumbres,novela de costumbres,novela de costumbres,novela de costumbres
4714,subgenre-theme,novela histórica,novela de costumbres,2000,word,tfidf,1,nh0165,novela histórica,novela histórica,novela histórica,novela histórica,novela histórica,novela histórica,novela histórica,novela histórica,novela histórica,novela histórica,novela histórica
4715,subgenre-theme,novela histórica,novela de costumbres,2000,word,tfidf,1,nh0169,novela histórica,novela histórica,novela histórica,novela histórica,novela histórica,novela histórica,novela histórica,novela histórica,novela de costumbres,novela histórica,novela histórica
4716,subgenre-theme,novela histórica,novela de costumbres,2000,word,tfidf,1,nh0172,novela de costumbres,novela de costumbres,novela de costumbres,novela de costumbres,novela de costumbres,novela de costumbres,novela de costumbres,novela de costumbres,novela de costumbres,novela de costumbres,novela de costumbres
4717,subgenre-theme,novela histórica,novela de costumbres,2000,word,tfidf,1,nh0176,novela histórica,novela histórica,novela histórica,novela histórica,novela histórica,novela histórica,novela histórica,novela histórica,novela histórica,novela histórica,novela histórica
4718,subgenre-theme,novela histórica,novela de costumbres,2000,word,tfidf,1,nh0179,novela de costumbres,novela de costumbres,novela de costumbres,novela de costumbres,novela de costumbres,novela de costumbres,novela de costumbres,novela de costumbres,novela de costumbres,novela de costumbres,novela de costumbres
4719,subgenre-theme,novela histórica,novela de costumbres,2000,word,tfidf,1,nh0180,novela histórica,novela histórica,novela histórica,novela histórica,novela histórica,novela histórica,novela histórica,novela histórica,novela histórica,novela histórica,novela histórica
4720,subgenre-theme,novela histórica,novela de costumbres,2000,word,tfidf,1,nh0184,novela histórica,novela histórica,novela histórica,novela histórica,novela histórica,novela histórica,novela histórica,novela histórica,novela histórica,novela histórica,novela histórica
4721,subgenre-theme,novela histórica,novela de costumbres,2000,word,tfidf,1,nh0196,novela histórica,novela histórica,novela histórica,novela histórica,novela histórica,novela histórica,novela histórica,novela histórica,novela histórica,novela histórica,novela histórica
4722,subgenre-theme,novela histórica,novela de costumbres,2000,word,tfidf,1,nh0197,novela de costumbres,novela de costumbres,novela de costumbres,novela de costumbres,novela de costumbres,novela de costumbres,novela de costumbres,novela de costumbres,novela de costumbres,novela de costumbres,novela de costumbres
4723,subgenre-theme,novela histórica,novela de costumbres,2000,word,tfidf,1,nh0199,novela de costumbres,novela de costumbres,novela de costumbres,novela de costumbres,novela de costumbres,novela de costumbres,novela de costumbres,novela de costumbres,novela de costumbres,novela de costumbres,novela de costumbres
4724,subgenre-theme,novela histórica,novela de costumbres,2000,word,tfidf,1,nh0210,novela histórica,novela histórica,novela histórica,novela histórica,novela histórica,novela histórica,novela histórica,novela histórica,novela histórica,novela de costumbres,novela histórica
4725,subgenre-theme,novela histórica,novela de costumbres,2000,word,tfidf,1,nh0213,novela de costumbres,novela de costumbres,novela de costumbres,novela de costumbres,novela de costumbres,novela de costumbres,novela de costumbres,novela de costumbres,novela de costumbres,novela de costumbres,novela de costumbres
4726,subgenre-theme,novela histórica,novela de costumbres,2000,word,tfidf,1,nh0214,novela de costumbres,novela de costumbres,novela de costumbres,novela de costumbres,novela de costumbres,novela de costumbres,novela de costumbres,novela de costumbres,novela de costumbres,novela de costumbres,novela de costumbres
4727,subgenre-theme,novela histórica,novela de costumbres,2000,word,tfidf,1,nh0217,novela de costumbres,novela de costumbres,novela de costumbres,novela de costumbres,novela de costumbres,novela de costumbres,novela de costumbres,novela de costumbres,novela de costumbres,novela de costumbres,novela de costumbres
4728,subgenre-theme,novela histórica,novela de costumbres,2000,word,tfidf,1,nh0220,novela de costumbres,novela de costumbres,novela de costumbres,novela de costumbres,novela de costumbres,novela de costumbres,novela de costumbres,novela de costumbres,novela de costumbres,novela de costumbres,novela histórica
4729,subgenre-theme,novela histórica,novela de costumbres,2000,word,tfidf,1,nh0222,novela histórica,novela histórica,novela histórica,novela histórica,novela histórica,novela histórica,novela histórica,novela histórica,novela histórica,novela histórica,novela histórica
4730,subgenre-theme,novela histórica,novela de costumbres,2000,word,tfidf,1,nh0227,novela histórica,novela histórica,novela histórica,novela histórica,novela histórica,novela histórica,novela histórica,novela histórica,novela histórica,novela histórica,novela histórica
4731,subgenre-theme,novela histórica,novela de costumbres,2000,word,tfidf,1,nh0231,novela histórica,novela histórica,novela histórica,novela histórica,novela histórica,novela histórica,novela histórica,novela histórica,novela histórica,novela histórica,novela histórica
4732,subgenre-theme,novela histórica,novela de costumbres,2000,word,tfidf,1,nh0238,novela de costumbres,novela de costumbres,novela de costumbres,novela de costumbres,novela de costumbres,novela de costumbres,novela de costumbres,novela de costumbres,novela de costumbres,novela de costumbres,novela histórica
4733,subgenre-theme,novela histórica,novela de costumbres,2000,word,tfidf,1,nh0242,novela de costumbres,novela de costumbres,novela de costumbres,novela de costumbres,novela de costumbres,novela de costumbres,novela de costumbres,novela de costumbres,novela de costumbres,novela de costumbres,novela de costumbres
4734,subgenre-theme,novela histórica,novela de costumbres,2000,word,tfidf,1,nh0243,novela histórica,novela histórica,novela histórica,novela histórica,novela histórica,novela histórica,novela histórica,novela histórica,novela histórica,novela histórica,novela histórica
4735,subgenre-theme,novela histórica,novela de costumbres,2000,word,tfidf,1,nh0246,novela de costumbres,novela de costumbres,novela de costumbres,novela de costumbres,novela de costumbres,novela de costumbres,novela de costumbres,novela de costumbres,novela de costumbres,novela de costumbres,novela de costumbres
4736,subgenre-theme,novela histórica,novela de costumbres,2000,word,tfidf,1,nh0247,novela histórica,novela histórica,novela histórica,novela histórica,novela histórica,novela histórica,novela histórica,novela histórica,novela histórica,novela histórica,novela histórica
4737,subgenre-theme,novela histórica,novela de costumbres,2000,word,tfidf,1,nh0248,novela histórica,novela histórica,novela histórica,novela histórica,novela histórica,novela histórica,novela histórica,novela histórica,novela histórica,novela histórica,novela de costumbres
4738,subgenre-theme,novela histórica,novela de costumbres,2000,word,tfidf,1,nh0249,novela histórica,novela histórica,novela histórica,novela histórica,novela histórica,novela histórica,novela histórica,novela histórica,novela histórica,novela histórica,novela histórica
4739,subgenre-theme,novela histórica,novela de costumbres,2000,word,tfidf,1,nh0253,novela histórica,novela histórica,novela histórica,novela histórica,novela histórica,novela histórica,novela histórica,novela histórica,novela histórica,novela histórica,novela de costumbres
4740,subgenre-theme,novela histórica,novela de costumbres,2000,word,tfidf,2,nh0001,novela de costumbres,novela de costumbres,novela de costumbres,novela de costumbres,novela de costumbres,novela de costumbres,novela de costumbres,novela de costumbres,novela de costumbres,novela de costumbres,novela de costumbres
4741,subgenre-theme,novela histórica,novela de costumbres,2000,word,tfidf,2,nh0004,novela histórica,novela histórica,novela histórica,novela histórica,novela histórica,novela histórica,novela histórica,novela histórica,novela histórica,novela histórica,novela histórica
4742,subgenre-theme,novela histórica,novela de costumbres,2000,word,tfidf,2,nh0005,novela de costumbres,novela de costumbres,novela de costumbres,novela de costumbres,novela de costumbres,novela de costumbres,novela de costumbres,novela de costumbres,novela de costumbres,novela de costumbres,novela de costumbres
4743,subgenre-theme,novela histórica,novela de costumbres,2000,word,tfidf,2,nh0007,novela histórica,novela histórica,novela histórica,novela histórica,novela histórica,novela histórica,novela histórica,novela histórica,novela histórica,novela histórica,novela histórica
4744,subgenre-theme,novela histórica,novela de costumbres,2000,word,tfidf,2,nh0008,novela de costumbres,novela de costumbres,novela de costumbres,novela de costumbres,novela de costumbres,novela de costumbres,novela de costumbres,novela de costumbres,novela de costumbres,novela de costumbres,novela de costumbres
4745,subgenre-theme,novela histórica,novela de costumbres,2000,word,tfidf,2,nh0010,novela de costumbres,novela de costumbres,novela de costumbres,novela de costumbres,novela de costumbres,novela de costumbres,novela de costumbres,novela de costumbres,novela de costumbres,novela de costumbres,novela de costumbres
4746,subgenre-theme,novela histórica,novela de costumbres,2000,word,tfidf,2,nh0015,novela histórica,novela histórica,novela histórica,novela histórica,novela histórica,novela histórica,novela histórica,novela histórica,novela histórica,novela histórica,novela histórica
4747,subgenre-theme,novela histórica,novela de costumbres,2000,word,tfidf,2,nh0017,novela histórica,novela histórica,novela histórica,novela histórica,novela histórica,novela histórica,novela histórica,novela histórica,novela histórica,novela histórica,novela histórica
4748,subgenre-theme,novela histórica,novela de costumbres,2000,word,tfidf,2,nh0020,novela histórica,novela histórica,novela histórica,novela histórica,novela histórica,novela histórica,novela histórica,novela histórica,novela histórica,novela histórica,novela histórica
4749,subgenre-theme,novela histórica,novela de costumbres,2000,word,tfidf,2,nh0022,novela histórica,novela histórica,novela histórica,novela histórica,novela histórica,novela histórica,novela histórica,novela histórica,novela histórica,novela histórica,novela histórica
4750,subgenre-theme,novela histórica,novela de costumbres,2000,word,tfidf,2,nh0025,novela histórica,novela histórica,novela histórica,novela histórica,novela histórica,novela histórica,novela histórica,novela histórica,novela histórica,novela histórica,novela histórica
4751,subgenre-theme,novela histórica,novela de costumbres,2000,word,tfidf,2,nh0026,novela histórica,novela histórica,novela histórica,novela histórica,novela histórica,novela histórica,novela histórica,novela histórica,novela histórica,novela histórica,novela histórica
4752,subgenre-theme,novela histórica,novela de costumbres,2000,word,tfidf,2,nh0027,novela de costumbres,novela de costumbres,novela de costumbres,novela de costumbres,novela de costumbres,novela de costumbres,novela de costumbres,novela de costumbres,novela de costumbres,novela de costumbres,novela de costumbres
4753,subgenre-theme,novela histórica,novela de costumbres,2000,word,tfidf,2,nh0035,novela histórica,novela histórica,novela histórica,novela histórica,novela histórica,novela histórica,novela histórica,novela histórica,novela histórica,novela histórica,novela histórica
4754,subgenre-theme,novela histórica,novela de costumbres,2000,word,tfidf,2,nh0036,novela de costumbres,novela de costumbres,novela histórica,novela de costumbres,novela de costumbres,novela de costumbres,novela de costumbres,novela de costumbres,novela de costumbres,novela de costumbres,novela de costumbres
4755,subgenre-theme,novela histórica,novela de costumbres,2000,word,tfidf,2,nh0037,novela histórica,novela histórica,novela histórica,novela histórica,novela histórica,novela histórica,novela histórica,novela histórica,novela histórica,novela histórica,novela histórica
4756,subgenre-theme,novela histórica,novela de costumbres,2000,word,tfidf,2,nh0039,novela de costumbres,novela de costumbres,novela de costumbres,novela de costumbres,novela de costumbres,novela de costumbres,novela de costumbres,novela de costumbres,novela de costumbres,novela de costumbres,novela de costumbres
4757,subgenre-theme,novela histórica,novela de costumbres,2000,word,tfidf,2,nh0040,novela histórica,novela histórica,novela histórica,novela de costumbres,novela histórica,novela histórica,novela histórica,novela histórica,novela histórica,novela histórica,novela histórica
4758,subgenre-theme,novela histórica,novela de costumbres,2000,word,tfidf,2,nh0041,novela histórica,novela histórica,novela histórica,novela histórica,novela histórica,novela histórica,novela histórica,novela histórica,novela histórica,novela histórica,novela histórica
4759,subgenre-theme,novela histórica,novela de costumbres,2000,word,tfidf,2,nh0042,novela de costumbres,novela de costumbres,novela de costumbres,novela de costumbres,novela de costumbres,novela de costumbres,novela de costumbres,novela de costumbres,novela de costumbres,novela de costumbres,novela de costumbres
4760,subgenre-theme,novela histórica,novela de costumbres,2000,word,tfidf,2,nh0048,novela de costumbres,novela de costumbres,novela de costumbres,novela de costumbres,novela de costumbres,novela de costumbres,novela de costumbres,novela de costumbres,novela de costumbres,novela de costumbres,novela de costumbres
4761,subgenre-theme,novela histórica,novela de costumbres,2000,word,tfidf,2,nh0049,novela histórica,novela histórica,novela histórica,novela histórica,novela histórica,novela histórica,novela histórica,novela histórica,novela histórica,novela histórica,novela histórica
4762,subgenre-theme,novela histórica,novela de costumbres,2000,word,tfidf,2,nh0050,novela de costumbres,novela de costumbres,novela de costumbres,novela de costumbres,novela de costumbres,novela de costumbres,novela de costumbres,novela de costumbres,novela de costumbres,novela de costumbres,novela de costumbres
4763,subgenre-theme,novela histórica,novela de costumbres,2000,word,tfidf,2,nh0051,novela de costumbres,novela de costumbres,novela de costumbres,novela de costumbres,novela de costumbres,novela de costumbres,novela de costumbres,novela de costumbres,novela de costumbres,novela de costumbres,novela de costumbres
4764,subgenre-theme,novela histórica,novela de costumbres,2000,word,tfidf,2,nh0055,novela histórica,novela histórica,novela histórica,novela histórica,novela histórica,novela histórica,novela histórica,novela histórica,novela histórica,novela histórica,novela histórica
4765,subgenre-theme,novela histórica,novela de costumbres,2000,word,tfidf,2,nh0056,novela histórica,novela histórica,novela histórica,novela histórica,novela histórica,novela histórica,novela histórica,novela histórica,novela histórica,novela histórica,novela histórica
4766,subgenre-theme,novela histórica,novela de costumbres,2000,word,tfidf,2,nh0057,novela de costumbres,novela de costumbres,novela de costumbres,novela de costumbres,novela de costumbres,novela de costumbres,novela de costumbres,novela de costumbres,novela de costumbres,novela de costumbres,novela de costumbres
4767,subgenre-theme,novela histórica,novela de costumbres,2000,word,tfidf,2,nh0061,novela de costumbres,novela de costumbres,novela de costumbres,novela histórica,novela de costumbres,novela de costumbres,novela de costumbres,novela de costumbres,novela de costumbres,novela de costumbres,novela de costumbres
4768,subgenre-theme,novela histórica,novela de costumbres,2000,word,tfidf,2,nh0062,novela de costumbres,novela de costumbres,novela de costumbres,novela de costumbres,novela de costumbres,novela de costumbres,novela de costumbres,novela de costumbres,novela de costumbres,novela de costumbres,novela de costumbres
4769,subgenre-theme,novela histórica,novela de costumbres,2000,word,tfidf,2,nh0063,novela de costumbres,novela de costumbres,novela de costumbres,novela de costumbres,novela de costumbres,novela de costumbres,novela de costumbres,novela de costumbres,novela de costumbres,novela de costumbres,novela de costumbres
4770,subgenre-theme,novela histórica,novela de costumbres,2000,word,tfidf,2,nh0065,novela de costumbres,novela de costumbres,novela de costumbres,novela de costumbres,novela de costumbres,novela de costumbres,novela de costumbres,novela de costumbres,novela de costumbres,novela de costumbres,novela de costumbres
4771,subgenre-theme,novela histórica,novela de costumbres,2000,word,tfidf,2,nh0066,novela de costumbres,novela de costumbres,novela de costumbres,novela de costumbres,novela de costumbres,novela de costumbres,novela de costumbres,novela de costumbres,novela de costumbres,novela de costumbres,novela de costumbres
4772,subgenre-theme,novela histórica,novela de costumbres,2000,word,tfidf,2,nh0069,novela histórica,novela histórica,novela histórica,novela histórica,novela histórica,novela histórica,novela histórica,novela histórica,novela histórica,novela histórica,novela histórica
4773,subgenre-theme,novela histórica,novela de costumbres,2000,word,tfidf,2,nh0070,novela de costumbres,novela de costumbres,novela de costumbres,novela de costumbres,novela de costumbres,novela de costumbres,novela de costumbres,novela de costumbres,novela de costumbres,novela de costumbres,novela de costumbres
4774,subgenre-theme,novela histórica,novela de costumbres,2000,word,tfidf,2,nh0071,novela de costumbres,novela de costumbres,novela de costumbres,novela de costumbres,novela de costumbres,novela de costumbres,novela de costumbres,novela de costumbres,novela de costumbres,novela de costumbres,novela de costumbres
4775,subgenre-theme,novela histórica,novela de costumbres,2000,word,tfidf,2,nh0073,novela de costumbres,novela de costumbres,novela de costumbres,novela de costumbres,novela de costumbres,novela de costumbres,novela de costumbres,novela de costumbres,novela de costumbres,novela de costumbres,novela de costumbres
4776,subgenre-theme,novela histórica,novela de costumbres,2000,word,tfidf,2,nh0077,novela de costumbres,novela de costumbres,novela de costumbres,novela de costumbres,novela de costumbres,novela de costumbres,novela de costumbres,novela de costumbres,novela de costumbres,novela de costumbres,novela de costumbres
4777,subgenre-theme,novela histórica,novela de costumbres,2000,word,tfidf,2,nh0078,novela de costumbres,novela de costumbres,novela de costumbres,novela de costumbres,novela de costumbres,novela de costumbres,novela de costumbres,novela de costumbres,novela de costumbres,novela de costumbres,novela de costumbres
4778,subgenre-theme,novela histórica,novela de costumbres,2000,word,tfidf,2,nh0079,novela de costumbres,novela de costumbres,novela de costumbres,novela de costumbres,novela de costumbres,novela de costumbres,novela de costumbres,novela de costumbres,novela de costumbres,novela de costumbres,novela de costumbres
4779,subgenre-theme,novela histórica,novela de costumbres,2000,word,tfidf,2,nh0084,novela histórica,novela histórica,novela histórica,novela histórica,novela histórica,novela histórica,novela histórica,novela histórica,novela histórica,novela histórica,novela histórica
4780,subgenre-theme,novela histórica,novela de costumbres,2000,word,tfidf,2,nh0086,novela histórica,novela histórica,novela histórica,novela histórica,novela de costumbres,novela histórica,novela histórica,novela histórica,novela histórica,novela histórica,novela histórica
4781,subgenre-theme,novela histórica,novela de costumbres,2000,word,tfidf,2,nh0090,novela de costumbres,novela de costumbres,novela de costumbres,novela de costumbres,novela de costumbres,novela de costumbres,novela de costumbres,novela de costumbres,novela de costumbres,novela de costumbres,novela de costumbres
4782,subgenre-theme,novela histórica,novela de costumbres,2000,word,tfidf,2,nh0091,novela histórica,novela histórica,novela histórica,novela histórica,novela histórica,novela histórica,novela histórica,novela histórica,novela histórica,novela histórica,novela histórica
4783,subgenre-theme,novela histórica,novela de costumbres,2000,word,tfidf,2,nh0093,novela de costumbres,novela de costumbres,novela de costumbres,novela de costumbres,novela de costumbres,novela de costumbres,novela de costumbres,novela de costumbres,novela de costumbres,novela de costumbres,novela de costumbres
4784,subgenre-theme,novela histórica,novela de costumbres,2000,word,tfidf,2,nh0094,novela histórica,novela histórica,novela histórica,novela histórica,novela histórica,novela histórica,novela histórica,novela histórica,novela histórica,novela histórica,novela histórica
4785,subgenre-theme,novela histórica,novela de costumbres,2000,word,tfidf,2,nh0097,novela histórica,novela histórica,novela histórica,novela histórica,novela histórica,novela histórica,novela histórica,novela histórica,novela histórica,novela histórica,novela histórica
4786,subgenre-theme,novela histórica,novela de costumbres,2000,word,tfidf,2,nh0101,novela de costumbres,novela de costumbres,novela de costumbres,novela de costumbres,novela de costumbres,novela de costumbres,novela de costumbres,novela de costumbres,novela de costumbres,novela de costumbres,novela de costumbres
4787,subgenre-theme,novela histórica,novela de costumbres,2000,word,tfidf,2,nh0105,novela de costumbres,novela de costumbres,novela de costumbres,novela de costumbres,novela de costumbres,novela de costumbres,novela de costumbres,novela de costumbres,novela de costumbres,novela de costumbres,novela de costumbres
4788,subgenre-theme,novela histórica,novela de costumbres,2000,word,tfidf,2,nh0106,novela histórica,novela histórica,novela histórica,novela histórica,novela histórica,novela histórica,novela histórica,novela histórica,novela histórica,novela histórica,novela histórica
4789,subgenre-theme,novela histórica,novela de costumbres,2000,word,tfidf,2,nh0108,novela histórica,novela histórica,novela histórica,novela histórica,novela histórica,novela de costumbres,novela histórica,novela histórica,novela histórica,novela histórica,novela histórica
4790,subgenre-theme,novela histórica,novela de costumbres,2000,word,tfidf,2,nh0111,novela histórica,novela histórica,novela histórica,novela histórica,novela histórica,novela histórica,novela histórica,novela histórica,novela histórica,novela histórica,novela histórica
4791,subgenre-theme,novela histórica,novela de costumbres,2000,word,tfidf,2,nh0116,novela histórica,novela histórica,novela histórica,novela histórica,novela histórica,novela histórica,novela histórica,novela histórica,novela histórica,novela histórica,novela histórica
4792,subgenre-theme,novela histórica,novela de costumbres,2000,word,tfidf,2,nh0117,novela histórica,novela histórica,novela histórica,novela histórica,novela histórica,novela histórica,novela histórica,novela histórica,novela histórica,novela histórica,novela histórica
4793,subgenre-theme,novela histórica,novela de costumbres,2000,word,tfidf,2,nh0118,novela de costumbres,novela de costumbres,novela de costumbres,novela de costumbres,novela de costumbres,novela de costumbres,novela de costumbres,novela de costumbres,novela de costumbres,novela de costumbres,novela de costumbres
4794,subgenre-theme,novela histórica,novela de costumbres,2000,word,tfidf,2,nh0120,novela de costumbres,novela de costumbres,novela de costumbres,novela de costumbres,novela de costumbres,novela de costumbres,novela de costumbres,novela de costumbres,novela de costumbres,novela de costumbres,novela de costumbres
4795,subgenre-theme,novela histórica,novela de costumbres,2000,word,tfidf,2,nh0122,novela histórica,novela histórica,novela histórica,novela histórica,novela histórica,novela histórica,novela histórica,novela histórica,novela histórica,novela histórica,novela histórica
4796,subgenre-theme,novela histórica,novela de costumbres,2000,word,tfidf,2,nh0125,novela histórica,novela histórica,novela histórica,novela histórica,novela histórica,novela histórica,novela histórica,novela histórica,novela histórica,novela histórica,novela histórica
4797,subgenre-theme,novela histórica,novela de costumbres,2000,word,tfidf,2,nh0129,novela de costumbres,novela de costumbres,novela de costumbres,novela de costumbres,novela de costumbres,novela de costumbres,novela de costumbres,novela de costumbres,novela de costumbres,novela de costumbres,novela de costumbres
4798,subgenre-theme,novela histórica,novela de costumbres,2000,word,tfidf,2,nh0131,novela de costumbres,novela de costumbres,novela de costumbres,novela de costumbres,novela de costumbres,novela de costumbres,novela de costumbres,novela de costumbres,novela de costumbres,novela de costumbres,novela de costumbres
4799,subgenre-theme,novela histórica,novela de costumbres,2000,word,tfidf,2,nh0133,novela de costumbres,novela de costumbres,novela de costumbres,novela de costumbres,novela de costumbres,novela de costumbres,novela de costumbres,novela de costumbres,novela de costumbres,novela de costumbres,novela de costumbres
4800,subgenre-theme,novela histórica,novela de costumbres,2000,word,tfidf,2,nh0135,novela de costumbres,novela de costumbres,novela de costumbres,novela de costumbres,novela de costumbres,novela de costumbres,novela de costumbres,novela de costumbres,novela de costumbres,novela de costumbres,novela de costumbres
4801,subgenre-theme,novela histórica,novela de costumbres,2000,word,tfidf,2,nh0137,novela de costumbres,novela de costumbres,novela de costumbres,novela de costumbres,novela de costumbres,novela de costumbres,novela de costumbres,novela de costumbres,novela de costumbres,novela de costumbres,novela de costumbres
4802,subgenre-theme,novela histórica,novela de costumbres,2000,word,tfidf,2,nh0138,novela de costumbres,novela de costumbres,novela de costumbres,novela de costumbres,novela de costumbres,novela de costumbres,novela de costumbres,novela de costumbres,novela de costumbres,novela de costumbres,novela de costumbres
4803,subgenre-theme,novela histórica,novela de costumbres,2000,word,tfidf,2,nh0139,novela histórica,novela histórica,novela histórica,novela histórica,novela histórica,novela histórica,novela histórica,novela histórica,novela histórica,novela histórica,novela histórica
4804,subgenre-theme,novela histórica,novela de costumbres,2000,word,tfidf,2,nh0141,novela de costumbres,novela de costumbres,novela de costumbres,novela de costumbres,novela de costumbres,novela de costumbres,novela de costumbres,novela de costumbres,novela de costumbres,novela de costumbres,novela de costumbres
4805,subgenre-theme,novela histórica,novela de costumbres,2000,word,tfidf,2,nh0142,novela histórica,novela histórica,novela histórica,novela histórica,novela histórica,novela histórica,novela histórica,novela histórica,novela histórica,novela histórica,novela histórica
4806,subgenre-theme,novela histórica,novela de costumbres,2000,word,tfidf,2,nh0144,novela de costumbres,novela de costumbres,novela de costumbres,novela de costumbres,novela de costumbres,novela de costumbres,novela de costumbres,novela de costumbres,novela de costumbres,novela de costumbres,novela de costumbres
4807,subgenre-theme,novela histórica,novela de costumbres,2000,word,tfidf,2,nh0147,novela de costumbres,novela de costumbres,novela de costumbres,novela de costumbres,novela de costumbres,novela de costumbres,novela de costumbres,novela de costumbres,novela de costumbres,novela de costumbres,novela de costumbres
4808,subgenre-theme,novela histórica,novela de costumbres,2000,word,tfidf,2,nh0149,novela histórica,novela histórica,novela histórica,novela histórica,novela histórica,novela histórica,novela histórica,novela histórica,novela histórica,novela histórica,novela histórica
4809,subgenre-theme,novela histórica,novela de costumbres,2000,word,tfidf,2,nh0150,novela histórica,novela histórica,novela histórica,novela histórica,novela histórica,novela histórica,novela histórica,novela de costumbres,novela histórica,novela histórica,novela histórica
4810,subgenre-theme,novela histórica,novela de costumbres,2000,word,tfidf,2,nh0152,novela histórica,novela histórica,novela histórica,novela histórica,novela histórica,novela histórica,novela histórica,novela histórica,novela histórica,novela histórica,novela histórica
4811,subgenre-theme,novela histórica,novela de costumbres,2000,word,tfidf,2,nh0159,novela histórica,novela histórica,novela histórica,novela histórica,novela histórica,novela histórica,novela histórica,novela histórica,novela histórica,novela histórica,novela histórica
4812,subgenre-theme,novela histórica,novela de costumbres,2000,word,tfidf,2,nh0161,novela histórica,novela histórica,novela histórica,novela histórica,novela histórica,novela histórica,novela histórica,novela histórica,novela histórica,novela histórica,novela histórica
4813,subgenre-theme,novela histórica,novela de costumbres,2000,word,tfidf,2,nh0164,novela de costumbres,novela de costumbres,novela de costumbres,novela de costumbres,novela de costumbres,novela de costumbres,novela de costumbres,novela de costumbres,novela de costumbres,novela de costumbres,novela de costumbres
4814,subgenre-theme,novela histórica,novela de costumbres,2000,word,tfidf,2,nh0166,novela histórica,novela histórica,novela histórica,novela histórica,novela histórica,novela histórica,novela histórica,novela histórica,novela histórica,novela histórica,novela histórica
4815,subgenre-theme,novela histórica,novela de costumbres,2000,word,tfidf,2,nh0168,novela histórica,novela histórica,novela histórica,novela histórica,novela histórica,novela histórica,novela histórica,novela histórica,novela histórica,novela histórica,novela histórica
4816,subgenre-theme,novela histórica,novela de costumbres,2000,word,tfidf,2,nh0169,novela histórica,novela histórica,novela histórica,novela histórica,novela histórica,novela histórica,novela histórica,novela histórica,novela de costumbres,novela histórica,novela histórica
4817,subgenre-theme,novela histórica,novela de costumbres,2000,word,tfidf,2,nh0172,novela de costumbres,novela de costumbres,novela de costumbres,novela de costumbres,novela de costumbres,novela de costumbres,novela de costumbres,novela de costumbres,novela de costumbres,novela de costumbres,novela de costumbres
4818,subgenre-theme,novela histórica,novela de costumbres,2000,word,tfidf,2,nh0176,novela histórica,novela histórica,novela histórica,novela histórica,novela histórica,novela histórica,novela histórica,novela histórica,novela histórica,novela histórica,novela histórica
4819,subgenre-theme,novela histórica,novela de costumbres,2000,word,tfidf,2,nh0179,novela de costumbres,novela de costumbres,novela de costumbres,novela de costumbres,novela de costumbres,novela de costumbres,novela de costumbres,novela de costumbres,novela de costumbres,novela de costumbres,novela de costumbres
4820,subgenre-theme,novela histórica,novela de costumbres,2000,word,tfidf,2,nh0181,novela histórica,novela histórica,novela histórica,novela histórica,novela histórica,novela histórica,novela histórica,novela histórica,novela histórica,novela histórica,novela histórica
4821,subgenre-theme,novela histórica,novela de costumbres,2000,word,tfidf,2,nh0182,novela histórica,novela histórica,novela histórica,novela histórica,novela histórica,novela histórica,novela histórica,novela histórica,novela histórica,novela histórica,novela histórica
4822,subgenre-theme,novela histórica,novela de costumbres,2000,word,tfidf,2,nh0184,novela histórica,novela histórica,novela histórica,novela histórica,novela histórica,novela histórica,novela histórica,novela histórica,novela histórica,novela histórica,novela histórica
4823,subgenre-theme,novela histórica,novela de costumbres,2000,word,tfidf,2,nh0196,novela histórica,novela histórica,novela histórica,novela histórica,novela histórica,novela histórica,novela histórica,novela histórica,novela histórica,novela histórica,novela histórica
4824,subgenre-theme,novela histórica,novela de costumbres,2000,word,tfidf,2,nh0197,novela de costumbres,novela de costumbres,novela de costumbres,novela de costumbres,novela de costumbres,novela de costumbres,novela de costumbres,novela de costumbres,novela de costumbres,novela de costumbres,novela de costumbres
4825,subgenre-theme,novela histórica,novela de costumbres,2000,word,tfidf,2,nh0199,novela de costumbres,novela de costumbres,novela de costumbres,novela de costumbres,novela de costumbres,novela de costumbres,novela de costumbres,novela de costumbres,novela de costumbres,novela de costumbres,novela de costumbres
4826,subgenre-theme,novela histórica,novela de costumbres,2000,word,tfidf,2,nh0208,novela histórica,novela histórica,novela histórica,novela histórica,novela histórica,novela histórica,novela histórica,novela histórica,novela histórica,novela histórica,novela histórica
4827,subgenre-theme,novela histórica,novela de costumbres,2000,word,tfidf,2,nh0210,novela histórica,novela histórica,novela histórica,novela histórica,novela histórica,novela histórica,novela histórica,novela histórica,novela histórica,novela de costumbres,novela histórica
4828,subgenre-theme,novela histórica,novela de costumbres,2000,word,tfidf,2,nh0213,novela de costumbres,novela de costumbres,novela de costumbres,novela de costumbres,novela de costumbres,novela de costumbres,novela de costumbres,novela de costumbres,novela de costumbres,novela de costumbres,novela de costumbres
4829,subgenre-theme,novela histórica,novela de costumbres,2000,word,tfidf,2,nh0214,novela de costumbres,novela de costumbres,novela de costumbres,novela de costumbres,novela de costumbres,novela de costumbres,novela de costumbres,novela de costumbres,novela de costumbres,novela de costumbres,novela de costumbres
4830,subgenre-theme,novela histórica,novela de costumbres,2000,word,tfidf,2,nh0217,novela de costumbres,novela de costumbres,novela de costumbres,novela de costumbres,novela de costumbres,novela de costumbres,novela de costumbres,novela de costumbres,novela de costumbres,novela de costumbres,novela de costumbres
4831,subgenre-theme,novela histórica,novela de costumbres,2000,word,tfidf,2,nh0220,novela de costumbres,novela de costumbres,novela de costumbres,novela de costumbres,novela de costumbres,novela de costumbres,novela de costumbres,novela de costumbres,novela de costumbres,novela de costumbres,novela de costumbres
4832,subgenre-theme,novela histórica,novela de costumbres,2000,word,tfidf,2,nh0222,novela histórica,novela histórica,novela histórica,novela histórica,novela histórica,novela histórica,novela histórica,novela histórica,novela histórica,novela histórica,novela histórica
4833,subgenre-theme,novela histórica,novela de costumbres,2000,word,tfidf,2,nh0227,novela histórica,novela histórica,novela histórica,novela histórica,novela histórica,novela histórica,novela histórica,novela histórica,novela histórica,novela histórica,novela histórica
4834,subgenre-theme,novela histórica,novela de costumbres,2000,word,tfidf,2,nh0238,novela de costumbres,novela de costumbres,novela de costumbres,novela de costumbres,novela de costumbres,novela de costumbres,novela de costumbres,novela de costumbres,novela de costumbres,novela de costumbres,novela histórica
4835,subgenre-theme,novela histórica,novela de costumbres,2000,word,tfidf,2,nh0242,novela de costumbres,novela de costumbres,novela de costumbres,novela de costumbres,novela de costumbres,novela de costumbres,novela de costumbres,novela de costumbres,novela de costumbres,novela de costumbres,novela de costumbres
4836,subgenre-theme,novela histórica,novela de costumbres,2000,word,tfidf,2,nh0243,novela histórica,novela histórica,novela histórica,novela histórica,novela histórica,novela histórica,novela histórica,novela histórica,novela histórica,novela histórica,novela histórica
4837,subgenre-theme,novela histórica,novela de costumbres,2000,word,tfidf,2,nh0246,novela de costumbres,novela de costumbres,novela de costumbres,novela de costumbres,novela de costumbres,novela de costumbres,novela de costumbres,novela de costumbres,novela de costumbres,novela de costumbres,novela de costumbres
4838,subgenre-theme,novela histórica,novela de costumbres,2000,word,tfidf,2,nh0248,novela histórica,novela histórica,novela histórica,novela histórica,novela histórica,novela histórica,novela histórica,novela histórica,novela histórica,novela histórica,novela de costumbres
4839,subgenre-theme,novela histórica,novela de costumbres,2000,word,tfidf,2,nh0249,novela histórica,novela histórica,novela histórica,novela histórica,novela histórica,novela histórica,novela histórica,novela histórica,novela histórica,novela histórica,novela histórica
4840,subgenre-theme,novela histórica,novela de costumbres,2000,word,tfidf,3,nh0001,novela de costumbres,novela de costumbres,novela de costumbres,novela de costumbres,novela de costumbres,novela de costumbres,novela de costumbres,novela de costumbres,novela de costumbres,novela de costumbres,novela de costumbres
4841,subgenre-theme,novela histórica,novela de costumbres,2000,word,tfidf,3,nh0004,novela histórica,novela histórica,novela histórica,novela histórica,novela histórica,novela histórica,novela histórica,novela histórica,novela histórica,novela histórica,novela histórica
4842,subgenre-theme,novela histórica,novela de costumbres,2000,word,tfidf,3,nh0005,novela de costumbres,novela de costumbres,novela de costumbres,novela de costumbres,novela de costumbres,novela de costumbres,novela de costumbres,novela de costumbres,novela de costumbres,novela de costumbres,novela de costumbres
4843,subgenre-theme,novela histórica,novela de costumbres,2000,word,tfidf,3,nh0007,novela histórica,novela histórica,novela histórica,novela histórica,novela histórica,novela histórica,novela histórica,novela histórica,novela histórica,novela histórica,novela histórica
4844,subgenre-theme,novela histórica,novela de costumbres,2000,word,tfidf,3,nh0008,novela de costumbres,novela de costumbres,novela de costumbres,novela de costumbres,novela de costumbres,novela de costumbres,novela de costumbres,novela de costumbres,novela de costumbres,novela de costumbres,novela de costumbres
4845,subgenre-theme,novela histórica,novela de costumbres,2000,word,tfidf,3,nh0009,novela histórica,novela histórica,novela histórica,novela histórica,novela histórica,novela histórica,novela histórica,novela histórica,novela histórica,novela histórica,novela histórica
4846,subgenre-theme,novela histórica,novela de costumbres,2000,word,tfidf,3,nh0010,novela de costumbres,novela de costumbres,novela de costumbres,novela de costumbres,novela de costumbres,novela de costumbres,novela de costumbres,novela de costumbres,novela de costumbres,novela de costumbres,novela de costumbres
4847,subgenre-theme,novela histórica,novela de costumbres,2000,word,tfidf,3,nh0015,novela histórica,novela histórica,novela histórica,novela histórica,novela histórica,novela histórica,novela histórica,novela histórica,novela histórica,novela histórica,novela histórica
4848,subgenre-theme,novela histórica,novela de costumbres,2000,word,tfidf,3,nh0017,novela histórica,novela histórica,novela histórica,novela histórica,novela histórica,novela histórica,novela histórica,novela histórica,novela histórica,novela histórica,novela histórica
4849,subgenre-theme,novela histórica,novela de costumbres,2000,word,tfidf,3,nh0022,novela histórica,novela histórica,novela histórica,novela histórica,novela histórica,novela histórica,novela histórica,novela histórica,novela histórica,novela histórica,novela histórica
4850,subgenre-theme,novela histórica,novela de costumbres,2000,word,tfidf,3,nh0026,novela histórica,novela histórica,novela histórica,novela histórica,novela histórica,novela histórica,novela histórica,novela histórica,novela histórica,novela histórica,novela histórica
4851,subgenre-theme,novela histórica,novela de costumbres,2000,word,tfidf,3,nh0027,novela de costumbres,novela de costumbres,novela de costumbres,novela de costumbres,novela de costumbres,novela de costumbres,novela de costumbres,novela de costumbres,novela de costumbres,novela de costumbres,novela de costumbres
4852,subgenre-theme,novela histórica,novela de costumbres,2000,word,tfidf,3,nh0035,novela histórica,novela histórica,novela histórica,novela histórica,novela histórica,novela histórica,novela histórica,novela histórica,novela histórica,novela histórica,novela histórica
4853,subgenre-theme,novela histórica,novela de costumbres,2000,word,tfidf,3,nh0036,novela de costumbres,novela de costumbres,novela de costumbres,novela de costumbres,novela de costumbres,novela de costumbres,novela de costumbres,novela de costumbres,novela de costumbres,novela de costumbres,novela de costumbres
4854,subgenre-theme,novela histórica,novela de costumbres,2000,word,tfidf,3,nh0037,novela histórica,novela histórica,novela histórica,novela histórica,novela histórica,novela histórica,novela histórica,novela histórica,novela histórica,novela histórica,novela histórica
4855,subgenre-theme,novela histórica,novela de costumbres,2000,word,tfidf,3,nh0039,novela de costumbres,novela de costumbres,novela de costumbres,novela de costumbres,novela de costumbres,novela de costumbres,novela de costumbres,novela de costumbres,novela de costumbres,novela de costumbres,novela de costumbres
4856,subgenre-theme,novela histórica,novela de costumbres,2000,word,tfidf,3,nh0041,novela histórica,novela histórica,novela histórica,novela histórica,novela histórica,novela histórica,novela histórica,novela histórica,novela histórica,novela histórica,novela histórica
4857,subgenre-theme,novela histórica,novela de costumbres,2000,word,tfidf,3,nh0042,novela de costumbres,novela de costumbres,novela de costumbres,novela de costumbres,novela de costumbres,novela de costumbres,novela de costumbres,novela de costumbres,novela de costumbres,novela de costumbres,novela de costumbres
4858,subgenre-theme,novela histórica,novela de costumbres,2000,word,tfidf,3,nh0048,novela de costumbres,novela de costumbres,novela de costumbres,novela de costumbres,novela de costumbres,novela de costumbres,novela de costumbres,novela de costumbres,novela de costumbres,novela de costumbres,novela de costumbres
4859,subgenre-theme,novela histórica,novela de costumbres,2000,word,tfidf,3,nh0049,novela histórica,novela histórica,novela histórica,novela histórica,novela histórica,novela histórica,novela histórica,novela histórica,novela histórica,novela histórica,novela histórica
4860,subgenre-theme,novela histórica,novela de costumbres,2000,word,tfidf,3,nh0050,novela de costumbres,novela de costumbres,novela de costumbres,novela de costumbres,novela de costumbres,novela de costumbres,novela de costumbres,novela de costumbres,novela de costumbres,novela de costumbres,novela de costumbres
4861,subgenre-theme,novela histórica,novela de costumbres,2000,word,tfidf,3,nh0051,novela de costumbres,novela de costumbres,novela de costumbres,novela de costumbres,novela de costumbres,novela de costumbres,novela de costumbres,novela de costumbres,novela de costumbres,novela de costumbres,novela de costumbres
4862,subgenre-theme,novela histórica,novela de costumbres,2000,word,tfidf,3,nh0054,novela histórica,novela histórica,novela histórica,novela histórica,novela histórica,novela histórica,novela histórica,novela histórica,novela histórica,novela histórica,novela histórica
4863,subgenre-theme,novela histórica,novela de costumbres,2000,word,tfidf,3,nh0055,novela histórica,novela histórica,novela histórica,novela histórica,novela histórica,novela histórica,novela histórica,novela histórica,novela histórica,novela histórica,novela histórica
4864,subgenre-theme,novela histórica,novela de costumbres,2000,word,tfidf,3,nh0056,novela histórica,novela histórica,novela histórica,novela histórica,novela histórica,novela histórica,novela histórica,novela histórica,novela histórica,novela histórica,novela histórica
4865,subgenre-theme,novela histórica,novela de costumbres,2000,word,tfidf,3,nh0057,novela de costumbres,novela de costumbres,novela de costumbres,novela de costumbres,novela de costumbres,novela de costumbres,novela de costumbres,novela de costumbres,novela de costumbres,novela de costumbres,novela de costumbres
4866,subgenre-theme,novela histórica,novela de costumbres,2000,word,tfidf,3,nh0061,novela de costumbres,novela de costumbres,novela de costumbres,novela histórica,novela de costumbres,novela de costumbres,novela de costumbres,novela de costumbres,novela de costumbres,novela de costumbres,novela de costumbres
4867,subgenre-theme,novela histórica,novela de costumbres,2000,word,tfidf,3,nh0062,novela de costumbres,novela de costumbres,novela de costumbres,novela de costumbres,novela de costumbres,novela de costumbres,novela de costumbres,novela de costumbres,novela de costumbres,novela de costumbres,novela de costumbres
4868,subgenre-theme,novela histórica,novela de costumbres,2000,word,tfidf,3,nh0063,novela de costumbres,novela de costumbres,novela de costumbres,novela de costumbres,novela de costumbres,novela de costumbres,novela de costumbres,novela de costumbres,novela de costumbres,novela de costumbres,novela de costumbres
4869,subgenre-theme,novela histórica,novela de costumbres,2000,word,tfidf,3,nh0064,novela histórica,novela histórica,novela histórica,novela histórica,novela histórica,novela histórica,novela histórica,novela histórica,novela histórica,novela histórica,novela histórica
4870,subgenre-theme,novela histórica,novela de costumbres,2000,word,tfidf,3,nh0065,novela de costumbres,novela de costumbres,novela de costumbres,novela de costumbres,novela de costumbres,novela de costumbres,novela de costumbres,novela de costumbres,novela de costumbres,novela de costumbres,novela de costumbres
4871,subgenre-theme,novela histórica,novela de costumbres,2000,word,tfidf,3,nh0066,novela de costumbres,novela de costumbres,novela de costumbres,novela de costumbres,novela de costumbres,novela de costumbres,novela de costumbres,novela de costumbres,novela de costumbres,novela de costumbres,novela de costumbres
4872,subgenre-theme,novela histórica,novela de costumbres,2000,word,tfidf,3,nh0069,novela histórica,novela histórica,novela histórica,novela histórica,novela histórica,novela histórica,novela histórica,novela histórica,novela histórica,novela histórica,novela histórica
4873,subgenre-theme,novela histórica,novela de costumbres,2000,word,tfidf,3,nh0070,novela de costumbres,novela de costumbres,novela de costumbres,novela de costumbres,novela de costumbres,novela de costumbres,novela de costumbres,novela de costumbres,novela de costumbres,novela de costumbres,novela de costumbres
4874,subgenre-theme,novela histórica,novela de costumbres,2000,word,tfidf,3,nh0071,novela de costumbres,novela de costumbres,novela de costumbres,novela de costumbres,novela de costumbres,novela de costumbres,novela de costumbres,novela de costumbres,novela de costumbres,novela de costumbres,novela de costumbres
4875,subgenre-theme,novela histórica,novela de costumbres,2000,word,tfidf,3,nh0073,novela de costumbres,novela de costumbres,novela de costumbres,novela de costumbres,novela de costumbres,novela de costumbres,novela de costumbres,novela de costumbres,novela de costumbres,novela de costumbres,novela de costumbres
4876,subgenre-theme,novela histórica,novela de costumbres,2000,word,tfidf,3,nh0077,novela de costumbres,novela de costumbres,novela de costumbres,novela de costumbres,novela de costumbres,novela de costumbres,novela de costumbres,novela de costumbres,novela de costumbres,novela de costumbres,novela de costumbres
4877,subgenre-theme,novela histórica,novela de costumbres,2000,word,tfidf,3,nh0078,novela de costumbres,novela de costumbres,novela de costumbres,novela de costumbres,novela de costumbres,novela de costumbres,novela de costumbres,novela de costumbres,novela de costumbres,novela de costumbres,novela de costumbres
4878,subgenre-theme,novela histórica,novela de costumbres,2000,word,tfidf,3,nh0079,novela de costumbres,novela de costumbres,novela de costumbres,novela de costumbres,novela de costumbres,novela de costumbres,novela de costumbres,novela de costumbres,novela de costumbres,novela de costumbres,novela de costumbres
4879,subgenre-theme,novela histórica,novela de costumbres,2000,word,tfidf,3,nh0081,novela histórica,novela histórica,novela histórica,novela histórica,novela histórica,novela histórica,novela histórica,novela histórica,novela histórica,novela histórica,novela histórica
4880,subgenre-theme,novela histórica,novela de costumbres,2000,word,tfidf,3,nh0086,novela histórica,novela histórica,novela histórica,novela histórica,novela de costumbres,novela histórica,novela histórica,novela histórica,novela histórica,novela histórica,novela histórica
4881,subgenre-theme,novela histórica,novela de costumbres,2000,word,tfidf,3,nh0090,novela de costumbres,novela de costumbres,novela de costumbres,novela de costumbres,novela de costumbres,novela de costumbres,novela de costumbres,novela de costumbres,novela de costumbres,novela de costumbres,novela de costumbres
4882,subgenre-theme,novela histórica,novela de costumbres,2000,word,tfidf,3,nh0091,novela histórica,novela histórica,novela histórica,novela histórica,novela de costumbres,novela histórica,novela histórica,novela histórica,novela histórica,novela histórica,novela histórica
4883,subgenre-theme,novela histórica,novela de costumbres,2000,word,tfidf,3,nh0093,novela de costumbres,novela de costumbres,novela de costumbres,novela de costumbres,novela de costumbres,novela de costumbres,novela de costumbres,novela de costumbres,novela de costumbres,novela de costumbres,novela de costumbres
4884,subgenre-theme,novela histórica,novela de costumbres,2000,word,tfidf,3,nh0097,novela histórica,novela histórica,novela histórica,novela histórica,novela histórica,novela histórica,novela histórica,novela histórica,novela histórica,novela histórica,novela histórica
4885,subgenre-theme,novela histórica,novela de costumbres,2000,word,tfidf,3,nh0100,novela histórica,novela histórica,novela histórica,novela histórica,novela histórica,novela de costumbres,novela histórica,novela histórica,novela histórica,novela histórica,novela histórica
4886,subgenre-theme,novela histórica,novela de costumbres,2000,word,tfidf,3,nh0101,novela de costumbres,novela de costumbres,novela de costumbres,novela de costumbres,novela de costumbres,novela de costumbres,novela de costumbres,novela de costumbres,novela de costumbres,novela de costumbres,novela de costumbres
4887,subgenre-theme,novela histórica,novela de costumbres,2000,word,tfidf,3,nh0103,novela histórica,novela histórica,novela histórica,novela histórica,novela histórica,novela de costumbres,novela histórica,novela histórica,novela histórica,novela histórica,novela histórica
4888,subgenre-theme,novela histórica,novela de costumbres,2000,word,tfidf,3,nh0105,novela de costumbres,novela de costumbres,novela de costumbres,novela de costumbres,novela de costumbres,novela de costumbres,novela de costumbres,novela de costumbres,novela de costumbres,novela de costumbres,novela de costumbres
4889,subgenre-theme,novela histórica,novela de costumbres,2000,word,tfidf,3,nh0106,novela histórica,novela histórica,novela histórica,novela histórica,novela histórica,novela histórica,novela histórica,novela histórica,novela histórica,novela histórica,novela histórica
4890,subgenre-theme,novela histórica,novela de costumbres,2000,word,tfidf,3,nh0107,novela histórica,novela histórica,novela histórica,novela histórica,novela histórica,novela histórica,novela histórica,novela histórica,novela histórica,novela histórica,novela histórica
4891,subgenre-theme,novela histórica,novela de costumbres,2000,word,tfidf,3,nh0108,novela histórica,novela histórica,novela histórica,novela histórica,novela histórica,novela de costumbres,novela histórica,novela histórica,novela histórica,novela histórica,novela histórica
4892,subgenre-theme,novela histórica,novela de costumbres,2000,word,tfidf,3,nh0111,novela histórica,novela histórica,novela histórica,novela histórica,novela histórica,novela histórica,novela histórica,novela histórica,novela histórica,novela histórica,novela histórica
4893,subgenre-theme,novela histórica,novela de costumbres,2000,word,tfidf,3,nh0115,novela histórica,novela histórica,novela histórica,novela histórica,novela histórica,novela histórica,novela histórica,novela histórica,novela histórica,novela histórica,novela histórica
4894,subgenre-theme,novela histórica,novela de costumbres,2000,word,tfidf,3,nh0117,novela histórica,novela histórica,novela histórica,novela histórica,novela histórica,novela histórica,novela histórica,novela histórica,novela histórica,novela histórica,novela histórica
4895,subgenre-theme,novela histórica,novela de costumbres,2000,word,tfidf,3,nh0118,novela de costumbres,novela de costumbres,novela de costumbres,novela de costumbres,novela de costumbres,novela de costumbres,novela de costumbres,novela de costumbres,novela de costumbres,novela de costumbres,novela de costumbres
4896,subgenre-theme,novela histórica,novela de costumbres,2000,word,tfidf,3,nh0120,novela de costumbres,novela de costumbres,novela de costumbres,novela de costumbres,novela de costumbres,novela de costumbres,novela de costumbres,novela de costumbres,novela de costumbres,novela de costumbres,novela de costumbres
4897,subgenre-theme,novela histórica,novela de costumbres,2000,word,tfidf,3,nh0129,novela de costumbres,novela de costumbres,novela de costumbres,novela de costumbres,novela de costumbres,novela de costumbres,novela de costumbres,novela de costumbres,novela de costumbres,novela de costumbres,novela de costumbres
4898,subgenre-theme,novela histórica,novela de costumbres,2000,word,tfidf,3,nh0131,novela de costumbres,novela de costumbres,novela de costumbres,novela de costumbres,novela de costumbres,novela de costumbres,novela de costumbres,novela de costumbres,novela de costumbres,novela de costumbres,novela de costumbres
4899,subgenre-theme,novela histórica,novela de costumbres,2000,word,tfidf,3,nh0133,novela de costumbres,novela de costumbres,novela de costumbres,novela de costumbres,novela de costumbres,novela de costumbres,novela de costumbres,novela de costumbres,novela de costumbres,novela de costumbres,novela de costumbres
4900,subgenre-theme,novela histórica,novela de costumbres,2000,word,tfidf,3,nh0135,novela de costumbres,novela de costumbres,novela de costumbres,novela de costumbres,novela de costumbres,novela de costumbres,novela de costumbres,novela de costumbres,novela de costumbres,novela de costumbres,novela de costumbres
4901,subgenre-theme,novela histórica,novela de costumbres,2000,word,tfidf,3,nh0137,novela de costumbres,novela de costumbres,novela de costumbres,novela de costumbres,novela de costumbres,novela de costumbres,novela de costumbres,novela de costumbres,novela de costumbres,novela de costumbres,novela de costumbres
4902,subgenre-theme,novela histórica,novela de costumbres,2000,word,tfidf,3,nh0138,novela de costumbres,novela de costumbres,novela de costumbres,novela de costumbres,novela de costumbres,novela de costumbres,novela de costumbres,novela de costumbres,novela de costumbres,novela de costumbres,novela de costumbres
4903,subgenre-theme,novela histórica,novela de costumbres,2000,word,tfidf,3,nh0139,novela histórica,novela histórica,novela histórica,novela histórica,novela histórica,novela histórica,novela de costumbres,novela histórica,novela histórica,novela histórica,novela histórica
4904,subgenre-theme,novela histórica,novela de costumbres,2000,word,tfidf,3,nh0141,novela de costumbres,novela de costumbres,novela de costumbres,novela de costumbres,novela de costumbres,novela de costumbres,novela de costumbres,novela de costumbres,novela de costumbres,novela de costumbres,novela de costumbres
4905,subgenre-theme,novela histórica,novela de costumbres,2000,word,tfidf,3,nh0144,novela de costumbres,novela de costumbres,novela de costumbres,novela de costumbres,novela de costumbres,novela de costumbres,novela de costumbres,novela de costumbres,novela de costumbres,novela de costumbres,novela de costumbres
4906,subgenre-theme,novela histórica,novela de costumbres,2000,word,tfidf,3,nh0147,novela de costumbres,novela de costumbres,novela de costumbres,novela de costumbres,novela de costumbres,novela de costumbres,novela de costumbres,novela de costumbres,novela de costumbres,novela de costumbres,novela de costumbres
4907,subgenre-theme,novela histórica,novela de costumbres,2000,word,tfidf,3,nh0149,novela histórica,novela histórica,novela histórica,novela histórica,novela histórica,novela histórica,novela histórica,novela histórica,novela histórica,novela histórica,novela histórica
4908,subgenre-theme,novela histórica,novela de costumbres,2000,word,tfidf,3,nh0150,novela histórica,novela histórica,novela histórica,novela histórica,novela histórica,novela histórica,novela histórica,novela de costumbres,novela histórica,novela histórica,novela histórica
4909,subgenre-theme,novela histórica,novela de costumbres,2000,word,tfidf,3,nh0152,novela histórica,novela histórica,novela histórica,novela histórica,novela histórica,novela histórica,novela histórica,novela histórica,novela histórica,novela histórica,novela histórica
4910,subgenre-theme,novela histórica,novela de costumbres,2000,word,tfidf,3,nh0160,novela histórica,novela histórica,novela histórica,novela histórica,novela histórica,novela histórica,novela histórica,novela histórica,novela histórica,novela histórica,novela histórica
4911,subgenre-theme,novela histórica,novela de costumbres,2000,word,tfidf,3,nh0161,novela histórica,novela histórica,novela histórica,novela histórica,novela histórica,novela histórica,novela histórica,novela histórica,novela histórica,novela histórica,novela histórica
4912,subgenre-theme,novela histórica,novela de costumbres,2000,word,tfidf,3,nh0164,novela de costumbres,novela de costumbres,novela de costumbres,novela de costumbres,novela de costumbres,novela de costumbres,novela de costumbres,novela de costumbres,novela de costumbres,novela de costumbres,novela de costumbres
4913,subgenre-theme,novela histórica,novela de costumbres,2000,word,tfidf,3,nh0165,novela histórica,novela histórica,novela histórica,novela histórica,novela histórica,novela histórica,novela histórica,novela histórica,novela histórica,novela histórica,novela histórica
4914,subgenre-theme,novela histórica,novela de costumbres,2000,word,tfidf,3,nh0168,novela histórica,novela histórica,novela histórica,novela histórica,novela histórica,novela histórica,novela histórica,novela histórica,novela histórica,novela histórica,novela histórica
4915,subgenre-theme,novela histórica,novela de costumbres,2000,word,tfidf,3,nh0169,novela histórica,novela histórica,novela histórica,novela histórica,novela histórica,novela histórica,novela histórica,novela histórica,novela de costumbres,novela histórica,novela histórica
4916,subgenre-theme,novela histórica,novela de costumbres,2000,word,tfidf,3,nh0172,novela de costumbres,novela de costumbres,novela de costumbres,novela de costumbres,novela de costumbres,novela de costumbres,novela de costumbres,novela de costumbres,novela histórica,novela de costumbres,novela de costumbres
4917,subgenre-theme,novela histórica,novela de costumbres,2000,word,tfidf,3,nh0176,novela histórica,novela histórica,novela histórica,novela histórica,novela histórica,novela histórica,novela histórica,novela histórica,novela histórica,novela histórica,novela histórica
4918,subgenre-theme,novela histórica,novela de costumbres,2000,word,tfidf,3,nh0179,novela de costumbres,novela de costumbres,novela de costumbres,novela de costumbres,novela de costumbres,novela de costumbres,novela de costumbres,novela de costumbres,novela de costumbres,novela de costumbres,novela de costumbres
4919,subgenre-theme,novela histórica,novela de costumbres,2000,word,tfidf,3,nh0180,novela histórica,novela histórica,novela histórica,novela histórica,novela histórica,novela histórica,novela histórica,novela histórica,novela histórica,novela histórica,novela histórica
4920,subgenre-theme,novela histórica,novela de costumbres,2000,word,tfidf,3,nh0181,novela histórica,novela histórica,novela histórica,novela histórica,novela histórica,novela histórica,novela histórica,novela histórica,novela histórica,novela histórica,novela histórica
4921,subgenre-theme,novela histórica,novela de costumbres,2000,word,tfidf,3,nh0196,novela histórica,novela histórica,novela histórica,novela histórica,novela histórica,novela histórica,novela histórica,novela histórica,novela histórica,novela histórica,novela histórica
4922,subgenre-theme,novela histórica,novela de costumbres,2000,word,tfidf,3,nh0197,novela de costumbres,novela de costumbres,novela de costumbres,novela de costumbres,novela de costumbres,novela de costumbres,novela de costumbres,novela de costumbres,novela de costumbres,novela de costumbres,novela de costumbres
4923,subgenre-theme,novela histórica,novela de costumbres,2000,word,tfidf,3,nh0199,novela de costumbres,novela de costumbres,novela de costumbres,novela de costumbres,novela de costumbres,novela de costumbres,novela de costumbres,novela de costumbres,novela de costumbres,novela de costumbres,novela de costumbres
4924,subgenre-theme,novela histórica,novela de costumbres,2000,word,tfidf,3,nh0203,novela histórica,novela histórica,novela histórica,novela histórica,novela histórica,novela histórica,novela histórica,novela histórica,novela histórica,novela histórica,novela histórica
4925,subgenre-theme,novela histórica,novela de costumbres,2000,word,tfidf,3,nh0208,novela histórica,novela histórica,novela histórica,novela histórica,novela histórica,novela histórica,novela histórica,novela histórica,novela histórica,novela histórica,novela histórica
4926,subgenre-theme,novela histórica,novela de costumbres,2000,word,tfidf,3,nh0210,novela histórica,novela histórica,novela histórica,novela histórica,novela histórica,novela histórica,novela histórica,novela histórica,novela histórica,novela de costumbres,novela histórica
4927,subgenre-theme,novela histórica,novela de costumbres,2000,word,tfidf,3,nh0213,novela de costumbres,novela de costumbres,novela de costumbres,novela de costumbres,novela de costumbres,novela de costumbres,novela de costumbres,novela de costumbres,novela de costumbres,novela de costumbres,novela de costumbres
4928,subgenre-theme,novela histórica,novela de costumbres,2000,word,tfidf,3,nh0214,novela de costumbres,novela de costumbres,novela de costumbres,novela de costumbres,novela de costumbres,novela de costumbres,novela de costumbres,novela de costumbres,novela de costumbres,novela de costumbres,novela de costumbres
4929,subgenre-theme,novela histórica,novela de costumbres,2000,word,tfidf,3,nh0217,novela de costumbres,novela de costumbres,novela de costumbres,novela de costumbres,novela de costumbres,novela de costumbres,novela de costumbres,novela de costumbres,novela de costumbres,novela de costumbres,novela de costumbres
4930,subgenre-theme,novela histórica,novela de costumbres,2000,word,tfidf,3,nh0220,novela de costumbres,novela de costumbres,novela de costumbres,novela de costumbres,novela de costumbres,novela de costumbres,novela de costumbres,novela de costumbres,novela de costumbres,novela de costumbres,novela de costumbres
4931,subgenre-theme,novela histórica,novela de costumbres,2000,word,tfidf,3,nh0222,novela histórica,novela histórica,novela histórica,novela histórica,novela histórica,novela histórica,novela histórica,novela histórica,novela histórica,novela histórica,novela histórica
4932,subgenre-theme,novela histórica,novela de costumbres,2000,word,tfidf,3,nh0227,novela histórica,novela histórica,novela histórica,novela histórica,novela histórica,novela histórica,novela histórica,novela histórica,novela histórica,novela histórica,novela histórica
4933,subgenre-theme,novela histórica,novela de costumbres,2000,word,tfidf,3,nh0231,novela histórica,novela histórica,novela histórica,novela histórica,novela histórica,novela histórica,novela histórica,novela histórica,novela histórica,novela histórica,novela histórica
4934,subgenre-theme,novela histórica,novela de costumbres,2000,word,tfidf,3,nh0238,novela de costumbres,novela de costumbres,novela de costumbres,novela de costumbres,novela de costumbres,novela de costumbres,novela de costumbres,novela de costumbres,novela de costumbres,novela de costumbres,novela histórica
4935,subgenre-theme,novela histórica,novela de costumbres,2000,word,tfidf,3,nh0242,novela de costumbres,novela de costumbres,novela de costumbres,novela de costumbres,novela de costumbres,novela de costumbres,novela de costumbres,novela de costumbres,novela de costumbres,novela de costumbres,novela de costumbres
4936,subgenre-theme,novela histórica,novela de costumbres,2000,word,tfidf,3,nh0243,novela histórica,novela histórica,novela histórica,novela histórica,novela histórica,novela histórica,novela histórica,novela histórica,novela histórica,novela histórica,novela histórica
4937,subgenre-theme,novela histórica,novela de costumbres,2000,word,tfidf,3,nh0246,novela de costumbres,novela de costumbres,novela de costumbres,novela de costumbres,novela de costumbres,novela de costumbres,novela de costumbres,novela de costumbres,novela de costumbres,novela de costumbres,novela histórica
4938,subgenre-theme,novela histórica,novela de costumbres,2000,word,tfidf,3,nh0247,novela histórica,novela histórica,novela histórica,novela histórica,novela histórica,novela histórica,novela histórica,novela histórica,novela histórica,novela histórica,novela histórica
4939,subgenre-theme,novela histórica,novela de costumbres,2000,word,tfidf,3,nh0249,novela histórica,novela histórica,novela histórica,novela histórica,novela histórica,novela histórica,novela histórica,novela histórica,novela histórica,novela histórica,novela histórica
4940,subgenre-theme,novela histórica,novela de costumbres,2000,word,tfidf,4,nh0001,novela de costumbres,novela de costumbres,novela de costumbres,novela de costumbres,novela de costumbres,novela de costumbres,novela de costumbres,novela de costumbres,novela de costumbres,novela de costumbres,novela de costumbres
4941,subgenre-theme,novela histórica,novela de costumbres,2000,word,tfidf,4,nh0004,novela histórica,novela histórica,novela histórica,novela histórica,novela histórica,novela histórica,novela histórica,novela histórica,novela histórica,novela histórica,novela histórica
4942,subgenre-theme,novela histórica,novela de costumbres,2000,word,tfidf,4,nh0005,novela de costumbres,novela de costumbres,novela de costumbres,novela de costumbres,novela de costumbres,novela de costumbres,novela de costumbres,novela de costumbres,novela de costumbres,novela de costumbres,novela de costumbres
4943,subgenre-theme,novela histórica,novela de costumbres,2000,word,tfidf,4,nh0008,novela de costumbres,novela de costumbres,novela de costumbres,novela de costumbres,novela de costumbres,novela de costumbres,novela de costumbres,novela de costumbres,novela de costumbres,novela de costumbres,novela de costumbres
4944,subgenre-theme,novela histórica,novela de costumbres,2000,word,tfidf,4,nh0009,novela histórica,novela histórica,novela histórica,novela histórica,novela histórica,novela histórica,novela histórica,novela histórica,novela histórica,novela histórica,novela histórica
4945,subgenre-theme,novela histórica,novela de costumbres,2000,word,tfidf,4,nh0010,novela de costumbres,novela de costumbres,novela de costumbres,novela de costumbres,novela de costumbres,novela de costumbres,novela de costumbres,novela de costumbres,novela de costumbres,novela de costumbres,novela de costumbres
4946,subgenre-theme,novela histórica,novela de costumbres,2000,word,tfidf,4,nh0017,novela histórica,novela histórica,novela histórica,novela histórica,novela histórica,novela histórica,novela histórica,novela histórica,novela histórica,novela histórica,novela histórica
4947,subgenre-theme,novela histórica,novela de costumbres,2000,word,tfidf,4,nh0022,novela histórica,novela histórica,novela histórica,novela histórica,novela histórica,novela histórica,novela histórica,novela histórica,novela histórica,novela histórica,novela histórica
4948,subgenre-theme,novela histórica,novela de costumbres,2000,word,tfidf,4,nh0026,novela histórica,novela histórica,novela histórica,novela histórica,novela histórica,novela histórica,novela histórica,novela histórica,novela histórica,novela histórica,novela histórica
4949,subgenre-theme,novela histórica,novela de costumbres,2000,word,tfidf,4,nh0027,novela de costumbres,novela de costumbres,novela de costumbres,novela de costumbres,novela de costumbres,novela de costumbres,novela de costumbres,novela de costumbres,novela de costumbres,novela de costumbres,novela de costumbres
4950,subgenre-theme,novela histórica,novela de costumbres,2000,word,tfidf,4,nh0035,novela histórica,novela histórica,novela histórica,novela histórica,novela histórica,novela histórica,novela histórica,novela histórica,novela histórica,novela histórica,novela histórica
4951,subgenre-theme,novela histórica,novela de costumbres,2000,word,tfidf,4,nh0036,novela de costumbres,novela de costumbres,novela de costumbres,novela de costumbres,novela de costumbres,novela de costumbres,novela de costumbres,novela de costumbres,novela de costumbres,novela de costumbres,novela de costumbres
4952,subgenre-theme,novela histórica,novela de costumbres,2000,word,tfidf,4,nh0039,novela de costumbres,novela de costumbres,novela de costumbres,novela de costumbres,novela de costumbres,novela de costumbres,novela de costumbres,novela de costumbres,novela de costumbres,novela de costumbres,novela de costumbres
4953,subgenre-theme,novela histórica,novela de costumbres,2000,word,tfidf,4,nh0040,novela histórica,novela histórica,novela de costumbres,novela histórica,novela histórica,novela histórica,novela histórica,novela histórica,novela histórica,novela histórica,novela histórica
4954,subgenre-theme,novela histórica,novela de costumbres,2000,word,tfidf,4,nh0041,novela histórica,novela histórica,novela histórica,novela histórica,novela histórica,novela histórica,novela histórica,novela histórica,novela histórica,novela histórica,novela histórica
4955,subgenre-theme,novela histórica,novela de costumbres,2000,word,tfidf,4,nh0042,novela de costumbres,novela de costumbres,novela de costumbres,novela de costumbres,novela de costumbres,novela de costumbres,novela de costumbres,novela de costumbres,novela de costumbres,novela de costumbres,novela de costumbres
4956,subgenre-theme,novela histórica,novela de costumbres,2000,word,tfidf,4,nh0048,novela de costumbres,novela de costumbres,novela de costumbres,novela de costumbres,novela de costumbres,novela de costumbres,novela de costumbres,novela de costumbres,novela de costumbres,novela de costumbres,novela de costumbres
4957,subgenre-theme,novela histórica,novela de costumbres,2000,word,tfidf,4,nh0050,novela de costumbres,novela de costumbres,novela de costumbres,novela de costumbres,novela de costumbres,novela de costumbres,novela de costumbres,novela de costumbres,novela de costumbres,novela de costumbres,novela de costumbres
4958,subgenre-theme,novela histórica,novela de costumbres,2000,word,tfidf,4,nh0051,novela de costumbres,novela de costumbres,novela de costumbres,novela de costumbres,novela de costumbres,novela de costumbres,novela de costumbres,novela de costumbres,novela de costumbres,novela de costumbres,novela de costumbres
4959,subgenre-theme,novela histórica,novela de costumbres,2000,word,tfidf,4,nh0054,novela histórica,novela histórica,novela histórica,novela histórica,novela histórica,novela histórica,novela histórica,novela histórica,novela histórica,novela histórica,novela histórica
4960,subgenre-theme,novela histórica,novela de costumbres,2000,word,tfidf,4,nh0055,novela histórica,novela histórica,novela histórica,novela histórica,novela histórica,novela histórica,novela histórica,novela histórica,novela histórica,novela histórica,novela histórica
4961,subgenre-theme,novela histórica,novela de costumbres,2000,word,tfidf,4,nh0056,novela histórica,novela histórica,novela histórica,novela histórica,novela histórica,novela histórica,novela histórica,novela histórica,novela histórica,novela histórica,novela histórica
4962,subgenre-theme,novela histórica,novela de costumbres,2000,word,tfidf,4,nh0057,novela de costumbres,novela de costumbres,novela de costumbres,novela de costumbres,novela de costumbres,novela de costumbres,novela de costumbres,novela de costumbres,novela de costumbres,novela de costumbres,novela de costumbres
4963,subgenre-theme,novela histórica,novela de costumbres,2000,word,tfidf,4,nh0061,novela de costumbres,novela de costumbres,novela de costumbres,novela histórica,novela de costumbres,novela de costumbres,novela de costumbres,novela de costumbres,novela de costumbres,novela de costumbres,novela de costumbres
4964,subgenre-theme,novela histórica,novela de costumbres,2000,word,tfidf,4,nh0062,novela de costumbres,novela de costumbres,novela de costumbres,novela de costumbres,novela de costumbres,novela de costumbres,novela de costumbres,novela de costumbres,novela de costumbres,novela de costumbres,novela de costumbres
4965,subgenre-theme,novela histórica,novela de costumbres,2000,word,tfidf,4,nh0063,novela de costumbres,novela de costumbres,novela de costumbres,novela de costumbres,novela de costumbres,novela de costumbres,novela de costumbres,novela de costumbres,novela de costumbres,novela de costumbres,novela de costumbres
4966,subgenre-theme,novela histórica,novela de costumbres,2000,word,tfidf,4,nh0064,novela histórica,novela histórica,novela histórica,novela histórica,novela histórica,novela histórica,novela histórica,novela histórica,novela histórica,novela histórica,novela histórica
4967,subgenre-theme,novela histórica,novela de costumbres,2000,word,tfidf,4,nh0065,novela de costumbres,novela de costumbres,novela de costumbres,novela de costumbres,novela de costumbres,novela de costumbres,novela de costumbres,novela de costumbres,novela de costumbres,novela de costumbres,novela de costumbres
4968,subgenre-theme,novela histórica,novela de costumbres,2000,word,tfidf,4,nh0066,novela de costumbres,novela de costumbres,novela de costumbres,novela de costumbres,novela de costumbres,novela de costumbres,novela de costumbres,novela de costumbres,novela de costumbres,novela de costumbres,novela de costumbres
4969,subgenre-theme,novela histórica,novela de costumbres,2000,word,tfidf,4,nh0070,novela de costumbres,novela de costumbres,novela de costumbres,novela de costumbres,novela de costumbres,novela de costumbres,novela de costumbres,novela de costumbres,novela de costumbres,novela de costumbres,novela de costumbres
4970,subgenre-theme,novela histórica,novela de costumbres,2000,word,tfidf,4,nh0071,novela de costumbres,novela de costumbres,novela de costumbres,novela de costumbres,novela de costumbres,novela de costumbres,novela de costumbres,novela de costumbres,novela de costumbres,novela de costumbres,novela de costumbres
4971,subgenre-theme,novela histórica,novela de costumbres,2000,word,tfidf,4,nh0073,novela de costumbres,novela de costumbres,novela de costumbres,novela de costumbres,novela de costumbres,novela de costumbres,novela de costumbres,novela de costumbres,novela de costumbres,novela de costumbres,novela de costumbres
4972,subgenre-theme,novela histórica,novela de costumbres,2000,word,tfidf,4,nh0077,novela de costumbres,novela de costumbres,novela de costumbres,novela de costumbres,novela de costumbres,novela de costumbres,novela de costumbres,novela de costumbres,novela de costumbres,novela de costumbres,novela de costumbres
4973,subgenre-theme,novela histórica,novela de costumbres,2000,word,tfidf,4,nh0078,novela de costumbres,novela de costumbres,novela de costumbres,novela de costumbres,novela de costumbres,novela de costumbres,novela de costumbres,novela de costumbres,novela de costumbres,novela de costumbres,novela de costumbres
4974,subgenre-theme,novela histórica,novela de costumbres,2000,word,tfidf,4,nh0079,novela de costumbres,novela de costumbres,novela de costumbres,novela de costumbres,novela de costumbres,novela de costumbres,novela de costumbres,novela de costumbres,novela de costumbres,novela de costumbres,novela de costumbres
4975,subgenre-theme,novela histórica,novela de costumbres,2000,word,tfidf,4,nh0084,novela histórica,novela histórica,novela histórica,novela histórica,novela histórica,novela histórica,novela histórica,novela histórica,novela histórica,novela histórica,novela histórica
4976,subgenre-theme,novela histórica,novela de costumbres,2000,word,tfidf,4,nh0090,novela de costumbres,novela de costumbres,novela de costumbres,novela de costumbres,novela de costumbres,novela de costumbres,novela de costumbres,novela de costumbres,novela de costumbres,novela de costumbres,novela de costumbres
4977,subgenre-theme,novela histórica,novela de costumbres,2000,word,tfidf,4,nh0091,novela histórica,novela histórica,novela histórica,novela de costumbres,novela histórica,novela histórica,novela histórica,novela histórica,novela histórica,novela histórica,novela histórica
4978,subgenre-theme,novela histórica,novela de costumbres,2000,word,tfidf,4,nh0093,novela de costumbres,novela de costumbres,novela de costumbres,novela de costumbres,novela de costumbres,novela de costumbres,novela de costumbres,novela de costumbres,novela de costumbres,novela de costumbres,novela de costumbres
4979,subgenre-theme,novela histórica,novela de costumbres,2000,word,tfidf,4,nh0097,novela histórica,novela histórica,novela histórica,novela histórica,novela histórica,novela histórica,novela histórica,novela histórica,novela histórica,novela histórica,novela histórica
4980,subgenre-theme,novela histórica,novela de costumbres,2000,word,tfidf,4,nh0100,novela histórica,novela histórica,novela histórica,novela histórica,novela de costumbres,novela histórica,novela histórica,novela histórica,novela histórica,novela histórica,novela histórica
4981,subgenre-theme,novela histórica,novela de costumbres,2000,word,tfidf,4,nh0101,novela de costumbres,novela de costumbres,novela de costumbres,novela de costumbres,novela de costumbres,novela de costumbres,novela de costumbres,novela de costumbres,novela de costumbres,novela de costumbres,novela de costumbres
4982,subgenre-theme,novela histórica,novela de costumbres,2000,word,tfidf,4,nh0103,novela histórica,novela histórica,novela histórica,novela histórica,novela de costumbres,novela histórica,novela histórica,novela histórica,novela histórica,novela histórica,novela histórica
4983,subgenre-theme,novela histórica,novela de costumbres,2000,word,tfidf,4,nh0105,novela de costumbres,novela de costumbres,novela de costumbres,novela de costumbres,novela de costumbres,novela de costumbres,novela de costumbres,novela de costumbres,novela de costumbres,novela de costumbres,novela de costumbres
4984,subgenre-theme,novela histórica,novela de costumbres,2000,word,tfidf,4,nh0107,novela histórica,novela histórica,novela histórica,novela histórica,novela histórica,novela histórica,novela histórica,novela histórica,novela histórica,novela histórica,novela histórica
4985,subgenre-theme,novela histórica,novela de costumbres,2000,word,tfidf,4,nh0108,novela histórica,novela histórica,novela histórica,novela histórica,novela de costumbres,novela histórica,novela histórica,novela histórica,novela histórica,novela histórica,novela histórica
4986,subgenre-theme,novela histórica,novela de costumbres,2000,word,tfidf,4,nh0111,novela histórica,novela histórica,novela histórica,novela histórica,novela histórica,novela histórica,novela histórica,novela histórica,novela histórica,novela histórica,novela histórica
4987,subgenre-theme,novela histórica,novela de costumbres,2000,word,tfidf,4,nh0115,novela histórica,novela histórica,novela histórica,novela histórica,novela histórica,novela histórica,novela histórica,novela histórica,novela histórica,novela histórica,novela histórica
4988,subgenre-theme,novela histórica,novela de costumbres,2000,word,tfidf,4,nh0116,novela histórica,novela histórica,novela histórica,novela histórica,novela histórica,novela histórica,novela histórica,novela histórica,novela histórica,novela histórica,novela histórica
4989,subgenre-theme,novela histórica,novela de costumbres,2000,word,tfidf,4,nh0117,novela histórica,novela histórica,novela histórica,novela histórica,novela histórica,novela histórica,novela histórica,novela histórica,novela histórica,novela histórica,novela histórica
4990,subgenre-theme,novela histórica,novela de costumbres,2000,word,tfidf,4,nh0118,novela de costumbres,novela de costumbres,novela de costumbres,novela de costumbres,novela de costumbres,novela de costumbres,novela de costumbres,novela de costumbres,novela de costumbres,novela de costumbres,novela de costumbres
4991,subgenre-theme,novela histórica,novela de costumbres,2000,word,tfidf,4,nh0120,novela de costumbres,novela de costumbres,novela de costumbres,novela de costumbres,novela de costumbres,novela de costumbres,novela de costumbres,novela de costumbres,novela de costumbres,novela de costumbres,novela de costumbres
4992,subgenre-theme,novela histórica,novela de costumbres,2000,word,tfidf,4,nh0122,novela histórica,novela histórica,novela histórica,novela histórica,novela histórica,novela histórica,novela histórica,novela histórica,novela histórica,novela histórica,novela histórica
4993,subgenre-theme,novela histórica,novela de costumbres,2000,word,tfidf,4,nh0129,novela de costumbres,novela de costumbres,novela de costumbres,novela de costumbres,novela de costumbres,novela de costumbres,novela de costumbres,novela de costumbres,novela de costumbres,novela de costumbres,novela de costumbres
4994,subgenre-theme,novela histórica,novela de costumbres,2000,word,tfidf,4,nh0131,novela de costumbres,novela de costumbres,novela de costumbres,novela de costumbres,novela de costumbres,novela de costumbres,novela de costumbres,novela de costumbres,novela de costumbres,novela de costumbres,novela de costumbres
4995,subgenre-theme,novela histórica,novela de costumbres,2000,word,tfidf,4,nh0133,novela de costumbres,novela de costumbres,novela de costumbres,novela de costumbres,novela de costumbres,novela de costumbres,novela de costumbres,novela de costumbres,novela de costumbres,novela de costumbres,novela de costumbres
4996,subgenre-theme,novela histórica,novela de costumbres,2000,word,tfidf,4,nh0135,novela de costumbres,novela de costumbres,novela de costumbres,novela de costumbres,novela de costumbres,novela de costumbres,novela de costumbres,novela de costumbres,novela de costumbres,novela de costumbres,novela de costumbres
4997,subgenre-theme,novela histórica,novela de costumbres,2000,word,tfidf,4,nh0137,novela de costumbres,novela de costumbres,novela de costumbres,novela de costumbres,novela de costumbres,novela de costumbres,novela de costumbres,novela histórica,novela de costumbres,novela de costumbres,novela de costumbres
4998,subgenre-theme,novela histórica,novela de costumbres,2000,word,tfidf,4,nh0138,novela de costumbres,novela de costumbres,novela de costumbres,novela de costumbres,novela de costumbres,novela de costumbres,novela de costumbres,novela de costumbres,novela de costumbres,novela de costumbres,novela de costumbres
4999,subgenre-theme,novela histórica,novela de costumbres,2000,word,tfidf,4,nh0139,novela histórica,novela histórica,novela histórica,novela histórica,novela histórica,novela histórica,novela histórica,novela histórica,novela histórica,novela histórica,novela histórica
5000,subgenre-theme,novela histórica,novela de costumbres,2000,word,tfidf,4,nh0141,novela de costumbres,novela de costumbres,novela de costumbres,novela de costumbres,novela de costumbres,novela de costumbres,novela de costumbres,novela de costumbres,novela de costumbres,novela de costumbres,novela de costumbres
5001,subgenre-theme,novela histórica,novela de costumbres,2000,word,tfidf,4,nh0142,novela histórica,novela histórica,novela histórica,novela histórica,novela histórica,novela histórica,novela histórica,novela histórica,novela histórica,novela histórica,novela histórica
5002,subgenre-theme,novela histórica,novela de costumbres,2000,word,tfidf,4,nh0143,novela histórica,novela histórica,novela histórica,novela histórica,novela histórica,novela histórica,novela histórica,novela histórica,novela histórica,novela histórica,novela histórica
5003,subgenre-theme,novela histórica,novela de costumbres,2000,word,tfidf,4,nh0144,novela de costumbres,novela de costumbres,novela de costumbres,novela de costumbres,novela de costumbres,novela de costumbres,novela de costumbres,novela de costumbres,novela de costumbres,novela de costumbres,novela de costumbres
5004,subgenre-theme,novela histórica,novela de costumbres,2000,word,tfidf,4,nh0147,novela de costumbres,novela de costumbres,novela de costumbres,novela de costumbres,novela de costumbres,novela de costumbres,novela de costumbres,novela de costumbres,novela de costumbres,novela de costumbres,novela de costumbres
5005,subgenre-theme,novela histórica,novela de costumbres,2000,word,tfidf,4,nh0149,novela histórica,novela histórica,novela histórica,novela histórica,novela histórica,novela histórica,novela histórica,novela histórica,novela histórica,novela histórica,novela histórica
5006,subgenre-theme,novela histórica,novela de costumbres,2000,word,tfidf,4,nh0152,novela histórica,novela histórica,novela histórica,novela histórica,novela histórica,novela histórica,novela histórica,novela histórica,novela histórica,novela histórica,novela histórica
5007,subgenre-theme,novela histórica,novela de costumbres,2000,word,tfidf,4,nh0158,novela histórica,novela histórica,novela histórica,novela histórica,novela histórica,novela histórica,novela histórica,novela histórica,novela histórica,novela histórica,novela histórica
5008,subgenre-theme,novela histórica,novela de costumbres,2000,word,tfidf,4,nh0159,novela histórica,novela histórica,novela histórica,novela histórica,novela histórica,novela histórica,novela histórica,novela histórica,novela histórica,novela histórica,novela histórica
5009,subgenre-theme,novela histórica,novela de costumbres,2000,word,tfidf,4,nh0160,novela histórica,novela histórica,novela histórica,novela histórica,novela histórica,novela histórica,novela histórica,novela histórica,novela histórica,novela histórica,novela histórica
5010,subgenre-theme,novela histórica,novela de costumbres,2000,word,tfidf,4,nh0161,novela histórica,novela histórica,novela histórica,novela histórica,novela histórica,novela histórica,novela histórica,novela histórica,novela histórica,novela histórica,novela histórica
5011,subgenre-theme,novela histórica,novela de costumbres,2000,word,tfidf,4,nh0164,novela de costumbres,novela de costumbres,novela de costumbres,novela de costumbres,novela de costumbres,novela de costumbres,novela de costumbres,novela de costumbres,novela de costumbres,novela de costumbres,novela de costumbres
5012,subgenre-theme,novela histórica,novela de costumbres,2000,word,tfidf,4,nh0166,novela histórica,novela histórica,novela histórica,novela histórica,novela histórica,novela histórica,novela histórica,novela de costumbres,novela histórica,novela histórica,novela histórica
5013,subgenre-theme,novela histórica,novela de costumbres,2000,word,tfidf,4,nh0168,novela histórica,novela histórica,novela histórica,novela histórica,novela histórica,novela histórica,novela histórica,novela histórica,novela histórica,novela histórica,novela histórica
5014,subgenre-theme,novela histórica,novela de costumbres,2000,word,tfidf,4,nh0169,novela histórica,novela histórica,novela histórica,novela histórica,novela histórica,novela histórica,novela histórica,novela histórica,novela de costumbres,novela histórica,novela histórica
5015,subgenre-theme,novela histórica,novela de costumbres,2000,word,tfidf,4,nh0172,novela de costumbres,novela de costumbres,novela de costumbres,novela de costumbres,novela de costumbres,novela de costumbres,novela de costumbres,novela de costumbres,novela de costumbres,novela de costumbres,novela de costumbres
5016,subgenre-theme,novela histórica,novela de costumbres,2000,word,tfidf,4,nh0176,novela histórica,novela histórica,novela histórica,novela histórica,novela histórica,novela histórica,novela histórica,novela histórica,novela histórica,novela histórica,novela histórica
5017,subgenre-theme,novela histórica,novela de costumbres,2000,word,tfidf,4,nh0179,novela de costumbres,novela de costumbres,novela de costumbres,novela de costumbres,novela de costumbres,novela de costumbres,novela de costumbres,novela de costumbres,novela de costumbres,novela de costumbres,novela de costumbres
5018,subgenre-theme,novela histórica,novela de costumbres,2000,word,tfidf,4,nh0181,novela histórica,novela histórica,novela histórica,novela histórica,novela histórica,novela histórica,novela histórica,novela histórica,novela histórica,novela histórica,novela histórica
5019,subgenre-theme,novela histórica,novela de costumbres,2000,word,tfidf,4,nh0182,novela histórica,novela histórica,novela histórica,novela histórica,novela histórica,novela histórica,novela histórica,novela histórica,novela histórica,novela histórica,novela histórica
5020,subgenre-theme,novela histórica,novela de costumbres,2000,word,tfidf,4,nh0184,novela histórica,novela histórica,novela histórica,novela histórica,novela histórica,novela histórica,novela histórica,novela histórica,novela histórica,novela histórica,novela histórica
5021,subgenre-theme,novela histórica,novela de costumbres,2000,word,tfidf,4,nh0197,novela de costumbres,novela de costumbres,novela de costumbres,novela de costumbres,novela de costumbres,novela de costumbres,novela de costumbres,novela de costumbres,novela de costumbres,novela de costumbres,novela de costumbres
5022,subgenre-theme,novela histórica,novela de costumbres,2000,word,tfidf,4,nh0199,novela de costumbres,novela de costumbres,novela de costumbres,novela de costumbres,novela de costumbres,novela de costumbres,novela de costumbres,novela de costumbres,novela de costumbres,novela de costumbres,novela de costumbres
5023,subgenre-theme,novela histórica,novela de costumbres,2000,word,tfidf,4,nh0203,novela histórica,novela histórica,novela histórica,novela histórica,novela histórica,novela histórica,novela histórica,novela histórica,novela histórica,novela histórica,novela histórica
5024,subgenre-theme,novela histórica,novela de costumbres,2000,word,tfidf,4,nh0208,novela histórica,novela histórica,novela histórica,novela histórica,novela histórica,novela histórica,novela histórica,novela histórica,novela histórica,novela histórica,novela histórica
5025,subgenre-theme,novela histórica,novela de costumbres,2000,word,tfidf,4,nh0210,novela histórica,novela histórica,novela histórica,novela histórica,novela histórica,novela histórica,novela histórica,novela histórica,novela histórica,novela de costumbres,novela histórica
5026,subgenre-theme,novela histórica,novela de costumbres,2000,word,tfidf,4,nh0213,novela de costumbres,novela de costumbres,novela de costumbres,novela de costumbres,novela de costumbres,novela de costumbres,novela de costumbres,novela de costumbres,novela de costumbres,novela de costumbres,novela de costumbres
5027,subgenre-theme,novela histórica,novela de costumbres,2000,word,tfidf,4,nh0214,novela de costumbres,novela de costumbres,novela de costumbres,novela de costumbres,novela de costumbres,novela de costumbres,novela de costumbres,novela de costumbres,novela de costumbres,novela de costumbres,novela de costumbres
5028,subgenre-theme,novela histórica,novela de costumbres,2000,word,tfidf,4,nh0217,novela de costumbres,novela de costumbres,novela de costumbres,novela de costumbres,novela de costumbres,novela de costumbres,novela de costumbres,novela de costumbres,novela de costumbres,novela de costumbres,novela de costumbres
5029,subgenre-theme,novela histórica,novela de costumbres,2000,word,tfidf,4,nh0220,novela de costumbres,novela de costumbres,novela de costumbres,novela de costumbres,novela de costumbres,novela de costumbres,novela de costumbres,novela de costumbres,novela de costumbres,novela de costumbres,novela de costumbres
5030,subgenre-theme,novela histórica,novela de costumbres,2000,word,tfidf,4,nh0227,novela histórica,novela histórica,novela histórica,novela histórica,novela histórica,novela histórica,novela histórica,novela histórica,novela histórica,novela histórica,novela histórica
5031,subgenre-theme,novela histórica,novela de costumbres,2000,word,tfidf,4,nh0231,novela histórica,novela histórica,novela histórica,novela histórica,novela histórica,novela histórica,novela histórica,novela histórica,novela histórica,novela histórica,novela histórica
5032,subgenre-theme,novela histórica,novela de costumbres,2000,word,tfidf,4,nh0238,novela de costumbres,novela de costumbres,novela de costumbres,novela de costumbres,novela de costumbres,novela de costumbres,novela de costumbres,novela de costumbres,novela de costumbres,novela de costumbres,novela histórica
5033,subgenre-theme,novela histórica,novela de costumbres,2000,word,tfidf,4,nh0242,novela de costumbres,novela de costumbres,novela de costumbres,novela de costumbres,novela de costumbres,novela de costumbres,novela de costumbres,novela de costumbres,novela de costumbres,novela de costumbres,novela de costumbres
5034,subgenre-theme,novela histórica,novela de costumbres,2000,word,tfidf,4,nh0243,novela histórica,novela histórica,novela histórica,novela histórica,novela histórica,novela histórica,novela histórica,novela histórica,novela histórica,novela histórica,novela histórica
5035,subgenre-theme,novela histórica,novela de costumbres,2000,word,tfidf,4,nh0246,novela de costumbres,novela de costumbres,novela de costumbres,novela de costumbres,novela de costumbres,novela de costumbres,novela de costumbres,novela de costumbres,novela de costumbres,novela de costumbres,novela histórica
5036,subgenre-theme,novela histórica,novela de costumbres,2000,word,tfidf,4,nh0247,novela histórica,novela histórica,novela histórica,novela histórica,novela histórica,novela histórica,novela histórica,novela histórica,novela histórica,novela histórica,novela histórica
5037,subgenre-theme,novela histórica,novela de costumbres,2000,word,tfidf,4,nh0248,novela histórica,novela histórica,novela histórica,novela histórica,novela histórica,novela histórica,novela histórica,novela histórica,novela histórica,novela histórica,novela de costumbres
5038,subgenre-theme,novela histórica,novela de costumbres,2000,word,tfidf,4,nh0249,novela histórica,novela histórica,novela histórica,novela histórica,novela histórica,novela histórica,novela histórica,novela histórica,novela histórica,novela histórica,novela histórica
5039,subgenre-theme,novela histórica,novela de costumbres,2000,word,tfidf,4,nh0253,novela histórica,novela histórica,novela histórica,novela histórica,novela histórica,novela histórica,novela histórica,novela histórica,novela histórica,novela histórica,novela de costumbres
5040,subgenre-theme,novela histórica,novela de costumbres,2000,word,tfidf,5,nh0001,novela de costumbres,novela de costumbres,novela de costumbres,novela de costumbres,novela de costumbres,novela de costumbres,novela de costumbres,novela de costumbres,novela de costumbres,novela de costumbres,novela de costumbres
5041,subgenre-theme,novela histórica,novela de costumbres,2000,word,tfidf,5,nh0005,novela de costumbres,novela de costumbres,novela de costumbres,novela de costumbres,novela de costumbres,novela de costumbres,novela de costumbres,novela de costumbres,novela de costumbres,novela de costumbres,novela de costumbres
5042,subgenre-theme,novela histórica,novela de costumbres,2000,word,tfidf,5,nh0007,novela histórica,novela histórica,novela histórica,novela histórica,novela histórica,novela histórica,novela histórica,novela histórica,novela histórica,novela histórica,novela histórica
5043,subgenre-theme,novela histórica,novela de costumbres,2000,word,tfidf,5,nh0008,novela de costumbres,novela de costumbres,novela de costumbres,novela de costumbres,novela de costumbres,novela de costumbres,novela de costumbres,novela de costumbres,novela de costumbres,novela de costumbres,novela de costumbres
5044,subgenre-theme,novela histórica,novela de costumbres,2000,word,tfidf,5,nh0009,novela histórica,novela histórica,novela histórica,novela histórica,novela histórica,novela histórica,novela histórica,novela histórica,novela histórica,novela histórica,novela histórica
5045,subgenre-theme,novela histórica,novela de costumbres,2000,word,tfidf,5,nh0010,novela de costumbres,novela de costumbres,novela de costumbres,novela de costumbres,novela de costumbres,novela de costumbres,novela de costumbres,novela de costumbres,novela de costumbres,novela de costumbres,novela de costumbres
5046,subgenre-theme,novela histórica,novela de costumbres,2000,word,tfidf,5,nh0017,novela histórica,novela histórica,novela histórica,novela histórica,novela histórica,novela histórica,novela histórica,novela histórica,novela histórica,novela histórica,novela histórica
5047,subgenre-theme,novela histórica,novela de costumbres,2000,word,tfidf,5,nh0020,novela histórica,novela de costumbres,novela histórica,novela histórica,novela histórica,novela histórica,novela histórica,novela histórica,novela histórica,novela histórica,novela histórica
5048,subgenre-theme,novela histórica,novela de costumbres,2000,word,tfidf,5,nh0022,novela histórica,novela histórica,novela histórica,novela histórica,novela histórica,novela histórica,novela histórica,novela histórica,novela histórica,novela histórica,novela histórica
5049,subgenre-theme,novela histórica,novela de costumbres,2000,word,tfidf,5,nh0026,novela histórica,novela histórica,novela histórica,novela histórica,novela histórica,novela histórica,novela histórica,novela histórica,novela histórica,novela histórica,novela histórica
5050,subgenre-theme,novela histórica,novela de costumbres,2000,word,tfidf,5,nh0027,novela de costumbres,novela de costumbres,novela de costumbres,novela de costumbres,novela de costumbres,novela de costumbres,novela de costumbres,novela de costumbres,novela de costumbres,novela de costumbres,novela de costumbres
5051,subgenre-theme,novela histórica,novela de costumbres,2000,word,tfidf,5,nh0035,novela histórica,novela histórica,novela histórica,novela histórica,novela histórica,novela histórica,novela histórica,novela histórica,novela histórica,novela histórica,novela histórica
5052,subgenre-theme,novela histórica,novela de costumbres,2000,word,tfidf,5,nh0036,novela de costumbres,novela de costumbres,novela histórica,novela de costumbres,novela de costumbres,novela de costumbres,novela de costumbres,novela de costumbres,novela de costumbres,novela de costumbres,novela de costumbres
5053,subgenre-theme,novela histórica,novela de costumbres,2000,word,tfidf,5,nh0037,novela histórica,novela histórica,novela histórica,novela histórica,novela histórica,novela histórica,novela histórica,novela histórica,novela histórica,novela histórica,novela histórica
5054,subgenre-theme,novela histórica,novela de costumbres,2000,word,tfidf,5,nh0039,novela de costumbres,novela de costumbres,novela de costumbres,novela de costumbres,novela de costumbres,novela de costumbres,novela de costumbres,novela de costumbres,novela de costumbres,novela de costumbres,novela de costumbres
5055,subgenre-theme,novela histórica,novela de costumbres,2000,word,tfidf,5,nh0040,novela histórica,novela histórica,novela de costumbres,novela histórica,novela histórica,novela histórica,novela histórica,novela histórica,novela histórica,novela histórica,novela histórica
5056,subgenre-theme,novela histórica,novela de costumbres,2000,word,tfidf,5,nh0041,novela histórica,novela histórica,novela histórica,novela histórica,novela histórica,novela histórica,novela histórica,novela histórica,novela histórica,novela histórica,novela histórica
5057,subgenre-theme,novela histórica,novela de costumbres,2000,word,tfidf,5,nh0042,novela de costumbres,novela de costumbres,novela de costumbres,novela de costumbres,novela de costumbres,novela de costumbres,novela de costumbres,novela de costumbres,novela de costumbres,novela de costumbres,novela de costumbres
5058,subgenre-theme,novela histórica,novela de costumbres,2000,word,tfidf,5,nh0048,novela de costumbres,novela de costumbres,novela de costumbres,novela de costumbres,novela de costumbres,novela de costumbres,novela de costumbres,novela de costumbres,novela de costumbres,novela de costumbres,novela de costumbres
5059,subgenre-theme,novela histórica,novela de costumbres,2000,word,tfidf,5,nh0049,novela histórica,novela histórica,novela histórica,novela histórica,novela histórica,novela histórica,novela histórica,novela histórica,novela histórica,novela histórica,novela histórica
5060,subgenre-theme,novela histórica,novela de costumbres,2000,word,tfidf,5,nh0050,novela de costumbres,novela de costumbres,novela de costumbres,novela de costumbres,novela de costumbres,novela de costumbres,novela de costumbres,novela de costumbres,novela de costumbres,novela de costumbres,novela de costumbres
5061,subgenre-theme,novela histórica,novela de costumbres,2000,word,tfidf,5,nh0051,novela de costumbres,novela de costumbres,novela de costumbres,novela de costumbres,novela de costumbres,novela de costumbres,novela de costumbres,novela de costumbres,novela de costumbres,novela de costumbres,novela de costumbres
5062,subgenre-theme,novela histórica,novela de costumbres,2000,word,tfidf,5,nh0055,novela histórica,novela histórica,novela histórica,novela histórica,novela histórica,novela histórica,novela histórica,novela histórica,novela histórica,novela histórica,novela histórica
5063,subgenre-theme,novela histórica,novela de costumbres,2000,word,tfidf,5,nh0056,novela histórica,novela histórica,novela histórica,novela histórica,novela histórica,novela histórica,novela histórica,novela histórica,novela histórica,novela histórica,novela histórica
5064,subgenre-theme,novela histórica,novela de costumbres,2000,word,tfidf,5,nh0057,novela de costumbres,novela de costumbres,novela de costumbres,novela de costumbres,novela de costumbres,novela de costumbres,novela de costumbres,novela de costumbres,novela de costumbres,novela de costumbres,novela de costumbres
5065,subgenre-theme,novela histórica,novela de costumbres,2000,word,tfidf,5,nh0061,novela de costumbres,novela de costumbres,novela de costumbres,novela histórica,novela de costumbres,novela de costumbres,novela de costumbres,novela de costumbres,novela de costumbres,novela de costumbres,novela de costumbres
5066,subgenre-theme,novela histórica,novela de costumbres,2000,word,tfidf,5,nh0062,novela de costumbres,novela de costumbres,novela de costumbres,novela de costumbres,novela de costumbres,novela de costumbres,novela de costumbres,novela de costumbres,novela de costumbres,novela de costumbres,novela de costumbres
5067,subgenre-theme,novela histórica,novela de costumbres,2000,word,tfidf,5,nh0063,novela de costumbres,novela de costumbres,novela de costumbres,novela de costumbres,novela de costumbres,novela de costumbres,novela de costumbres,novela de costumbres,novela de costumbres,novela de costumbres,novela de costumbres
5068,subgenre-theme,novela histórica,novela de costumbres,2000,word,tfidf,5,nh0065,novela de costumbres,novela de costumbres,novela de costumbres,novela de costumbres,novela de costumbres,novela de costumbres,novela de costumbres,novela de costumbres,novela de costumbres,novela de costumbres,novela de costumbres
5069,subgenre-theme,novela histórica,novela de costumbres,2000,word,tfidf,5,nh0066,novela de costumbres,novela de costumbres,novela de costumbres,novela de costumbres,novela de costumbres,novela de costumbres,novela de costumbres,novela de costumbres,novela de costumbres,novela de costumbres,novela de costumbres
5070,subgenre-theme,novela histórica,novela de costumbres,2000,word,tfidf,5,nh0070,novela de costumbres,novela de costumbres,novela de costumbres,novela de costumbres,novela de costumbres,novela de costumbres,novela de costumbres,novela de costumbres,novela de costumbres,novela de costumbres,novela de costumbres
5071,subgenre-theme,novela histórica,novela de costumbres,2000,word,tfidf,5,nh0071,novela de costumbres,novela de costumbres,novela de costumbres,novela de costumbres,novela de costumbres,novela de costumbres,novela de costumbres,novela de costumbres,novela de costumbres,novela de costumbres,novela de costumbres
5072,subgenre-theme,novela histórica,novela de costumbres,2000,word,tfidf,5,nh0073,novela de costumbres,novela de costumbres,novela de costumbres,novela de costumbres,novela de costumbres,novela de costumbres,novela de costumbres,novela de costumbres,novela de costumbres,novela de costumbres,novela de costumbres
5073,subgenre-theme,novela histórica,novela de costumbres,2000,word,tfidf,5,nh0077,novela de costumbres,novela de costumbres,novela de costumbres,novela de costumbres,novela de costumbres,novela de costumbres,novela de costumbres,novela de costumbres,novela de costumbres,novela de costumbres,novela de costumbres
5074,subgenre-theme,novela histórica,novela de costumbres,2000,word,tfidf,5,nh0078,novela de costumbres,novela de costumbres,novela de costumbres,novela de costumbres,novela de costumbres,novela de costumbres,novela de costumbres,novela de costumbres,novela de costumbres,novela de costumbres,novela de costumbres
5075,subgenre-theme,novela histórica,novela de costumbres,2000,word,tfidf,5,nh0079,novela de costumbres,novela de costumbres,novela de costumbres,novela de costumbres,novela de costumbres,novela de costumbres,novela de costumbres,novela de costumbres,novela de costumbres,novela de costumbres,novela de costumbres
5076,subgenre-theme,novela histórica,novela de costumbres,2000,word,tfidf,5,nh0081,novela histórica,novela histórica,novela histórica,novela histórica,novela histórica,novela histórica,novela histórica,novela histórica,novela histórica,novela histórica,novela histórica
5077,subgenre-theme,novela histórica,novela de costumbres,2000,word,tfidf,5,nh0084,novela histórica,novela histórica,novela histórica,novela histórica,novela histórica,novela histórica,novela histórica,novela histórica,novela histórica,novela histórica,novela histórica
5078,subgenre-theme,novela histórica,novela de costumbres,2000,word,tfidf,5,nh0090,novela de costumbres,novela de costumbres,novela de costumbres,novela de costumbres,novela de costumbres,novela de costumbres,novela de costumbres,novela de costumbres,novela de costumbres,novela de costumbres,novela de costumbres
5079,subgenre-theme,novela histórica,novela de costumbres,2000,word,tfidf,5,nh0093,novela de costumbres,novela de costumbres,novela de costumbres,novela de costumbres,novela de costumbres,novela de costumbres,novela de costumbres,novela de costumbres,novela de costumbres,novela de costumbres,novela de costumbres
5080,subgenre-theme,novela histórica,novela de costumbres,2000,word,tfidf,5,nh0094,novela histórica,novela histórica,novela histórica,novela histórica,novela histórica,novela histórica,novela histórica,novela histórica,novela histórica,novela histórica,novela histórica
5081,subgenre-theme,novela histórica,novela de costumbres,2000,word,tfidf,5,nh0097,novela histórica,novela histórica,novela histórica,novela histórica,novela histórica,novela histórica,novela histórica,novela histórica,novela histórica,novela histórica,novela histórica
5082,subgenre-theme,novela histórica,novela de costumbres,2000,word,tfidf,5,nh0101,novela de costumbres,novela de costumbres,novela de costumbres,novela de costumbres,novela de costumbres,novela de costumbres,novela de costumbres,novela de costumbres,novela de costumbres,novela de costumbres,novela de costumbres
5083,subgenre-theme,novela histórica,novela de costumbres,2000,word,tfidf,5,nh0103,novela histórica,novela histórica,novela histórica,novela histórica,novela de costumbres,novela histórica,novela histórica,novela histórica,novela histórica,novela histórica,novela histórica
5084,subgenre-theme,novela histórica,novela de costumbres,2000,word,tfidf,5,nh0105,novela de costumbres,novela de costumbres,novela de costumbres,novela de costumbres,novela de costumbres,novela de costumbres,novela de costumbres,novela de costumbres,novela de costumbres,novela de costumbres,novela de costumbres
5085,subgenre-theme,novela histórica,novela de costumbres,2000,word,tfidf,5,nh0106,novela histórica,novela histórica,novela histórica,novela histórica,novela histórica,novela histórica,novela histórica,novela histórica,novela histórica,novela histórica,novela histórica
5086,subgenre-theme,novela histórica,novela de costumbres,2000,word,tfidf,5,nh0108,novela histórica,novela histórica,novela histórica,novela histórica,novela de costumbres,novela histórica,novela histórica,novela histórica,novela histórica,novela histórica,novela histórica
5087,subgenre-theme,novela histórica,novela de costumbres,2000,word,tfidf,5,nh0111,novela histórica,novela histórica,novela histórica,novela histórica,novela histórica,novela histórica,novela histórica,novela histórica,novela histórica,novela histórica,novela histórica
5088,subgenre-theme,novela histórica,novela de costumbres,2000,word,tfidf,5,nh0116,novela histórica,novela histórica,novela histórica,novela histórica,novela histórica,novela histórica,novela histórica,novela histórica,novela histórica,novela histórica,novela histórica
5089,subgenre-theme,novela histórica,novela de costumbres,2000,word,tfidf,5,nh0117,novela histórica,novela histórica,novela histórica,novela histórica,novela histórica,novela histórica,novela histórica,novela histórica,novela histórica,novela histórica,novela histórica
5090,subgenre-theme,novela histórica,novela de costumbres,2000,word,tfidf,5,nh0118,novela de costumbres,novela de costumbres,novela de costumbres,novela de costumbres,novela de costumbres,novela de costumbres,novela de costumbres,novela de costumbres,novela de costumbres,novela de costumbres,novela de costumbres
5091,subgenre-theme,novela histórica,novela de costumbres,2000,word,tfidf,5,nh0120,novela de costumbres,novela de costumbres,novela de costumbres,novela de costumbres,novela de costumbres,novela de costumbres,novela de costumbres,novela de costumbres,novela de costumbres,novela de costumbres,novela de costumbres
5092,subgenre-theme,novela histórica,novela de costumbres,2000,word,tfidf,5,nh0125,novela histórica,novela histórica,novela histórica,novela histórica,novela histórica,novela histórica,novela histórica,novela histórica,novela histórica,novela histórica,novela histórica
5093,subgenre-theme,novela histórica,novela de costumbres,2000,word,tfidf,5,nh0129,novela de costumbres,novela de costumbres,novela de costumbres,novela de costumbres,novela de costumbres,novela de costumbres,novela de costumbres,novela de costumbres,novela de costumbres,novela de costumbres,novela de costumbres
5094,subgenre-theme,novela histórica,novela de costumbres,2000,word,tfidf,5,nh0131,novela de costumbres,novela de costumbres,novela de costumbres,novela de costumbres,novela de costumbres,novela de costumbres,novela de costumbres,novela de costumbres,novela de costumbres,novela de costumbres,novela de costumbres
5095,subgenre-theme,novela histórica,novela de costumbres,2000,word,tfidf,5,nh0133,novela de costumbres,novela de costumbres,novela de costumbres,novela de costumbres,novela de costumbres,novela de costumbres,novela de costumbres,novela de costumbres,novela de costumbres,novela de costumbres,novela de costumbres
5096,subgenre-theme,novela histórica,novela de costumbres,2000,word,tfidf,5,nh0135,novela de costumbres,novela de costumbres,novela de costumbres,novela de costumbres,novela de costumbres,novela de costumbres,novela de costumbres,novela de costumbres,novela de costumbres,novela de costumbres,novela de costumbres
5097,subgenre-theme,novela histórica,novela de costumbres,2000,word,tfidf,5,nh0137,novela de costumbres,novela de costumbres,novela de costumbres,novela de costumbres,novela de costumbres,novela de costumbres,novela de costumbres,novela histórica,novela de costumbres,novela de costumbres,novela de costumbres
5098,subgenre-theme,novela histórica,novela de costumbres,2000,word,tfidf,5,nh0138,novela de costumbres,novela de costumbres,novela de costumbres,novela de costumbres,novela de costumbres,novela de costumbres,novela de costumbres,novela de costumbres,novela de costumbres,novela de costumbres,novela de costumbres
5099,subgenre-theme,novela histórica,novela de costumbres,2000,word,tfidf,5,nh0139,novela histórica,novela histórica,novela histórica,novela histórica,novela histórica,novela de costumbres,novela histórica,novela histórica,novela histórica,novela histórica,novela histórica
5100,subgenre-theme,novela histórica,novela de costumbres,2000,word,tfidf,5,nh0141,novela de costumbres,novela de costumbres,novela de costumbres,novela de costumbres,novela de costumbres,novela de costumbres,novela de costumbres,novela de costumbres,novela histórica,novela de costumbres,novela de costumbres
5101,subgenre-theme,novela histórica,novela de costumbres,2000,word,tfidf,5,nh0142,novela histórica,novela histórica,novela histórica,novela histórica,novela histórica,novela histórica,novela histórica,novela histórica,novela histórica,novela histórica,novela histórica
5102,subgenre-theme,novela histórica,novela de costumbres,2000,word,tfidf,5,nh0143,novela histórica,novela histórica,novela histórica,novela histórica,novela histórica,novela histórica,novela histórica,novela histórica,novela histórica,novela histórica,novela histórica
5103,subgenre-theme,novela histórica,novela de costumbres,2000,word,tfidf,5,nh0144,novela de costumbres,novela de costumbres,novela de costumbres,novela de costumbres,novela de costumbres,novela de costumbres,novela de costumbres,novela de costumbres,novela de costumbres,novela de costumbres,novela de costumbres
5104,subgenre-theme,novela histórica,novela de costumbres,2000,word,tfidf,5,nh0147,novela de costumbres,novela de costumbres,novela de costumbres,novela de costumbres,novela de costumbres,novela de costumbres,novela de costumbres,novela de costumbres,novela de costumbres,novela de costumbres,novela de costumbres
5105,subgenre-theme,novela histórica,novela de costumbres,2000,word,tfidf,5,nh0149,novela histórica,novela histórica,novela histórica,novela histórica,novela histórica,novela histórica,novela histórica,novela histórica,novela histórica,novela histórica,novela histórica
5106,subgenre-theme,novela histórica,novela de costumbres,2000,word,tfidf,5,nh0150,novela histórica,novela histórica,novela histórica,novela histórica,novela histórica,novela histórica,novela de costumbres,novela histórica,novela histórica,novela histórica,novela histórica
5107,subgenre-theme,novela histórica,novela de costumbres,2000,word,tfidf,5,nh0152,novela histórica,novela histórica,novela histórica,novela histórica,novela histórica,novela histórica,novela histórica,novela histórica,novela histórica,novela histórica,novela histórica
5108,subgenre-theme,novela histórica,novela de costumbres,2000,word,tfidf,5,nh0158,novela histórica,novela histórica,novela histórica,novela histórica,novela histórica,novela histórica,novela histórica,novela histórica,novela histórica,novela histórica,novela histórica
5109,subgenre-theme,novela histórica,novela de costumbres,2000,word,tfidf,5,nh0159,novela histórica,novela histórica,novela histórica,novela histórica,novela histórica,novela histórica,novela histórica,novela histórica,novela histórica,novela histórica,novela histórica
5110,subgenre-theme,novela histórica,novela de costumbres,2000,word,tfidf,5,nh0161,novela histórica,novela histórica,novela histórica,novela histórica,novela histórica,novela histórica,novela histórica,novela histórica,novela histórica,novela histórica,novela histórica
5111,subgenre-theme,novela histórica,novela de costumbres,2000,word,tfidf,5,nh0164,novela de costumbres,novela de costumbres,novela de costumbres,novela de costumbres,novela de costumbres,novela de costumbres,novela de costumbres,novela de costumbres,novela de costumbres,novela de costumbres,novela de costumbres
5112,subgenre-theme,novela histórica,novela de costumbres,2000,word,tfidf,5,nh0165,novela histórica,novela histórica,novela histórica,novela histórica,novela histórica,novela histórica,novela histórica,novela de costumbres,novela histórica,novela histórica,novela histórica
5113,subgenre-theme,novela histórica,novela de costumbres,2000,word,tfidf,5,nh0166,novela histórica,novela histórica,novela histórica,novela histórica,novela histórica,novela histórica,novela histórica,novela histórica,novela histórica,novela histórica,novela histórica
5114,subgenre-theme,novela histórica,novela de costumbres,2000,word,tfidf,5,nh0168,novela histórica,novela histórica,novela histórica,novela histórica,novela histórica,novela histórica,novela histórica,novela histórica,novela histórica,novela histórica,novela histórica
5115,subgenre-theme,novela histórica,novela de costumbres,2000,word,tfidf,5,nh0169,novela histórica,novela histórica,novela histórica,novela histórica,novela histórica,novela histórica,novela histórica,novela histórica,novela de costumbres,novela histórica,novela histórica
5116,subgenre-theme,novela histórica,novela de costumbres,2000,word,tfidf,5,nh0172,novela de costumbres,novela de costumbres,novela de costumbres,novela de costumbres,novela de costumbres,novela de costumbres,novela de costumbres,novela de costumbres,novela de costumbres,novela de costumbres,novela de costumbres
5117,subgenre-theme,novela histórica,novela de costumbres,2000,word,tfidf,5,nh0179,novela de costumbres,novela de costumbres,novela de costumbres,novela de costumbres,novela de costumbres,novela de costumbres,novela de costumbres,novela de costumbres,novela de costumbres,novela de costumbres,novela de costumbres
5118,subgenre-theme,novela histórica,novela de costumbres,2000,word,tfidf,5,nh0180,novela histórica,novela histórica,novela histórica,novela histórica,novela histórica,novela histórica,novela histórica,novela histórica,novela histórica,novela histórica,novela histórica
5119,subgenre-theme,novela histórica,novela de costumbres,2000,word,tfidf,5,nh0181,novela histórica,novela histórica,novela histórica,novela histórica,novela histórica,novela histórica,novela histórica,novela histórica,novela histórica,novela histórica,novela histórica
5120,subgenre-theme,novela histórica,novela de costumbres,2000,word,tfidf,5,nh0182,novela histórica,novela histórica,novela histórica,novela histórica,novela histórica,novela histórica,novela histórica,novela histórica,novela histórica,novela histórica,novela histórica
5121,subgenre-theme,novela histórica,novela de costumbres,2000,word,tfidf,5,nh0184,novela histórica,novela histórica,novela histórica,novela histórica,novela histórica,novela histórica,novela histórica,novela histórica,novela histórica,novela histórica,novela histórica
5122,subgenre-theme,novela histórica,novela de costumbres,2000,word,tfidf,5,nh0196,novela histórica,novela histórica,novela histórica,novela histórica,novela histórica,novela histórica,novela histórica,novela histórica,novela histórica,novela histórica,novela histórica
5123,subgenre-theme,novela histórica,novela de costumbres,2000,word,tfidf,5,nh0197,novela de costumbres,novela de costumbres,novela de costumbres,novela de costumbres,novela de costumbres,novela de costumbres,novela de costumbres,novela de costumbres,novela de costumbres,novela de costumbres,novela de costumbres
5124,subgenre-theme,novela histórica,novela de costumbres,2000,word,tfidf,5,nh0199,novela de costumbres,novela de costumbres,novela de costumbres,novela de costumbres,novela de costumbres,novela de costumbres,novela de costumbres,novela de costumbres,novela de costumbres,novela de costumbres,novela de costumbres
5125,subgenre-theme,novela histórica,novela de costumbres,2000,word,tfidf,5,nh0203,novela histórica,novela histórica,novela histórica,novela histórica,novela histórica,novela histórica,novela histórica,novela histórica,novela histórica,novela histórica,novela histórica
5126,subgenre-theme,novela histórica,novela de costumbres,2000,word,tfidf,5,nh0208,novela histórica,novela histórica,novela histórica,novela histórica,novela histórica,novela histórica,novela histórica,novela histórica,novela histórica,novela histórica,novela histórica
5127,subgenre-theme,novela histórica,novela de costumbres,2000,word,tfidf,5,nh0210,novela histórica,novela histórica,novela histórica,novela histórica,novela histórica,novela histórica,novela histórica,novela histórica,novela histórica,novela de costumbres,novela histórica
5128,subgenre-theme,novela histórica,novela de costumbres,2000,word,tfidf,5,nh0213,novela de costumbres,novela de costumbres,novela de costumbres,novela de costumbres,novela de costumbres,novela de costumbres,novela de costumbres,novela de costumbres,novela de costumbres,novela de costumbres,novela de costumbres
5129,subgenre-theme,novela histórica,novela de costumbres,2000,word,tfidf,5,nh0214,novela de costumbres,novela de costumbres,novela de costumbres,novela de costumbres,novela de costumbres,novela de costumbres,novela de costumbres,novela de costumbres,novela de costumbres,novela de costumbres,novela de costumbres
5130,subgenre-theme,novela histórica,novela de costumbres,2000,word,tfidf,5,nh0217,novela de costumbres,novela de costumbres,novela de costumbres,novela de costumbres,novela de costumbres,novela de costumbres,novela de costumbres,novela de costumbres,novela de costumbres,novela de costumbres,novela de costumbres
5131,subgenre-theme,novela histórica,novela de costumbres,2000,word,tfidf,5,nh0220,novela de costumbres,novela de costumbres,novela de costumbres,novela de costumbres,novela de costumbres,novela de costumbres,novela de costumbres,novela de costumbres,novela de costumbres,novela de costumbres,novela de costumbres
5132,subgenre-theme,novela histórica,novela de costumbres,2000,word,tfidf,5,nh0222,novela histórica,novela histórica,novela histórica,novela histórica,novela histórica,novela histórica,novela histórica,novela histórica,novela histórica,novela histórica,novela histórica
5133,subgenre-theme,novela histórica,novela de costumbres,2000,word,tfidf,5,nh0227,novela histórica,novela histórica,novela histórica,novela histórica,novela histórica,novela histórica,novela histórica,novela histórica,novela histórica,novela histórica,novela histórica
5134,subgenre-theme,novela histórica,novela de costumbres,2000,word,tfidf,5,nh0231,novela histórica,novela histórica,novela histórica,novela histórica,novela histórica,novela histórica,novela histórica,novela histórica,novela histórica,novela histórica,novela histórica
5135,subgenre-theme,novela histórica,novela de costumbres,2000,word,tfidf,5,nh0238,novela de costumbres,novela de costumbres,novela de costumbres,novela de costumbres,novela de costumbres,novela de costumbres,novela de costumbres,novela de costumbres,novela de costumbres,novela de costumbres,novela histórica
5136,subgenre-theme,novela histórica,novela de costumbres,2000,word,tfidf,5,nh0242,novela de costumbres,novela de costumbres,novela de costumbres,novela de costumbres,novela de costumbres,novela de costumbres,novela de costumbres,novela de costumbres,novela de costumbres,novela de costumbres,novela de costumbres
5137,subgenre-theme,novela histórica,novela de costumbres,2000,word,tfidf,5,nh0246,novela de costumbres,novela de costumbres,novela de costumbres,novela de costumbres,novela de costumbres,novela de costumbres,novela de costumbres,novela de costumbres,novela de costumbres,novela de costumbres,novela histórica
5138,subgenre-theme,novela histórica,novela de costumbres,2000,word,tfidf,5,nh0248,novela histórica,novela histórica,novela histórica,novela histórica,novela histórica,novela histórica,novela histórica,novela histórica,novela histórica,novela histórica,novela histórica
5139,subgenre-theme,novela histórica,novela de costumbres,2000,word,tfidf,5,nh0253,novela histórica,novela histórica,novela histórica,novela histórica,novela histórica,novela histórica,novela histórica,novela histórica,novela histórica,novela histórica,novela de costumbres
5140,subgenre-theme,novela histórica,novela de costumbres,2000,word,tfidf,6,nh0001,novela de costumbres,novela de costumbres,novela de costumbres,novela de costumbres,novela de costumbres,novela de costumbres,novela de costumbres,novela de costumbres,novela de costumbres,novela de costumbres,novela de costumbres
5141,subgenre-theme,novela histórica,novela de costumbres,2000,word,tfidf,6,nh0004,novela histórica,novela histórica,novela histórica,novela histórica,novela histórica,novela histórica,novela histórica,novela histórica,novela histórica,novela histórica,novela histórica
5142,subgenre-theme,novela histórica,novela de costumbres,2000,word,tfidf,6,nh0005,novela de costumbres,novela de costumbres,novela de costumbres,novela de costumbres,novela de costumbres,novela de costumbres,novela de costumbres,novela de costumbres,novela de costumbres,novela de costumbres,novela de costumbres
5143,subgenre-theme,novela histórica,novela de costumbres,2000,word,tfidf,6,nh0007,novela histórica,novela histórica,novela histórica,novela histórica,novela histórica,novela histórica,novela histórica,novela histórica,novela histórica,novela histórica,novela histórica
5144,subgenre-theme,novela histórica,novela de costumbres,2000,word,tfidf,6,nh0008,novela de costumbres,novela de costumbres,novela de costumbres,novela de costumbres,novela de costumbres,novela de costumbres,novela de costumbres,novela de costumbres,novela de costumbres,novela de costumbres,novela de costumbres
5145,subgenre-theme,novela histórica,novela de costumbres,2000,word,tfidf,6,nh0009,novela histórica,novela histórica,novela histórica,novela histórica,novela histórica,novela histórica,novela histórica,novela histórica,novela histórica,novela histórica,novela histórica
5146,subgenre-theme,novela histórica,novela de costumbres,2000,word,tfidf,6,nh0010,novela de costumbres,novela de costumbres,novela de costumbres,novela de costumbres,novela de costumbres,novela de costumbres,novela de costumbres,novela de costumbres,novela de costumbres,novela de costumbres,novela de costumbres
5147,subgenre-theme,novela histórica,novela de costumbres,2000,word,tfidf,6,nh0015,novela histórica,novela histórica,novela histórica,novela histórica,novela histórica,novela histórica,novela histórica,novela histórica,novela histórica,novela histórica,novela histórica
5148,subgenre-theme,novela histórica,novela de costumbres,2000,word,tfidf,6,nh0020,novela histórica,novela histórica,novela histórica,novela histórica,novela histórica,novela histórica,novela histórica,novela histórica,novela histórica,novela histórica,novela histórica
5149,subgenre-theme,novela histórica,novela de costumbres,2000,word,tfidf,6,nh0025,novela histórica,novela histórica,novela histórica,novela histórica,novela histórica,novela histórica,novela histórica,novela histórica,novela histórica,novela histórica,novela histórica
5150,subgenre-theme,novela histórica,novela de costumbres,2000,word,tfidf,6,nh0026,novela histórica,novela histórica,novela histórica,novela histórica,novela histórica,novela histórica,novela histórica,novela histórica,novela histórica,novela histórica,novela histórica
5151,subgenre-theme,novela histórica,novela de costumbres,2000,word,tfidf,6,nh0027,novela de costumbres,novela de costumbres,novela de costumbres,novela de costumbres,novela de costumbres,novela de costumbres,novela de costumbres,novela de costumbres,novela de costumbres,novela de costumbres,novela de costumbres
5152,subgenre-theme,novela histórica,novela de costumbres,2000,word,tfidf,6,nh0036,novela de costumbres,novela de costumbres,novela de costumbres,novela de costumbres,novela de costumbres,novela de costumbres,novela de costumbres,novela de costumbres,novela de costumbres,novela de costumbres,novela de costumbres
5153,subgenre-theme,novela histórica,novela de costumbres,2000,word,tfidf,6,nh0037,novela histórica,novela histórica,novela histórica,novela histórica,novela histórica,novela histórica,novela histórica,novela histórica,novela histórica,novela histórica,novela histórica
5154,subgenre-theme,novela histórica,novela de costumbres,2000,word,tfidf,6,nh0039,novela de costumbres,novela de costumbres,novela de costumbres,novela de costumbres,novela de costumbres,novela de costumbres,novela de costumbres,novela de costumbres,novela de costumbres,novela de costumbres,novela de costumbres
5155,subgenre-theme,novela histórica,novela de costumbres,2000,word,tfidf,6,nh0040,novela histórica,novela histórica,novela de costumbres,novela histórica,novela histórica,novela histórica,novela histórica,novela histórica,novela histórica,novela histórica,novela histórica
5156,subgenre-theme,novela histórica,novela de costumbres,2000,word,tfidf,6,nh0041,novela histórica,novela histórica,novela histórica,novela histórica,novela histórica,novela histórica,novela histórica,novela histórica,novela histórica,novela histórica,novela histórica
5157,subgenre-theme,novela histórica,novela de costumbres,2000,word,tfidf,6,nh0042,novela de costumbres,novela de costumbres,novela de costumbres,novela de costumbres,novela de costumbres,novela de costumbres,novela de costumbres,novela de costumbres,novela de costumbres,novela de costumbres,novela de costumbres
5158,subgenre-theme,novela histórica,novela de costumbres,2000,word,tfidf,6,nh0048,novela de costumbres,novela de costumbres,novela de costumbres,novela de costumbres,novela de costumbres,novela de costumbres,novela de costumbres,novela de costumbres,novela de costumbres,novela de costumbres,novela de costumbres
5159,subgenre-theme,novela histórica,novela de costumbres,2000,word,tfidf,6,nh0049,novela histórica,novela histórica,novela histórica,novela histórica,novela histórica,novela histórica,novela histórica,novela histórica,novela histórica,novela histórica,novela histórica
5160,subgenre-theme,novela histórica,novela de costumbres,2000,word,tfidf,6,nh0050,novela de costumbres,novela de costumbres,novela de costumbres,novela de costumbres,novela de costumbres,novela de costumbres,novela de costumbres,novela de costumbres,novela de costumbres,novela de costumbres,novela de costumbres
5161,subgenre-theme,novela histórica,novela de costumbres,2000,word,tfidf,6,nh0051,novela de costumbres,novela de costumbres,novela de costumbres,novela de costumbres,novela de costumbres,novela de costumbres,novela de costumbres,novela de costumbres,novela de costumbres,novela de costumbres,novela de costumbres
5162,subgenre-theme,novela histórica,novela de costumbres,2000,word,tfidf,6,nh0054,novela histórica,novela histórica,novela histórica,novela histórica,novela histórica,novela histórica,novela histórica,novela histórica,novela histórica,novela histórica,novela histórica
5163,subgenre-theme,novela histórica,novela de costumbres,2000,word,tfidf,6,nh0055,novela histórica,novela histórica,novela histórica,novela histórica,novela histórica,novela histórica,novela histórica,novela histórica,novela histórica,novela histórica,novela histórica
5164,subgenre-theme,novela histórica,novela de costumbres,2000,word,tfidf,6,nh0057,novela de costumbres,novela de costumbres,novela de costumbres,novela de costumbres,novela de costumbres,novela de costumbres,novela de costumbres,novela de costumbres,novela de costumbres,novela de costumbres,novela de costumbres
5165,subgenre-theme,novela histórica,novela de costumbres,2000,word,tfidf,6,nh0061,novela de costumbres,novela de costumbres,novela de costumbres,novela histórica,novela de costumbres,novela de costumbres,novela de costumbres,novela de costumbres,novela de costumbres,novela de costumbres,novela de costumbres
5166,subgenre-theme,novela histórica,novela de costumbres,2000,word,tfidf,6,nh0062,novela de costumbres,novela de costumbres,novela de costumbres,novela de costumbres,novela de costumbres,novela de costumbres,novela de costumbres,novela de costumbres,novela de costumbres,novela de costumbres,novela de costumbres
5167,subgenre-theme,novela histórica,novela de costumbres,2000,word,tfidf,6,nh0063,novela de costumbres,novela de costumbres,novela de costumbres,novela de costumbres,novela de costumbres,novela de costumbres,novela de costumbres,novela de costumbres,novela de costumbres,novela de costumbres,novela de costumbres
5168,subgenre-theme,novela histórica,novela de costumbres,2000,word,tfidf,6,nh0064,novela histórica,novela histórica,novela histórica,novela histórica,novela histórica,novela histórica,novela histórica,novela histórica,novela histórica,novela histórica,novela histórica
5169,subgenre-theme,novela histórica,novela de costumbres,2000,word,tfidf,6,nh0065,novela de costumbres,novela de costumbres,novela de costumbres,novela de costumbres,novela de costumbres,novela de costumbres,novela de costumbres,novela de costumbres,novela de costumbres,novela de costumbres,novela de costumbres
5170,subgenre-theme,novela histórica,novela de costumbres,2000,word,tfidf,6,nh0066,novela de costumbres,novela de costumbres,novela de costumbres,novela de costumbres,novela histórica,novela de costumbres,novela de costumbres,novela de costumbres,novela de costumbres,novela de costumbres,novela de costumbres
5171,subgenre-theme,novela histórica,novela de costumbres,2000,word,tfidf,6,nh0069,novela histórica,novela histórica,novela histórica,novela histórica,novela histórica,novela histórica,novela histórica,novela histórica,novela histórica,novela histórica,novela histórica
5172,subgenre-theme,novela histórica,novela de costumbres,2000,word,tfidf,6,nh0070,novela de costumbres,novela de costumbres,novela de costumbres,novela de costumbres,novela de costumbres,novela de costumbres,novela de costumbres,novela de costumbres,novela de costumbres,novela de costumbres,novela de costumbres
5173,subgenre-theme,novela histórica,novela de costumbres,2000,word,tfidf,6,nh0071,novela de costumbres,novela de costumbres,novela de costumbres,novela de costumbres,novela de costumbres,novela de costumbres,novela de costumbres,novela de costumbres,novela de costumbres,novela de costumbres,novela de costumbres
5174,subgenre-theme,novela histórica,novela de costumbres,2000,word,tfidf,6,nh0073,novela de costumbres,novela de costumbres,novela de costumbres,novela de costumbres,novela de costumbres,novela de costumbres,novela de costumbres,novela de costumbres,novela de costumbres,novela de costumbres,novela de costumbres
5175,subgenre-theme,novela histórica,novela de costumbres,2000,word,tfidf,6,nh0077,novela de costumbres,novela de costumbres,novela de costumbres,novela de costumbres,novela de costumbres,novela de costumbres,novela de costumbres,novela de costumbres,novela de costumbres,novela de costumbres,novela de costumbres
5176,subgenre-theme,novela histórica,novela de costumbres,2000,word,tfidf,6,nh0078,novela de costumbres,novela de costumbres,novela de costumbres,novela de costumbres,novela de costumbres,novela de costumbres,novela de costumbres,novela de costumbres,novela de costumbres,novela de costumbres,novela de costumbres
5177,subgenre-theme,novela histórica,novela de costumbres,2000,word,tfidf,6,nh0079,novela de costumbres,novela de costumbres,novela de costumbres,novela de costumbres,novela de costumbres,novela de costumbres,novela de costumbres,novela de costumbres,novela de costumbres,novela de costumbres,novela de costumbres
5178,subgenre-theme,novela histórica,novela de costumbres,2000,word,tfidf,6,nh0081,novela histórica,novela histórica,novela histórica,novela histórica,novela histórica,novela histórica,novela histórica,novela histórica,novela histórica,novela histórica,novela histórica
5179,subgenre-theme,novela histórica,novela de costumbres,2000,word,tfidf,6,nh0084,novela histórica,novela histórica,novela histórica,novela histórica,novela histórica,novela histórica,novela histórica,novela histórica,novela histórica,novela histórica,novela histórica
5180,subgenre-theme,novela histórica,novela de costumbres,2000,word,tfidf,6,nh0086,novela histórica,novela histórica,novela histórica,novela histórica,novela de costumbres,novela histórica,novela histórica,novela histórica,novela histórica,novela histórica,novela histórica
5181,subgenre-theme,novela histórica,novela de costumbres,2000,word,tfidf,6,nh0090,novela de costumbres,novela de costumbres,novela de costumbres,novela de costumbres,novela de costumbres,novela de costumbres,novela de costumbres,novela de costumbres,novela de costumbres,novela de costumbres,novela de costumbres
5182,subgenre-theme,novela histórica,novela de costumbres,2000,word,tfidf,6,nh0091,novela histórica,novela histórica,novela histórica,novela histórica,novela histórica,novela histórica,novela histórica,novela histórica,novela histórica,novela histórica,novela histórica
5183,subgenre-theme,novela histórica,novela de costumbres,2000,word,tfidf,6,nh0093,novela de costumbres,novela de costumbres,novela de costumbres,novela de costumbres,novela de costumbres,novela de costumbres,novela de costumbres,novela de costumbres,novela de costumbres,novela de costumbres,novela de costumbres
5184,subgenre-theme,novela histórica,novela de costumbres,2000,word,tfidf,6,nh0094,novela histórica,novela histórica,novela histórica,novela histórica,novela de costumbres,novela histórica,novela histórica,novela histórica,novela histórica,novela histórica,novela histórica
5185,subgenre-theme,novela histórica,novela de costumbres,2000,word,tfidf,6,nh0097,novela histórica,novela histórica,novela histórica,novela histórica,novela histórica,novela histórica,novela histórica,novela histórica,novela histórica,novela histórica,novela histórica
5186,subgenre-theme,novela histórica,novela de costumbres,2000,word,tfidf,6,nh0101,novela de costumbres,novela de costumbres,novela de costumbres,novela de costumbres,novela de costumbres,novela de costumbres,novela de costumbres,novela de costumbres,novela de costumbres,novela de costumbres,novela de costumbres
5187,subgenre-theme,novela histórica,novela de costumbres,2000,word,tfidf,6,nh0103,novela histórica,novela histórica,novela histórica,novela histórica,novela histórica,novela de costumbres,novela histórica,novela histórica,novela histórica,novela histórica,novela histórica
5188,subgenre-theme,novela histórica,novela de costumbres,2000,word,tfidf,6,nh0105,novela de costumbres,novela de costumbres,novela de costumbres,novela de costumbres,novela de costumbres,novela de costumbres,novela de costumbres,novela de costumbres,novela de costumbres,novela de costumbres,novela de costumbres
5189,subgenre-theme,novela histórica,novela de costumbres,2000,word,tfidf,6,nh0106,novela histórica,novela histórica,novela histórica,novela histórica,novela histórica,novela histórica,novela histórica,novela histórica,novela histórica,novela histórica,novela histórica
5190,subgenre-theme,novela histórica,novela de costumbres,2000,word,tfidf,6,nh0107,novela histórica,novela histórica,novela histórica,novela histórica,novela histórica,novela histórica,novela histórica,novela histórica,novela histórica,novela histórica,novela histórica
5191,subgenre-theme,novela histórica,novela de costumbres,2000,word,tfidf,6,nh0108,novela histórica,novela histórica,novela histórica,novela histórica,novela histórica,novela de costumbres,novela histórica,novela histórica,novela histórica,novela histórica,novela histórica
5192,subgenre-theme,novela histórica,novela de costumbres,2000,word,tfidf,6,nh0111,novela histórica,novela histórica,novela histórica,novela histórica,novela histórica,novela histórica,novela histórica,novela histórica,novela histórica,novela histórica,novela histórica
5193,subgenre-theme,novela histórica,novela de costumbres,2000,word,tfidf,6,nh0115,novela histórica,novela histórica,novela histórica,novela histórica,novela histórica,novela histórica,novela histórica,novela histórica,novela histórica,novela histórica,novela histórica
5194,subgenre-theme,novela histórica,novela de costumbres,2000,word,tfidf,6,nh0117,novela histórica,novela histórica,novela histórica,novela histórica,novela histórica,novela histórica,novela histórica,novela histórica,novela histórica,novela histórica,novela histórica
5195,subgenre-theme,novela histórica,novela de costumbres,2000,word,tfidf,6,nh0118,novela de costumbres,novela de costumbres,novela de costumbres,novela de costumbres,novela de costumbres,novela de costumbres,novela de costumbres,novela de costumbres,novela de costumbres,novela de costumbres,novela de costumbres
5196,subgenre-theme,novela histórica,novela de costumbres,2000,word,tfidf,6,nh0120,novela de costumbres,novela de costumbres,novela de costumbres,novela de costumbres,novela de costumbres,novela de costumbres,novela de costumbres,novela de costumbres,novela de costumbres,novela de costumbres,novela de costumbres
5197,subgenre-theme,novela histórica,novela de costumbres,2000,word,tfidf,6,nh0122,novela histórica,novela histórica,novela histórica,novela histórica,novela histórica,novela histórica,novela histórica,novela histórica,novela histórica,novela histórica,novela histórica
5198,subgenre-theme,novela histórica,novela de costumbres,2000,word,tfidf,6,nh0125,novela histórica,novela histórica,novela histórica,novela histórica,novela histórica,novela histórica,novela histórica,novela histórica,novela histórica,novela histórica,novela histórica
5199,subgenre-theme,novela histórica,novela de costumbres,2000,word,tfidf,6,nh0129,novela de costumbres,novela de costumbres,novela de costumbres,novela de costumbres,novela de costumbres,novela de costumbres,novela de costumbres,novela de costumbres,novela de costumbres,novela de costumbres,novela de costumbres
5200,subgenre-theme,novela histórica,novela de costumbres,2000,word,tfidf,6,nh0131,novela de costumbres,novela de costumbres,novela de costumbres,novela de costumbres,novela de costumbres,novela de costumbres,novela de costumbres,novela de costumbres,novela de costumbres,novela de costumbres,novela de costumbres
5201,subgenre-theme,novela histórica,novela de costumbres,2000,word,tfidf,6,nh0133,novela de costumbres,novela de costumbres,novela de costumbres,novela de costumbres,novela de costumbres,novela de costumbres,novela de costumbres,novela de costumbres,novela de costumbres,novela de costumbres,novela de costumbres
5202,subgenre-theme,novela histórica,novela de costumbres,2000,word,tfidf,6,nh0135,novela de costumbres,novela de costumbres,novela de costumbres,novela de costumbres,novela de costumbres,novela de costumbres,novela de costumbres,novela de costumbres,novela de costumbres,novela de costumbres,novela de costumbres
5203,subgenre-theme,novela histórica,novela de costumbres,2000,word,tfidf,6,nh0137,novela de costumbres,novela de costumbres,novela de costumbres,novela de costumbres,novela de costumbres,novela de costumbres,novela de costumbres,novela histórica,novela de costumbres,novela de costumbres,novela de costumbres
5204,subgenre-theme,novela histórica,novela de costumbres,2000,word,tfidf,6,nh0138,novela de costumbres,novela de costumbres,novela de costumbres,novela de costumbres,novela de costumbres,novela de costumbres,novela de costumbres,novela de costumbres,novela de costumbres,novela de costumbres,novela de costumbres
5205,subgenre-theme,novela histórica,novela de costumbres,2000,word,tfidf,6,nh0141,novela de costumbres,novela de costumbres,novela de costumbres,novela de costumbres,novela de costumbres,novela de costumbres,novela de costumbres,novela de costumbres,novela histórica,novela de costumbres,novela de costumbres
5206,subgenre-theme,novela histórica,novela de costumbres,2000,word,tfidf,6,nh0142,novela histórica,novela histórica,novela histórica,novela histórica,novela histórica,novela histórica,novela histórica,novela histórica,novela histórica,novela histórica,novela histórica
5207,subgenre-theme,novela histórica,novela de costumbres,2000,word,tfidf,6,nh0143,novela histórica,novela histórica,novela histórica,novela histórica,novela histórica,novela histórica,novela histórica,novela histórica,novela histórica,novela histórica,novela histórica
5208,subgenre-theme,novela histórica,novela de costumbres,2000,word,tfidf,6,nh0144,novela de costumbres,novela de costumbres,novela de costumbres,novela de costumbres,novela de costumbres,novela de costumbres,novela de costumbres,novela de costumbres,novela de costumbres,novela de costumbres,novela de costumbres
5209,subgenre-theme,novela histórica,novela de costumbres,2000,word,tfidf,6,nh0147,novela de costumbres,novela de costumbres,novela de costumbres,novela de costumbres,novela de costumbres,novela de costumbres,novela de costumbres,novela de costumbres,novela de costumbres,novela de costumbres,novela de costumbres
5210,subgenre-theme,novela histórica,novela de costumbres,2000,word,tfidf,6,nh0149,novela histórica,novela histórica,novela histórica,novela histórica,novela histórica,novela histórica,novela histórica,novela histórica,novela histórica,novela histórica,novela histórica
5211,subgenre-theme,novela histórica,novela de costumbres,2000,word,tfidf,6,nh0158,novela histórica,novela histórica,novela histórica,novela histórica,novela histórica,novela histórica,novela histórica,novela histórica,novela histórica,novela histórica,novela histórica
5212,subgenre-theme,novela histórica,novela de costumbres,2000,word,tfidf,6,nh0159,novela histórica,novela histórica,novela histórica,novela histórica,novela histórica,novela histórica,novela histórica,novela histórica,novela histórica,novela histórica,novela histórica
5213,subgenre-theme,novela histórica,novela de costumbres,2000,word,tfidf,6,nh0161,novela histórica,novela histórica,novela histórica,novela histórica,novela histórica,novela histórica,novela histórica,novela histórica,novela histórica,novela histórica,novela histórica
5214,subgenre-theme,novela histórica,novela de costumbres,2000,word,tfidf,6,nh0164,novela de costumbres,novela de costumbres,novela de costumbres,novela de costumbres,novela de costumbres,novela de costumbres,novela de costumbres,novela de costumbres,novela de costumbres,novela de costumbres,novela de costumbres
5215,subgenre-theme,novela histórica,novela de costumbres,2000,word,tfidf,6,nh0165,novela histórica,novela histórica,novela histórica,novela histórica,novela histórica,novela histórica,novela histórica,novela histórica,novela de costumbres,novela histórica,novela histórica
5216,subgenre-theme,novela histórica,novela de costumbres,2000,word,tfidf,6,nh0168,novela histórica,novela histórica,novela histórica,novela histórica,novela histórica,novela histórica,novela histórica,novela histórica,novela histórica,novela histórica,novela histórica
5217,subgenre-theme,novela histórica,novela de costumbres,2000,word,tfidf,6,nh0172,novela de costumbres,novela de costumbres,novela de costumbres,novela de costumbres,novela de costumbres,novela de costumbres,novela de costumbres,novela de costumbres,novela de costumbres,novela de costumbres,novela de costumbres
5218,subgenre-theme,novela histórica,novela de costumbres,2000,word,tfidf,6,nh0176,novela histórica,novela histórica,novela histórica,novela histórica,novela histórica,novela histórica,novela histórica,novela histórica,novela histórica,novela histórica,novela histórica
5219,subgenre-theme,novela histórica,novela de costumbres,2000,word,tfidf,6,nh0179,novela de costumbres,novela de costumbres,novela de costumbres,novela de costumbres,novela de costumbres,novela de costumbres,novela de costumbres,novela de costumbres,novela de costumbres,novela de costumbres,novela de costumbres
5220,subgenre-theme,novela histórica,novela de costumbres,2000,word,tfidf,6,nh0181,novela histórica,novela histórica,novela histórica,novela histórica,novela histórica,novela histórica,novela histórica,novela histórica,novela histórica,novela histórica,novela histórica
5221,subgenre-theme,novela histórica,novela de costumbres,2000,word,tfidf,6,nh0184,novela histórica,novela histórica,novela histórica,novela histórica,novela histórica,novela histórica,novela histórica,novela histórica,novela histórica,novela histórica,novela histórica
5222,subgenre-theme,novela histórica,novela de costumbres,2000,word,tfidf,6,nh0196,novela histórica,novela histórica,novela histórica,novela histórica,novela histórica,novela histórica,novela histórica,novela histórica,novela histórica,novela histórica,novela histórica
5223,subgenre-theme,novela histórica,novela de costumbres,2000,word,tfidf,6,nh0197,novela de costumbres,novela de costumbres,novela de costumbres,novela de costumbres,novela de costumbres,novela de costumbres,novela de costumbres,novela de costumbres,novela de costumbres,novela de costumbres,novela de costumbres
5224,subgenre-theme,novela histórica,novela de costumbres,2000,word,tfidf,6,nh0199,novela de costumbres,novela de costumbres,novela de costumbres,novela de costumbres,novela de costumbres,novela de costumbres,novela de costumbres,novela de costumbres,novela de costumbres,novela de costumbres,novela de costumbres
5225,subgenre-theme,novela histórica,novela de costumbres,2000,word,tfidf,6,nh0203,novela histórica,novela histórica,novela histórica,novela histórica,novela histórica,novela histórica,novela histórica,novela histórica,novela histórica,novela histórica,novela histórica
5226,subgenre-theme,novela histórica,novela de costumbres,2000,word,tfidf,6,nh0210,novela histórica,novela histórica,novela histórica,novela histórica,novela histórica,novela histórica,novela histórica,novela histórica,novela histórica,novela de costumbres,novela histórica
5227,subgenre-theme,novela histórica,novela de costumbres,2000,word,tfidf,6,nh0213,novela de costumbres,novela de costumbres,novela de costumbres,novela de costumbres,novela de costumbres,novela de costumbres,novela de costumbres,novela de costumbres,novela de costumbres,novela de costumbres,novela de costumbres
5228,subgenre-theme,novela histórica,novela de costumbres,2000,word,tfidf,6,nh0214,novela de costumbres,novela de costumbres,novela de costumbres,novela de costumbres,novela de costumbres,novela de costumbres,novela de costumbres,novela de costumbres,novela de costumbres,novela de costumbres,novela de costumbres
5229,subgenre-theme,novela histórica,novela de costumbres,2000,word,tfidf,6,nh0217,novela de costumbres,novela de costumbres,novela de costumbres,novela de costumbres,novela de costumbres,novela de costumbres,novela de costumbres,novela de costumbres,novela de costumbres,novela de costumbres,novela de costumbres
5230,subgenre-theme,novela histórica,novela de costumbres,2000,word,tfidf,6,nh0220,novela de costumbres,novela de costumbres,novela de costumbres,novela de costumbres,novela de costumbres,novela de costumbres,novela de costumbres,novela de costumbres,novela de costumbres,novela de costumbres,novela de costumbres
5231,subgenre-theme,novela histórica,novela de costumbres,2000,word,tfidf,6,nh0222,novela histórica,novela histórica,novela histórica,novela histórica,novela histórica,novela histórica,novela histórica,novela histórica,novela histórica,novela histórica,novela histórica
5232,subgenre-theme,novela histórica,novela de costumbres,2000,word,tfidf,6,nh0227,novela histórica,novela histórica,novela histórica,novela histórica,novela histórica,novela histórica,novela histórica,novela histórica,novela histórica,novela histórica,novela histórica
5233,subgenre-theme,novela histórica,novela de costumbres,2000,word,tfidf,6,nh0238,novela de costumbres,novela de costumbres,novela de costumbres,novela de costumbres,novela de costumbres,novela de costumbres,novela de costumbres,novela de costumbres,novela de costumbres,novela de costumbres,novela de costumbres
5234,subgenre-theme,novela histórica,novela de costumbres,2000,word,tfidf,6,nh0242,novela de costumbres,novela de costumbres,novela de costumbres,novela de costumbres,novela de costumbres,novela de costumbres,novela de costumbres,novela de costumbres,novela de costumbres,novela de costumbres,novela de costumbres
5235,subgenre-theme,novela histórica,novela de costumbres,2000,word,tfidf,6,nh0243,novela histórica,novela histórica,novela histórica,novela histórica,novela histórica,novela histórica,novela histórica,novela histórica,novela histórica,novela histórica,novela histórica
5236,subgenre-theme,novela histórica,novela de costumbres,2000,word,tfidf,6,nh0246,novela de costumbres,novela de costumbres,novela de costumbres,novela de costumbres,novela de costumbres,novela de costumbres,novela de costumbres,novela de costumbres,novela de costumbres,novela de costumbres,novela de costumbres
5237,subgenre-theme,novela histórica,novela de costumbres,2000,word,tfidf,6,nh0247,novela histórica,novela histórica,novela histórica,novela histórica,novela histórica,novela histórica,novela histórica,novela histórica,novela histórica,novela histórica,novela histórica
5238,subgenre-theme,novela histórica,novela de costumbres,2000,word,tfidf,6,nh0249,novela histórica,novela histórica,novela histórica,novela histórica,novela histórica,novela histórica,novela histórica,novela histórica,novela histórica,novela histórica,novela histórica
5239,subgenre-theme,novela histórica,novela de costumbres,2000,word,tfidf,6,nh0253,novela histórica,novela histórica,novela histórica,novela histórica,novela histórica,novela histórica,novela histórica,novela histórica,novela histórica,novela histórica,novela de costumbres
5240,subgenre-theme,novela histórica,novela de costumbres,2000,word,tfidf,7,nh0001,novela de costumbres,novela de costumbres,novela de costumbres,novela de costumbres,novela de costumbres,novela de costumbres,novela de costumbres,novela de costumbres,novela de costumbres,novela de costumbres,novela de costumbres
5241,subgenre-theme,novela histórica,novela de costumbres,2000,word,tfidf,7,nh0004,novela histórica,novela histórica,novela histórica,novela histórica,novela histórica,novela histórica,novela histórica,novela histórica,novela histórica,novela histórica,novela histórica
5242,subgenre-theme,novela histórica,novela de costumbres,2000,word,tfidf,7,nh0005,novela de costumbres,novela de costumbres,novela de costumbres,novela de costumbres,novela de costumbres,novela de costumbres,novela de costumbres,novela de costumbres,novela de costumbres,novela de costumbres,novela de costumbres
5243,subgenre-theme,novela histórica,novela de costumbres,2000,word,tfidf,7,nh0007,novela histórica,novela histórica,novela histórica,novela histórica,novela histórica,novela histórica,novela histórica,novela histórica,novela histórica,novela histórica,novela histórica
5244,subgenre-theme,novela histórica,novela de costumbres,2000,word,tfidf,7,nh0008,novela de costumbres,novela de costumbres,novela de costumbres,novela de costumbres,novela de costumbres,novela de costumbres,novela de costumbres,novela de costumbres,novela de costumbres,novela de costumbres,novela de costumbres
5245,subgenre-theme,novela histórica,novela de costumbres,2000,word,tfidf,7,nh0009,novela histórica,novela histórica,novela histórica,novela histórica,novela histórica,novela histórica,novela histórica,novela histórica,novela histórica,novela histórica,novela histórica
5246,subgenre-theme,novela histórica,novela de costumbres,2000,word,tfidf,7,nh0010,novela de costumbres,novela de costumbres,novela de costumbres,novela de costumbres,novela de costumbres,novela de costumbres,novela de costumbres,novela de costumbres,novela de costumbres,novela de costumbres,novela de costumbres
5247,subgenre-theme,novela histórica,novela de costumbres,2000,word,tfidf,7,nh0015,novela histórica,novela histórica,novela histórica,novela histórica,novela histórica,novela histórica,novela histórica,novela histórica,novela histórica,novela histórica,novela histórica
5248,subgenre-theme,novela histórica,novela de costumbres,2000,word,tfidf,7,nh0017,novela histórica,novela histórica,novela histórica,novela histórica,novela histórica,novela histórica,novela histórica,novela histórica,novela histórica,novela histórica,novela histórica
5249,subgenre-theme,novela histórica,novela de costumbres,2000,word,tfidf,7,nh0020,novela histórica,novela histórica,novela histórica,novela histórica,novela histórica,novela histórica,novela histórica,novela histórica,novela histórica,novela histórica,novela histórica
5250,subgenre-theme,novela histórica,novela de costumbres,2000,word,tfidf,7,nh0025,novela histórica,novela histórica,novela histórica,novela histórica,novela histórica,novela histórica,novela histórica,novela histórica,novela histórica,novela histórica,novela histórica
5251,subgenre-theme,novela histórica,novela de costumbres,2000,word,tfidf,7,nh0026,novela histórica,novela histórica,novela histórica,novela histórica,novela histórica,novela histórica,novela histórica,novela histórica,novela histórica,novela histórica,novela histórica
5252,subgenre-theme,novela histórica,novela de costumbres,2000,word,tfidf,7,nh0027,novela de costumbres,novela de costumbres,novela de costumbres,novela de costumbres,novela de costumbres,novela de costumbres,novela de costumbres,novela de costumbres,novela de costumbres,novela de costumbres,novela de costumbres
5253,subgenre-theme,novela histórica,novela de costumbres,2000,word,tfidf,7,nh0035,novela histórica,novela histórica,novela histórica,novela histórica,novela histórica,novela histórica,novela histórica,novela histórica,novela histórica,novela histórica,novela histórica
5254,subgenre-theme,novela histórica,novela de costumbres,2000,word,tfidf,7,nh0036,novela de costumbres,novela de costumbres,novela de costumbres,novela de costumbres,novela de costumbres,novela de costumbres,novela de costumbres,novela de costumbres,novela de costumbres,novela de costumbres,novela de costumbres
5255,subgenre-theme,novela histórica,novela de costumbres,2000,word,tfidf,7,nh0037,novela histórica,novela histórica,novela histórica,novela histórica,novela histórica,novela histórica,novela histórica,novela histórica,novela histórica,novela histórica,novela histórica
5256,subgenre-theme,novela histórica,novela de costumbres,2000,word,tfidf,7,nh0039,novela de costumbres,novela de costumbres,novela de costumbres,novela de costumbres,novela de costumbres,novela de costumbres,novela de costumbres,novela de costumbres,novela de costumbres,novela de costumbres,novela de costumbres
5257,subgenre-theme,novela histórica,novela de costumbres,2000,word,tfidf,7,nh0042,novela de costumbres,novela de costumbres,novela de costumbres,novela de costumbres,novela de costumbres,novela de costumbres,novela de costumbres,novela de costumbres,novela de costumbres,novela de costumbres,novela de costumbres
5258,subgenre-theme,novela histórica,novela de costumbres,2000,word,tfidf,7,nh0048,novela de costumbres,novela de costumbres,novela de costumbres,novela de costumbres,novela de costumbres,novela de costumbres,novela de costumbres,novela de costumbres,novela de costumbres,novela de costumbres,novela de costumbres
5259,subgenre-theme,novela histórica,novela de costumbres,2000,word,tfidf,7,nh0050,novela de costumbres,novela de costumbres,novela de costumbres,novela de costumbres,novela de costumbres,novela de costumbres,novela de costumbres,novela de costumbres,novela de costumbres,novela de costumbres,novela de costumbres
5260,subgenre-theme,novela histórica,novela de costumbres,2000,word,tfidf,7,nh0051,novela de costumbres,novela de costumbres,novela de costumbres,novela de costumbres,novela de costumbres,novela de costumbres,novela de costumbres,novela de costumbres,novela de costumbres,novela de costumbres,novela de costumbres
5261,subgenre-theme,novela histórica,novela de costumbres,2000,word,tfidf,7,nh0054,novela histórica,novela histórica,novela histórica,novela histórica,novela histórica,novela histórica,novela histórica,novela histórica,novela histórica,novela histórica,novela histórica
5262,subgenre-theme,novela histórica,novela de costumbres,2000,word,tfidf,7,nh0055,novela histórica,novela histórica,novela histórica,novela histórica,novela histórica,novela histórica,novela histórica,novela histórica,novela histórica,novela histórica,novela histórica
5263,subgenre-theme,novela histórica,novela de costumbres,2000,word,tfidf,7,nh0056,novela histórica,novela histórica,novela histórica,novela histórica,novela histórica,novela histórica,novela histórica,novela histórica,novela histórica,novela histórica,novela histórica
5264,subgenre-theme,novela histórica,novela de costumbres,2000,word,tfidf,7,nh0057,novela de costumbres,novela de costumbres,novela de costumbres,novela de costumbres,novela de costumbres,novela de costumbres,novela de costumbres,novela de costumbres,novela de costumbres,novela de costumbres,novela de costumbres
5265,subgenre-theme,novela histórica,novela de costumbres,2000,word,tfidf,7,nh0061,novela de costumbres,novela de costumbres,novela de costumbres,novela histórica,novela de costumbres,novela de costumbres,novela de costumbres,novela de costumbres,novela de costumbres,novela de costumbres,novela de costumbres
5266,subgenre-theme,novela histórica,novela de costumbres,2000,word,tfidf,7,nh0062,novela de costumbres,novela de costumbres,novela de costumbres,novela de costumbres,novela de costumbres,novela de costumbres,novela de costumbres,novela de costumbres,novela de costumbres,novela de costumbres,novela de costumbres
5267,subgenre-theme,novela histórica,novela de costumbres,2000,word,tfidf,7,nh0063,novela de costumbres,novela de costumbres,novela de costumbres,novela de costumbres,novela de costumbres,novela de costumbres,novela de costumbres,novela de costumbres,novela de costumbres,novela de costumbres,novela de costumbres
5268,subgenre-theme,novela histórica,novela de costumbres,2000,word,tfidf,7,nh0065,novela de costumbres,novela de costumbres,novela de costumbres,novela de costumbres,novela de costumbres,novela de costumbres,novela de costumbres,novela de costumbres,novela de costumbres,novela de costumbres,novela de costumbres
5269,subgenre-theme,novela histórica,novela de costumbres,2000,word,tfidf,7,nh0066,novela de costumbres,novela de costumbres,novela de costumbres,novela de costumbres,novela de costumbres,novela de costumbres,novela de costumbres,novela de costumbres,novela de costumbres,novela de costumbres,novela de costumbres
5270,subgenre-theme,novela histórica,novela de costumbres,2000,word,tfidf,7,nh0069,novela histórica,novela histórica,novela histórica,novela histórica,novela histórica,novela histórica,novela histórica,novela histórica,novela histórica,novela histórica,novela histórica
5271,subgenre-theme,novela histórica,novela de costumbres,2000,word,tfidf,7,nh0070,novela de costumbres,novela de costumbres,novela de costumbres,novela de costumbres,novela de costumbres,novela de costumbres,novela de costumbres,novela de costumbres,novela de costumbres,novela de costumbres,novela de costumbres
5272,subgenre-theme,novela histórica,novela de costumbres,2000,word,tfidf,7,nh0071,novela de costumbres,novela de costumbres,novela de costumbres,novela de costumbres,novela de costumbres,novela de costumbres,novela de costumbres,novela de costumbres,novela de costumbres,novela de costumbres,novela de costumbres
5273,subgenre-theme,novela histórica,novela de costumbres,2000,word,tfidf,7,nh0073,novela de costumbres,novela de costumbres,novela de costumbres,novela de costumbres,novela de costumbres,novela de costumbres,novela de costumbres,novela de costumbres,novela de costumbres,novela de costumbres,novela de costumbres
5274,subgenre-theme,novela histórica,novela de costumbres,2000,word,tfidf,7,nh0077,novela de costumbres,novela de costumbres,novela de costumbres,novela de costumbres,novela de costumbres,novela de costumbres,novela de costumbres,novela de costumbres,novela de costumbres,novela de costumbres,novela de costumbres
5275,subgenre-theme,novela histórica,novela de costumbres,2000,word,tfidf,7,nh0078,novela de costumbres,novela de costumbres,novela de costumbres,novela de costumbres,novela de costumbres,novela de costumbres,novela de costumbres,novela de costumbres,novela de costumbres,novela de costumbres,novela de costumbres
5276,subgenre-theme,novela histórica,novela de costumbres,2000,word,tfidf,7,nh0079,novela de costumbres,novela de costumbres,novela de costumbres,novela de costumbres,novela de costumbres,novela de costumbres,novela de costumbres,novela de costumbres,novela de costumbres,novela de costumbres,novela de costumbres
5277,subgenre-theme,novela histórica,novela de costumbres,2000,word,tfidf,7,nh0081,novela histórica,novela histórica,novela histórica,novela histórica,novela histórica,novela histórica,novela histórica,novela histórica,novela histórica,novela histórica,novela histórica
5278,subgenre-theme,novela histórica,novela de costumbres,2000,word,tfidf,7,nh0084,novela histórica,novela histórica,novela histórica,novela histórica,novela histórica,novela histórica,novela histórica,novela histórica,novela histórica,novela histórica,novela histórica
5279,subgenre-theme,novela histórica,novela de costumbres,2000,word,tfidf,7,nh0086,novela histórica,novela histórica,novela histórica,novela histórica,novela de costumbres,novela histórica,novela histórica,novela histórica,novela histórica,novela histórica,novela histórica
5280,subgenre-theme,novela histórica,novela de costumbres,2000,word,tfidf,7,nh0090,novela de costumbres,novela de costumbres,novela de costumbres,novela de costumbres,novela de costumbres,novela de costumbres,novela de costumbres,novela de costumbres,novela de costumbres,novela de costumbres,novela de costumbres
5281,subgenre-theme,novela histórica,novela de costumbres,2000,word,tfidf,7,nh0091,novela histórica,novela histórica,novela histórica,novela histórica,novela histórica,novela histórica,novela histórica,novela histórica,novela histórica,novela histórica,novela histórica
5282,subgenre-theme,novela histórica,novela de costumbres,2000,word,tfidf,7,nh0093,novela de costumbres,novela de costumbres,novela de costumbres,novela de costumbres,novela de costumbres,novela de costumbres,novela de costumbres,novela de costumbres,novela de costumbres,novela de costumbres,novela de costumbres
5283,subgenre-theme,novela histórica,novela de costumbres,2000,word,tfidf,7,nh0094,novela histórica,novela histórica,novela histórica,novela histórica,novela histórica,novela histórica,novela histórica,novela histórica,novela histórica,novela histórica,novela histórica
5284,subgenre-theme,novela histórica,novela de costumbres,2000,word,tfidf,7,nh0097,novela histórica,novela histórica,novela histórica,novela histórica,novela histórica,novela histórica,novela histórica,novela histórica,novela histórica,novela histórica,novela histórica
5285,subgenre-theme,novela histórica,novela de costumbres,2000,word,tfidf,7,nh0101,novela de costumbres,novela de costumbres,novela de costumbres,novela de costumbres,novela de costumbres,novela de costumbres,novela de costumbres,novela de costumbres,novela de costumbres,novela de costumbres,novela de costumbres
5286,subgenre-theme,novela histórica,novela de costumbres,2000,word,tfidf,7,nh0103,novela histórica,novela histórica,novela histórica,novela histórica,novela histórica,novela de costumbres,novela histórica,novela histórica,novela histórica,novela histórica,novela histórica
5287,subgenre-theme,novela histórica,novela de costumbres,2000,word,tfidf,7,nh0105,novela de costumbres,novela de costumbres,novela de costumbres,novela de costumbres,novela de costumbres,novela de costumbres,novela de costumbres,novela de costumbres,novela de costumbres,novela de costumbres,novela de costumbres
5288,subgenre-theme,novela histórica,novela de costumbres,2000,word,tfidf,7,nh0106,novela histórica,novela histórica,novela histórica,novela histórica,novela histórica,novela histórica,novela histórica,novela histórica,novela histórica,novela histórica,novela histórica
5289,subgenre-theme,novela histórica,novela de costumbres,2000,word,tfidf,7,nh0107,novela histórica,novela histórica,novela histórica,novela histórica,novela histórica,novela histórica,novela histórica,novela histórica,novela histórica,novela histórica,novela histórica
5290,subgenre-theme,novela histórica,novela de costumbres,2000,word,tfidf,7,nh0108,novela histórica,novela histórica,novela histórica,novela histórica,novela histórica,novela de costumbres,novela histórica,novela histórica,novela histórica,novela histórica,novela histórica
5291,subgenre-theme,novela histórica,novela de costumbres,2000,word,tfidf,7,nh0111,novela histórica,novela histórica,novela histórica,novela histórica,novela histórica,novela histórica,novela histórica,novela histórica,novela histórica,novela histórica,novela histórica
5292,subgenre-theme,novela histórica,novela de costumbres,2000,word,tfidf,7,nh0117,novela histórica,novela histórica,novela histórica,novela histórica,novela histórica,novela histórica,novela histórica,novela histórica,novela histórica,novela histórica,novela histórica
5293,subgenre-theme,novela histórica,novela de costumbres,2000,word,tfidf,7,nh0118,novela de costumbres,novela de costumbres,novela de costumbres,novela de costumbres,novela de costumbres,novela de costumbres,novela de costumbres,novela de costumbres,novela de costumbres,novela de costumbres,novela de costumbres
5294,subgenre-theme,novela histórica,novela de costumbres,2000,word,tfidf,7,nh0120,novela de costumbres,novela de costumbres,novela de costumbres,novela de costumbres,novela de costumbres,novela de costumbres,novela de costumbres,novela de costumbres,novela de costumbres,novela de costumbres,novela de costumbres
5295,subgenre-theme,novela histórica,novela de costumbres,2000,word,tfidf,7,nh0122,novela histórica,novela histórica,novela histórica,novela histórica,novela histórica,novela histórica,novela histórica,novela histórica,novela histórica,novela histórica,novela histórica
5296,subgenre-theme,novela histórica,novela de costumbres,2000,word,tfidf,7,nh0125,novela histórica,novela histórica,novela histórica,novela histórica,novela histórica,novela histórica,novela de costumbres,novela histórica,novela histórica,novela histórica,novela histórica
5297,subgenre-theme,novela histórica,novela de costumbres,2000,word,tfidf,7,nh0129,novela de costumbres,novela de costumbres,novela de costumbres,novela de costumbres,novela de costumbres,novela de costumbres,novela de costumbres,novela de costumbres,novela de costumbres,novela de costumbres,novela de costumbres
5298,subgenre-theme,novela histórica,novela de costumbres,2000,word,tfidf,7,nh0131,novela de costumbres,novela de costumbres,novela de costumbres,novela de costumbres,novela de costumbres,novela de costumbres,novela de costumbres,novela de costumbres,novela de costumbres,novela de costumbres,novela de costumbres
5299,subgenre-theme,novela histórica,novela de costumbres,2000,word,tfidf,7,nh0133,novela de costumbres,novela de costumbres,novela de costumbres,novela de costumbres,novela de costumbres,novela de costumbres,novela de costumbres,novela de costumbres,novela de costumbres,novela de costumbres,novela de costumbres
5300,subgenre-theme,novela histórica,novela de costumbres,2000,word,tfidf,7,nh0135,novela de costumbres,novela de costumbres,novela de costumbres,novela de costumbres,novela de costumbres,novela de costumbres,novela de costumbres,novela de costumbres,novela de costumbres,novela de costumbres,novela de costumbres
5301,subgenre-theme,novela histórica,novela de costumbres,2000,word,tfidf,7,nh0137,novela de costumbres,novela de costumbres,novela de costumbres,novela de costumbres,novela de costumbres,novela de costumbres,novela de costumbres,novela de costumbres,novela de costumbres,novela de costumbres,novela de costumbres
5302,subgenre-theme,novela histórica,novela de costumbres,2000,word,tfidf,7,nh0138,novela de costumbres,novela de costumbres,novela de costumbres,novela de costumbres,novela de costumbres,novela de costumbres,novela de costumbres,novela de costumbres,novela de costumbres,novela de costumbres,novela de costumbres
5303,subgenre-theme,novela histórica,novela de costumbres,2000,word,tfidf,7,nh0139,novela histórica,novela histórica,novela histórica,novela histórica,novela histórica,novela histórica,novela de costumbres,novela histórica,novela histórica,novela histórica,novela histórica
5304,subgenre-theme,novela histórica,novela de costumbres,2000,word,tfidf,7,nh0141,novela de costumbres,novela de costumbres,novela de costumbres,novela de costumbres,novela de costumbres,novela de costumbres,novela de costumbres,novela de costumbres,novela de costumbres,novela de costumbres,novela de costumbres
5305,subgenre-theme,novela histórica,novela de costumbres,2000,word,tfidf,7,nh0143,novela histórica,novela histórica,novela histórica,novela histórica,novela histórica,novela histórica,novela histórica,novela histórica,novela histórica,novela histórica,novela histórica
5306,subgenre-theme,novela histórica,novela de costumbres,2000,word,tfidf,7,nh0144,novela de costumbres,novela de costumbres,novela de costumbres,novela de costumbres,novela de costumbres,novela de costumbres,novela de costumbres,novela de costumbres,novela de costumbres,novela de costumbres,novela de costumbres
5307,subgenre-theme,novela histórica,novela de costumbres,2000,word,tfidf,7,nh0147,novela de costumbres,novela de costumbres,novela de costumbres,novela de costumbres,novela de costumbres,novela de costumbres,novela de costumbres,novela de costumbres,novela de costumbres,novela de costumbres,novela de costumbres
5308,subgenre-theme,novela histórica,novela de costumbres,2000,word,tfidf,7,nh0152,novela histórica,novela histórica,novela histórica,novela histórica,novela histórica,novela histórica,novela histórica,novela histórica,novela histórica,novela histórica,novela histórica
5309,subgenre-theme,novela histórica,novela de costumbres,2000,word,tfidf,7,nh0158,novela histórica,novela histórica,novela histórica,novela histórica,novela histórica,novela histórica,novela histórica,novela histórica,novela histórica,novela histórica,novela histórica
5310,subgenre-theme,novela histórica,novela de costumbres,2000,word,tfidf,7,nh0159,novela histórica,novela histórica,novela histórica,novela histórica,novela histórica,novela histórica,novela histórica,novela histórica,novela histórica,novela histórica,novela histórica
5311,subgenre-theme,novela histórica,novela de costumbres,2000,word,tfidf,7,nh0160,novela histórica,novela histórica,novela histórica,novela histórica,novela histórica,novela histórica,novela histórica,novela histórica,novela histórica,novela histórica,novela histórica
5312,subgenre-theme,novela histórica,novela de costumbres,2000,word,tfidf,7,nh0161,novela histórica,novela histórica,novela histórica,novela histórica,novela histórica,novela histórica,novela histórica,novela histórica,novela histórica,novela histórica,novela histórica
5313,subgenre-theme,novela histórica,novela de costumbres,2000,word,tfidf,7,nh0164,novela de costumbres,novela de costumbres,novela de costumbres,novela de costumbres,novela de costumbres,novela de costumbres,novela de costumbres,novela de costumbres,novela de costumbres,novela de costumbres,novela de costumbres
5314,subgenre-theme,novela histórica,novela de costumbres,2000,word,tfidf,7,nh0165,novela histórica,novela histórica,novela histórica,novela histórica,novela histórica,novela histórica,novela histórica,novela histórica,novela histórica,novela histórica,novela histórica
5315,subgenre-theme,novela histórica,novela de costumbres,2000,word,tfidf,7,nh0166,novela histórica,novela histórica,novela histórica,novela histórica,novela histórica,novela histórica,novela histórica,novela histórica,novela histórica,novela histórica,novela histórica
5316,subgenre-theme,novela histórica,novela de costumbres,2000,word,tfidf,7,nh0169,novela histórica,novela histórica,novela histórica,novela histórica,novela histórica,novela histórica,novela histórica,novela histórica,novela de costumbres,novela histórica,novela histórica
5317,subgenre-theme,novela histórica,novela de costumbres,2000,word,tfidf,7,nh0172,novela de costumbres,novela de costumbres,novela de costumbres,novela de costumbres,novela de costumbres,novela de costumbres,novela de costumbres,novela de costumbres,novela de costumbres,novela de costumbres,novela de costumbres
5318,subgenre-theme,novela histórica,novela de costumbres,2000,word,tfidf,7,nh0179,novela de costumbres,novela de costumbres,novela de costumbres,novela de costumbres,novela de costumbres,novela de costumbres,novela de costumbres,novela de costumbres,novela de costumbres,novela de costumbres,novela de costumbres
5319,subgenre-theme,novela histórica,novela de costumbres,2000,word,tfidf,7,nh0182,novela histórica,novela histórica,novela histórica,novela histórica,novela histórica,novela histórica,novela histórica,novela histórica,novela histórica,novela histórica,novela histórica
5320,subgenre-theme,novela histórica,novela de costumbres,2000,word,tfidf,7,nh0184,novela histórica,novela histórica,novela histórica,novela histórica,novela histórica,novela histórica,novela histórica,novela histórica,novela histórica,novela histórica,novela histórica
5321,subgenre-theme,novela histórica,novela de costumbres,2000,word,tfidf,7,nh0196,novela histórica,novela histórica,novela histórica,novela histórica,novela histórica,novela histórica,novela histórica,novela histórica,novela histórica,novela histórica,novela histórica
5322,subgenre-theme,novela histórica,novela de costumbres,2000,word,tfidf,7,nh0197,novela de costumbres,novela de costumbres,novela de costumbres,novela de costumbres,novela de costumbres,novela de costumbres,novela de costumbres,novela de costumbres,novela de costumbres,novela de costumbres,novela de costumbres
5323,subgenre-theme,novela histórica,novela de costumbres,2000,word,tfidf,7,nh0199,novela de costumbres,novela de costumbres,novela de costumbres,novela de costumbres,novela de costumbres,novela de costumbres,novela de costumbres,novela de costumbres,novela de costumbres,novela de costumbres,novela de costumbres
5324,subgenre-theme,novela histórica,novela de costumbres,2000,word,tfidf,7,nh0203,novela histórica,novela histórica,novela histórica,novela histórica,novela histórica,novela histórica,novela histórica,novela histórica,novela histórica,novela histórica,novela histórica
5325,subgenre-theme,novela histórica,novela de costumbres,2000,word,tfidf,7,nh0208,novela histórica,novela histórica,novela histórica,novela histórica,novela histórica,novela histórica,novela histórica,novela histórica,novela histórica,novela histórica,novela histórica
5326,subgenre-theme,novela histórica,novela de costumbres,2000,word,tfidf,7,nh0210,novela histórica,novela histórica,novela histórica,novela histórica,novela histórica,novela histórica,novela histórica,novela histórica,novela histórica,novela de costumbres,novela histórica
5327,subgenre-theme,novela histórica,novela de costumbres,2000,word,tfidf,7,nh0213,novela de costumbres,novela de costumbres,novela de costumbres,novela de costumbres,novela de costumbres,novela de costumbres,novela de costumbres,novela de costumbres,novela de costumbres,novela de costumbres,novela de costumbres
5328,subgenre-theme,novela histórica,novela de costumbres,2000,word,tfidf,7,nh0214,novela de costumbres,novela de costumbres,novela de costumbres,novela de costumbres,novela de costumbres,novela de costumbres,novela de costumbres,novela de costumbres,novela de costumbres,novela de costumbres,novela de costumbres
5329,subgenre-theme,novela histórica,novela de costumbres,2000,word,tfidf,7,nh0217,novela de costumbres,novela de costumbres,novela de costumbres,novela de costumbres,novela de costumbres,novela de costumbres,novela de costumbres,novela de costumbres,novela de costumbres,novela de costumbres,novela de costumbres
5330,subgenre-theme,novela histórica,novela de costumbres,2000,word,tfidf,7,nh0220,novela de costumbres,novela de costumbres,novela de costumbres,novela de costumbres,novela de costumbres,novela de costumbres,novela de costumbres,novela de costumbres,novela de costumbres,novela de costumbres,novela de costumbres
5331,subgenre-theme,novela histórica,novela de costumbres,2000,word,tfidf,7,nh0222,novela histórica,novela histórica,novela histórica,novela histórica,novela histórica,novela histórica,novela histórica,novela histórica,novela histórica,novela histórica,novela histórica
5332,subgenre-theme,novela histórica,novela de costumbres,2000,word,tfidf,7,nh0227,novela histórica,novela histórica,novela histórica,novela histórica,novela histórica,novela histórica,novela histórica,novela histórica,novela histórica,novela histórica,novela histórica
5333,subgenre-theme,novela histórica,novela de costumbres,2000,word,tfidf,7,nh0231,novela histórica,novela histórica,novela histórica,novela histórica,novela histórica,novela histórica,novela histórica,novela histórica,novela histórica,novela histórica,novela histórica
5334,subgenre-theme,novela histórica,novela de costumbres,2000,word,tfidf,7,nh0238,novela de costumbres,novela de costumbres,novela de costumbres,novela de costumbres,novela de costumbres,novela de costumbres,novela de costumbres,novela de costumbres,novela de costumbres,novela de costumbres,novela histórica
5335,subgenre-theme,novela histórica,novela de costumbres,2000,word,tfidf,7,nh0242,novela de costumbres,novela de costumbres,novela de costumbres,novela de costumbres,novela de costumbres,novela de costumbres,novela de costumbres,novela de costumbres,novela de costumbres,novela de costumbres,novela de costumbres
5336,subgenre-theme,novela histórica,novela de costumbres,2000,word,tfidf,7,nh0243,novela histórica,novela histórica,novela histórica,novela histórica,novela histórica,novela histórica,novela histórica,novela histórica,novela histórica,novela histórica,novela histórica
5337,subgenre-theme,novela histórica,novela de costumbres,2000,word,tfidf,7,nh0246,novela de costumbres,novela de costumbres,novela de costumbres,novela de costumbres,novela de costumbres,novela de costumbres,novela de costumbres,novela de costumbres,novela de costumbres,novela de costumbres,novela histórica
5338,subgenre-theme,novela histórica,novela de costumbres,2000,word,tfidf,7,nh0247,novela histórica,novela histórica,novela histórica,novela histórica,novela histórica,novela histórica,novela histórica,novela histórica,novela histórica,novela histórica,novela histórica
5339,subgenre-theme,novela histórica,novela de costumbres,2000,word,tfidf,7,nh0249,novela histórica,novela histórica,novela histórica,novela histórica,novela histórica,novela histórica,novela histórica,novela histórica,novela histórica,novela histórica,novela histórica
5340,subgenre-theme,novela histórica,novela de costumbres,2000,word,tfidf,8,nh0001,novela de costumbres,novela de costumbres,novela de costumbres,novela de costumbres,novela de costumbres,novela de costumbres,novela de costumbres,novela de costumbres,novela de costumbres,novela de costumbres,novela de costumbres
5341,subgenre-theme,novela histórica,novela de costumbres,2000,word,tfidf,8,nh0004,novela histórica,novela histórica,novela histórica,novela histórica,novela histórica,novela histórica,novela histórica,novela histórica,novela histórica,novela histórica,novela histórica
5342,subgenre-theme,novela histórica,novela de costumbres,2000,word,tfidf,8,nh0005,novela de costumbres,novela de costumbres,novela de costumbres,novela de costumbres,novela de costumbres,novela de costumbres,novela de costumbres,novela de costumbres,novela de costumbres,novela de costumbres,novela de costumbres
5343,subgenre-theme,novela histórica,novela de costumbres,2000,word,tfidf,8,nh0008,novela de costumbres,novela de costumbres,novela de costumbres,novela de costumbres,novela de costumbres,novela de costumbres,novela de costumbres,novela de costumbres,novela de costumbres,novela de costumbres,novela de costumbres
5344,subgenre-theme,novela histórica,novela de costumbres,2000,word,tfidf,8,nh0009,novela histórica,novela histórica,novela histórica,novela histórica,novela histórica,novela histórica,novela histórica,novela histórica,novela histórica,novela histórica,novela histórica
5345,subgenre-theme,novela histórica,novela de costumbres,2000,word,tfidf,8,nh0010,novela de costumbres,novela de costumbres,novela de costumbres,novela de costumbres,novela de costumbres,novela de costumbres,novela de costumbres,novela de costumbres,novela de costumbres,novela de costumbres,novela de costumbres
5346,subgenre-theme,novela histórica,novela de costumbres,2000,word,tfidf,8,nh0015,novela histórica,novela histórica,novela histórica,novela histórica,novela histórica,novela histórica,novela histórica,novela histórica,novela histórica,novela histórica,novela histórica
5347,subgenre-theme,novela histórica,novela de costumbres,2000,word,tfidf,8,nh0017,novela histórica,novela histórica,novela histórica,novela histórica,novela histórica,novela histórica,novela histórica,novela histórica,novela histórica,novela histórica,novela histórica
5348,subgenre-theme,novela histórica,novela de costumbres,2000,word,tfidf,8,nh0020,novela histórica,novela histórica,novela histórica,novela histórica,novela histórica,novela histórica,novela histórica,novela histórica,novela histórica,novela histórica,novela histórica
5349,subgenre-theme,novela histórica,novela de costumbres,2000,word,tfidf,8,nh0022,novela histórica,novela histórica,novela histórica,novela histórica,novela histórica,novela histórica,novela histórica,novela histórica,novela histórica,novela histórica,novela histórica
5350,subgenre-theme,novela histórica,novela de costumbres,2000,word,tfidf,8,nh0025,novela histórica,novela histórica,novela histórica,novela histórica,novela histórica,novela histórica,novela histórica,novela histórica,novela histórica,novela histórica,novela histórica
5351,subgenre-theme,novela histórica,novela de costumbres,2000,word,tfidf,8,nh0026,novela histórica,novela histórica,novela histórica,novela histórica,novela histórica,novela histórica,novela histórica,novela histórica,novela histórica,novela histórica,novela histórica
5352,subgenre-theme,novela histórica,novela de costumbres,2000,word,tfidf,8,nh0027,novela de costumbres,novela de costumbres,novela de costumbres,novela de costumbres,novela de costumbres,novela de costumbres,novela de costumbres,novela de costumbres,novela de costumbres,novela de costumbres,novela de costumbres
5353,subgenre-theme,novela histórica,novela de costumbres,2000,word,tfidf,8,nh0035,novela histórica,novela histórica,novela histórica,novela histórica,novela histórica,novela histórica,novela histórica,novela histórica,novela histórica,novela histórica,novela histórica
5354,subgenre-theme,novela histórica,novela de costumbres,2000,word,tfidf,8,nh0036,novela de costumbres,novela de costumbres,novela de costumbres,novela de costumbres,novela de costumbres,novela de costumbres,novela de costumbres,novela de costumbres,novela de costumbres,novela de costumbres,novela de costumbres
5355,subgenre-theme,novela histórica,novela de costumbres,2000,word,tfidf,8,nh0037,novela histórica,novela histórica,novela histórica,novela histórica,novela histórica,novela histórica,novela histórica,novela histórica,novela histórica,novela histórica,novela histórica
5356,subgenre-theme,novela histórica,novela de costumbres,2000,word,tfidf,8,nh0039,novela de costumbres,novela de costumbres,novela de costumbres,novela de costumbres,novela de costumbres,novela de costumbres,novela de costumbres,novela de costumbres,novela de costumbres,novela de costumbres,novela de costumbres
5357,subgenre-theme,novela histórica,novela de costumbres,2000,word,tfidf,8,nh0040,novela histórica,novela histórica,novela histórica,novela de costumbres,novela histórica,novela histórica,novela histórica,novela histórica,novela histórica,novela histórica,novela histórica
5358,subgenre-theme,novela histórica,novela de costumbres,2000,word,tfidf,8,nh0041,novela histórica,novela histórica,novela histórica,novela histórica,novela histórica,novela histórica,novela histórica,novela histórica,novela histórica,novela histórica,novela histórica
5359,subgenre-theme,novela histórica,novela de costumbres,2000,word,tfidf,8,nh0042,novela de costumbres,novela de costumbres,novela de costumbres,novela de costumbres,novela de costumbres,novela de costumbres,novela de costumbres,novela de costumbres,novela de costumbres,novela de costumbres,novela de costumbres
5360,subgenre-theme,novela histórica,novela de costumbres,2000,word,tfidf,8,nh0048,novela de costumbres,novela de costumbres,novela de costumbres,novela de costumbres,novela de costumbres,novela de costumbres,novela de costumbres,novela de costumbres,novela de costumbres,novela de costumbres,novela de costumbres
5361,subgenre-theme,novela histórica,novela de costumbres,2000,word,tfidf,8,nh0049,novela histórica,novela histórica,novela histórica,novela histórica,novela histórica,novela histórica,novela histórica,novela histórica,novela histórica,novela histórica,novela histórica
5362,subgenre-theme,novela histórica,novela de costumbres,2000,word,tfidf,8,nh0050,novela de costumbres,novela de costumbres,novela de costumbres,novela de costumbres,novela de costumbres,novela de costumbres,novela de costumbres,novela de costumbres,novela de costumbres,novela de costumbres,novela de costumbres
5363,subgenre-theme,novela histórica,novela de costumbres,2000,word,tfidf,8,nh0051,novela de costumbres,novela de costumbres,novela de costumbres,novela de costumbres,novela de costumbres,novela de costumbres,novela de costumbres,novela de costumbres,novela de costumbres,novela de costumbres,novela de costumbres
5364,subgenre-theme,novela histórica,novela de costumbres,2000,word,tfidf,8,nh0054,novela histórica,novela histórica,novela histórica,novela histórica,novela histórica,novela histórica,novela histórica,novela histórica,novela histórica,novela histórica,novela histórica
5365,subgenre-theme,novela histórica,novela de costumbres,2000,word,tfidf,8,nh0055,novela histórica,novela histórica,novela histórica,novela histórica,novela histórica,novela histórica,novela histórica,novela histórica,novela histórica,novela histórica,novela histórica
5366,subgenre-theme,novela histórica,novela de costumbres,2000,word,tfidf,8,nh0057,novela de costumbres,novela de costumbres,novela de costumbres,novela de costumbres,novela de costumbres,novela de costumbres,novela de costumbres,novela de costumbres,novela de costumbres,novela de costumbres,novela de costumbres
5367,subgenre-theme,novela histórica,novela de costumbres,2000,word,tfidf,8,nh0061,novela de costumbres,novela de costumbres,novela de costumbres,novela histórica,novela de costumbres,novela de costumbres,novela de costumbres,novela de costumbres,novela de costumbres,novela de costumbres,novela de costumbres
5368,subgenre-theme,novela histórica,novela de costumbres,2000,word,tfidf,8,nh0062,novela de costumbres,novela de costumbres,novela de costumbres,novela de costumbres,novela de costumbres,novela de costumbres,novela de costumbres,novela de costumbres,novela de costumbres,novela de costumbres,novela de costumbres
5369,subgenre-theme,novela histórica,novela de costumbres,2000,word,tfidf,8,nh0063,novela de costumbres,novela de costumbres,novela de costumbres,novela de costumbres,novela de costumbres,novela de costumbres,novela de costumbres,novela de costumbres,novela de costumbres,novela de costumbres,novela de costumbres
5370,subgenre-theme,novela histórica,novela de costumbres,2000,word,tfidf,8,nh0064,novela histórica,novela histórica,novela histórica,novela histórica,novela histórica,novela histórica,novela histórica,novela histórica,novela histórica,novela histórica,novela histórica
5371,subgenre-theme,novela histórica,novela de costumbres,2000,word,tfidf,8,nh0065,novela de costumbres,novela de costumbres,novela de costumbres,novela de costumbres,novela de costumbres,novela de costumbres,novela de costumbres,novela de costumbres,novela de costumbres,novela de costumbres,novela de costumbres
5372,subgenre-theme,novela histórica,novela de costumbres,2000,word,tfidf,8,nh0066,novela de costumbres,novela de costumbres,novela de costumbres,novela de costumbres,novela histórica,novela de costumbres,novela de costumbres,novela de costumbres,novela de costumbres,novela de costumbres,novela de costumbres
5373,subgenre-theme,novela histórica,novela de costumbres,2000,word,tfidf,8,nh0069,novela histórica,novela histórica,novela histórica,novela histórica,novela histórica,novela histórica,novela histórica,novela histórica,novela histórica,novela histórica,novela histórica
5374,subgenre-theme,novela histórica,novela de costumbres,2000,word,tfidf,8,nh0070,novela de costumbres,novela de costumbres,novela de costumbres,novela de costumbres,novela de costumbres,novela de costumbres,novela de costumbres,novela de costumbres,novela de costumbres,novela de costumbres,novela de costumbres
5375,subgenre-theme,novela histórica,novela de costumbres,2000,word,tfidf,8,nh0071,novela de costumbres,novela de costumbres,novela de costumbres,novela de costumbres,novela de costumbres,novela de costumbres,novela de costumbres,novela de costumbres,novela de costumbres,novela de costumbres,novela de costumbres
5376,subgenre-theme,novela histórica,novela de costumbres,2000,word,tfidf,8,nh0073,novela de costumbres,novela de costumbres,novela de costumbres,novela de costumbres,novela de costumbres,novela de costumbres,novela de costumbres,novela de costumbres,novela de costumbres,novela de costumbres,novela de costumbres
5377,subgenre-theme,novela histórica,novela de costumbres,2000,word,tfidf,8,nh0077,novela de costumbres,novela de costumbres,novela de costumbres,novela de costumbres,novela de costumbres,novela de costumbres,novela de costumbres,novela de costumbres,novela de costumbres,novela de costumbres,novela de costumbres
5378,subgenre-theme,novela histórica,novela de costumbres,2000,word,tfidf,8,nh0078,novela de costumbres,novela de costumbres,novela de costumbres,novela de costumbres,novela de costumbres,novela de costumbres,novela de costumbres,novela de costumbres,novela de costumbres,novela de costumbres,novela de costumbres
5379,subgenre-theme,novela histórica,novela de costumbres,2000,word,tfidf,8,nh0079,novela de costumbres,novela de costumbres,novela de costumbres,novela de costumbres,novela de costumbres,novela de costumbres,novela de costumbres,novela de costumbres,novela de costumbres,novela de costumbres,novela de costumbres
5380,subgenre-theme,novela histórica,novela de costumbres,2000,word,tfidf,8,nh0086,novela histórica,novela histórica,novela histórica,novela histórica,novela de costumbres,novela histórica,novela histórica,novela histórica,novela histórica,novela histórica,novela histórica
5381,subgenre-theme,novela histórica,novela de costumbres,2000,word,tfidf,8,nh0090,novela de costumbres,novela de costumbres,novela de costumbres,novela de costumbres,novela de costumbres,novela de costumbres,novela de costumbres,novela de costumbres,novela de costumbres,novela de costumbres,novela de costumbres
5382,subgenre-theme,novela histórica,novela de costumbres,2000,word,tfidf,8,nh0091,novela histórica,novela histórica,novela histórica,novela histórica,novela histórica,novela histórica,novela histórica,novela histórica,novela histórica,novela histórica,novela histórica
5383,subgenre-theme,novela histórica,novela de costumbres,2000,word,tfidf,8,nh0093,novela de costumbres,novela de costumbres,novela de costumbres,novela de costumbres,novela de costumbres,novela de costumbres,novela de costumbres,novela de costumbres,novela de costumbres,novela de costumbres,novela de costumbres
5384,subgenre-theme,novela histórica,novela de costumbres,2000,word,tfidf,8,nh0094,novela histórica,novela histórica,novela histórica,novela histórica,novela histórica,novela histórica,novela histórica,novela histórica,novela histórica,novela histórica,novela histórica
5385,subgenre-theme,novela histórica,novela de costumbres,2000,word,tfidf,8,nh0097,novela histórica,novela histórica,novela histórica,novela histórica,novela histórica,novela histórica,novela histórica,novela histórica,novela histórica,novela histórica,novela histórica
5386,subgenre-theme,novela histórica,novela de costumbres,2000,word,tfidf,8,nh0100,novela histórica,novela histórica,novela histórica,novela histórica,novela histórica,novela histórica,novela histórica,novela histórica,novela histórica,novela histórica,novela histórica
5387,subgenre-theme,novela histórica,novela de costumbres,2000,word,tfidf,8,nh0101,novela de costumbres,novela de costumbres,novela de costumbres,novela de costumbres,novela de costumbres,novela de costumbres,novela de costumbres,novela de costumbres,novela de costumbres,novela de costumbres,novela de costumbres
5388,subgenre-theme,novela histórica,novela de costumbres,2000,word,tfidf,8,nh0103,novela histórica,novela histórica,novela histórica,novela histórica,novela histórica,novela de costumbres,novela histórica,novela histórica,novela histórica,novela histórica,novela histórica
5389,subgenre-theme,novela histórica,novela de costumbres,2000,word,tfidf,8,nh0105,novela de costumbres,novela de costumbres,novela de costumbres,novela de costumbres,novela de costumbres,novela de costumbres,novela de costumbres,novela de costumbres,novela de costumbres,novela de costumbres,novela de costumbres
5390,subgenre-theme,novela histórica,novela de costumbres,2000,word,tfidf,8,nh0107,novela histórica,novela histórica,novela histórica,novela histórica,novela histórica,novela histórica,novela histórica,novela histórica,novela histórica,novela histórica,novela histórica
5391,subgenre-theme,novela histórica,novela de costumbres,2000,word,tfidf,8,nh0108,novela histórica,novela histórica,novela histórica,novela histórica,novela histórica,novela de costumbres,novela histórica,novela histórica,novela histórica,novela histórica,novela histórica
5392,subgenre-theme,novela histórica,novela de costumbres,2000,word,tfidf,8,nh0111,novela histórica,novela histórica,novela histórica,novela histórica,novela histórica,novela histórica,novela histórica,novela histórica,novela histórica,novela histórica,novela histórica
5393,subgenre-theme,novela histórica,novela de costumbres,2000,word,tfidf,8,nh0115,novela histórica,novela histórica,novela histórica,novela histórica,novela histórica,novela histórica,novela histórica,novela histórica,novela histórica,novela histórica,novela histórica
5394,subgenre-theme,novela histórica,novela de costumbres,2000,word,tfidf,8,nh0117,novela histórica,novela histórica,novela histórica,novela histórica,novela histórica,novela histórica,novela histórica,novela histórica,novela histórica,novela histórica,novela histórica
5395,subgenre-theme,novela histórica,novela de costumbres,2000,word,tfidf,8,nh0118,novela de costumbres,novela de costumbres,novela de costumbres,novela de costumbres,novela de costumbres,novela de costumbres,novela de costumbres,novela de costumbres,novela de costumbres,novela de costumbres,novela de costumbres
5396,subgenre-theme,novela histórica,novela de costumbres,2000,word,tfidf,8,nh0120,novela de costumbres,novela de costumbres,novela de costumbres,novela de costumbres,novela de costumbres,novela de costumbres,novela de costumbres,novela de costumbres,novela de costumbres,novela de costumbres,novela de costumbres
5397,subgenre-theme,novela histórica,novela de costumbres,2000,word,tfidf,8,nh0122,novela histórica,novela histórica,novela histórica,novela histórica,novela histórica,novela histórica,novela histórica,novela histórica,novela histórica,novela histórica,novela histórica
5398,subgenre-theme,novela histórica,novela de costumbres,2000,word,tfidf,8,nh0125,novela histórica,novela histórica,novela histórica,novela histórica,novela histórica,novela histórica,novela histórica,novela histórica,novela histórica,novela histórica,novela histórica
5399,subgenre-theme,novela histórica,novela de costumbres,2000,word,tfidf,8,nh0129,novela de costumbres,novela de costumbres,novela de costumbres,novela de costumbres,novela de costumbres,novela de costumbres,novela de costumbres,novela de costumbres,novela de costumbres,novela de costumbres,novela de costumbres
5400,subgenre-theme,novela histórica,novela de costumbres,2000,word,tfidf,8,nh0131,novela de costumbres,novela de costumbres,novela de costumbres,novela de costumbres,novela de costumbres,novela de costumbres,novela de costumbres,novela de costumbres,novela de costumbres,novela de costumbres,novela de costumbres
5401,subgenre-theme,novela histórica,novela de costumbres,2000,word,tfidf,8,nh0133,novela de costumbres,novela de costumbres,novela de costumbres,novela de costumbres,novela de costumbres,novela de costumbres,novela de costumbres,novela de costumbres,novela de costumbres,novela de costumbres,novela de costumbres
5402,subgenre-theme,novela histórica,novela de costumbres,2000,word,tfidf,8,nh0135,novela de costumbres,novela de costumbres,novela de costumbres,novela de costumbres,novela de costumbres,novela de costumbres,novela de costumbres,novela de costumbres,novela de costumbres,novela de costumbres,novela de costumbres
5403,subgenre-theme,novela histórica,novela de costumbres,2000,word,tfidf,8,nh0137,novela de costumbres,novela de costumbres,novela de costumbres,novela de costumbres,novela de costumbres,novela de costumbres,novela de costumbres,novela histórica,novela de costumbres,novela de costumbres,novela de costumbres
5404,subgenre-theme,novela histórica,novela de costumbres,2000,word,tfidf,8,nh0138,novela de costumbres,novela de costumbres,novela de costumbres,novela de costumbres,novela de costumbres,novela de costumbres,novela de costumbres,novela de costumbres,novela de costumbres,novela de costumbres,novela de costumbres
5405,subgenre-theme,novela histórica,novela de costumbres,2000,word,tfidf,8,nh0141,novela de costumbres,novela de costumbres,novela de costumbres,novela de costumbres,novela de costumbres,novela de costumbres,novela de costumbres,novela de costumbres,novela histórica,novela de costumbres,novela de costumbres
5406,subgenre-theme,novela histórica,novela de costumbres,2000,word,tfidf,8,nh0142,novela histórica,novela histórica,novela histórica,novela histórica,novela histórica,novela histórica,novela histórica,novela histórica,novela histórica,novela histórica,novela histórica
5407,subgenre-theme,novela histórica,novela de costumbres,2000,word,tfidf,8,nh0143,novela histórica,novela histórica,novela histórica,novela histórica,novela histórica,novela histórica,novela histórica,novela histórica,novela histórica,novela histórica,novela histórica
5408,subgenre-theme,novela histórica,novela de costumbres,2000,word,tfidf,8,nh0144,novela de costumbres,novela de costumbres,novela de costumbres,novela de costumbres,novela de costumbres,novela de costumbres,novela de costumbres,novela de costumbres,novela de costumbres,novela de costumbres,novela de costumbres
5409,subgenre-theme,novela histórica,novela de costumbres,2000,word,tfidf,8,nh0147,novela de costumbres,novela de costumbres,novela de costumbres,novela de costumbres,novela de costumbres,novela de costumbres,novela de costumbres,novela de costumbres,novela de costumbres,novela de costumbres,novela de costumbres
5410,subgenre-theme,novela histórica,novela de costumbres,2000,word,tfidf,8,nh0149,novela histórica,novela histórica,novela histórica,novela histórica,novela histórica,novela histórica,novela histórica,novela histórica,novela histórica,novela histórica,novela histórica
5411,subgenre-theme,novela histórica,novela de costumbres,2000,word,tfidf,8,nh0150,novela histórica,novela histórica,novela histórica,novela histórica,novela histórica,novela histórica,novela histórica,novela de costumbres,novela histórica,novela histórica,novela histórica
5412,subgenre-theme,novela histórica,novela de costumbres,2000,word,tfidf,8,nh0152,novela histórica,novela histórica,novela histórica,novela histórica,novela histórica,novela histórica,novela histórica,novela histórica,novela histórica,novela histórica,novela histórica
5413,subgenre-theme,novela histórica,novela de costumbres,2000,word,tfidf,8,nh0159,novela histórica,novela histórica,novela histórica,novela histórica,novela histórica,novela histórica,novela histórica,novela histórica,novela histórica,novela histórica,novela histórica
5414,subgenre-theme,novela histórica,novela de costumbres,2000,word,tfidf,8,nh0164,novela de costumbres,novela de costumbres,novela de costumbres,novela de costumbres,novela de costumbres,novela de costumbres,novela de costumbres,novela de costumbres,novela de costumbres,novela de costumbres,novela de costumbres
5415,subgenre-theme,novela histórica,novela de costumbres,2000,word,tfidf,8,nh0168,novela histórica,novela histórica,novela histórica,novela histórica,novela histórica,novela histórica,novela histórica,novela histórica,novela histórica,novela histórica,novela histórica
5416,subgenre-theme,novela histórica,novela de costumbres,2000,word,tfidf,8,nh0169,novela histórica,novela histórica,novela histórica,novela histórica,novela histórica,novela histórica,novela histórica,novela histórica,novela de costumbres,novela histórica,novela histórica
5417,subgenre-theme,novela histórica,novela de costumbres,2000,word,tfidf,8,nh0172,novela de costumbres,novela de costumbres,novela de costumbres,novela de costumbres,novela de costumbres,novela de costumbres,novela de costumbres,novela de costumbres,novela de costumbres,novela de costumbres,novela de costumbres
5418,subgenre-theme,novela histórica,novela de costumbres,2000,word,tfidf,8,nh0176,novela histórica,novela histórica,novela histórica,novela histórica,novela histórica,novela histórica,novela histórica,novela histórica,novela histórica,novela histórica,novela histórica
5419,subgenre-theme,novela histórica,novela de costumbres,2000,word,tfidf,8,nh0179,novela de costumbres,novela de costumbres,novela de costumbres,novela de costumbres,novela de costumbres,novela de costumbres,novela de costumbres,novela de costumbres,novela de costumbres,novela de costumbres,novela de costumbres
5420,subgenre-theme,novela histórica,novela de costumbres,2000,word,tfidf,8,nh0181,novela histórica,novela histórica,novela histórica,novela histórica,novela histórica,novela histórica,novela histórica,novela histórica,novela histórica,novela histórica,novela histórica
5421,subgenre-theme,novela histórica,novela de costumbres,2000,word,tfidf,8,nh0182,novela histórica,novela histórica,novela histórica,novela histórica,novela histórica,novela histórica,novela histórica,novela histórica,novela histórica,novela histórica,novela histórica
5422,subgenre-theme,novela histórica,novela de costumbres,2000,word,tfidf,8,nh0184,novela histórica,novela histórica,novela histórica,novela histórica,novela histórica,novela histórica,novela histórica,novela histórica,novela histórica,novela histórica,novela histórica
5423,subgenre-theme,novela histórica,novela de costumbres,2000,word,tfidf,8,nh0197,novela de costumbres,novela de costumbres,novela de costumbres,novela de costumbres,novela de costumbres,novela de costumbres,novela de costumbres,novela de costumbres,novela de costumbres,novela de costumbres,novela de costumbres
5424,subgenre-theme,novela histórica,novela de costumbres,2000,word,tfidf,8,nh0199,novela de costumbres,novela de costumbres,novela de costumbres,novela de costumbres,novela de costumbres,novela de costumbres,novela de costumbres,novela de costumbres,novela de costumbres,novela de costumbres,novela de costumbres
5425,subgenre-theme,novela histórica,novela de costumbres,2000,word,tfidf,8,nh0208,novela histórica,novela histórica,novela histórica,novela histórica,novela histórica,novela histórica,novela histórica,novela histórica,novela histórica,novela histórica,novela histórica
5426,subgenre-theme,novela histórica,novela de costumbres,2000,word,tfidf,8,nh0210,novela histórica,novela histórica,novela histórica,novela histórica,novela histórica,novela histórica,novela histórica,novela histórica,novela histórica,novela de costumbres,novela histórica
5427,subgenre-theme,novela histórica,novela de costumbres,2000,word,tfidf,8,nh0213,novela de costumbres,novela de costumbres,novela de costumbres,novela de costumbres,novela de costumbres,novela de costumbres,novela de costumbres,novela de costumbres,novela de costumbres,novela histórica,novela de costumbres
5428,subgenre-theme,novela histórica,novela de costumbres,2000,word,tfidf,8,nh0214,novela de costumbres,novela de costumbres,novela de costumbres,novela de costumbres,novela de costumbres,novela de costumbres,novela de costumbres,novela de costumbres,novela de costumbres,novela de costumbres,novela de costumbres
5429,subgenre-theme,novela histórica,novela de costumbres,2000,word,tfidf,8,nh0217,novela de costumbres,novela de costumbres,novela de costumbres,novela de costumbres,novela de costumbres,novela de costumbres,novela de costumbres,novela de costumbres,novela de costumbres,novela de costumbres,novela de costumbres
5430,subgenre-theme,novela histórica,novela de costumbres,2000,word,tfidf,8,nh0220,novela de costumbres,novela de costumbres,novela de costumbres,novela de costumbres,novela de costumbres,novela de costumbres,novela de costumbres,novela de costumbres,novela de costumbres,novela de costumbres,novela de costumbres
5431,subgenre-theme,novela histórica,novela de costumbres,2000,word,tfidf,8,nh0227,novela histórica,novela histórica,novela histórica,novela histórica,novela histórica,novela histórica,novela histórica,novela histórica,novela histórica,novela histórica,novela histórica
5432,subgenre-theme,novela histórica,novela de costumbres,2000,word,tfidf,8,nh0231,novela histórica,novela histórica,novela histórica,novela histórica,novela histórica,novela histórica,novela histórica,novela histórica,novela histórica,novela histórica,novela histórica
5433,subgenre-theme,novela histórica,novela de costumbres,2000,word,tfidf,8,nh0238,novela de costumbres,novela de costumbres,novela de costumbres,novela de costumbres,novela de costumbres,novela de costumbres,novela de costumbres,novela de costumbres,novela de costumbres,novela de costumbres,novela histórica
5434,subgenre-theme,novela histórica,novela de costumbres,2000,word,tfidf,8,nh0242,novela de costumbres,novela de costumbres,novela de costumbres,novela de costumbres,novela de costumbres,novela de costumbres,novela de costumbres,novela de costumbres,novela de costumbres,novela de costumbres,novela de costumbres
5435,subgenre-theme,novela histórica,novela de costumbres,2000,word,tfidf,8,nh0243,novela histórica,novela histórica,novela histórica,novela histórica,novela histórica,novela histórica,novela histórica,novela histórica,novela histórica,novela histórica,novela histórica
5436,subgenre-theme,novela histórica,novela de costumbres,2000,word,tfidf,8,nh0246,novela de costumbres,novela de costumbres,novela de costumbres,novela de costumbres,novela de costumbres,novela de costumbres,novela de costumbres,novela de costumbres,novela de costumbres,novela de costumbres,novela histórica
5437,subgenre-theme,novela histórica,novela de costumbres,2000,word,tfidf,8,nh0247,novela histórica,novela histórica,novela histórica,novela histórica,novela histórica,novela histórica,novela histórica,novela histórica,novela histórica,novela histórica,novela histórica
5438,subgenre-theme,novela histórica,novela de costumbres,2000,word,tfidf,8,nh0248,novela histórica,novela histórica,novela histórica,novela histórica,novela histórica,novela histórica,novela histórica,novela histórica,novela histórica,novela histórica,novela de costumbres
5439,subgenre-theme,novela histórica,novela de costumbres,2000,word,tfidf,8,nh0253,novela histórica,novela histórica,novela histórica,novela histórica,novela histórica,novela histórica,novela histórica,novela histórica,novela histórica,novela histórica,novela de costumbres
5440,subgenre-theme,novela histórica,novela de costumbres,2000,word,tfidf,9,nh0001,novela de costumbres,novela de costumbres,novela de costumbres,novela de costumbres,novela de costumbres,novela de costumbres,novela de costumbres,novela de costumbres,novela de costumbres,novela de costumbres,novela de costumbres
5441,subgenre-theme,novela histórica,novela de costumbres,2000,word,tfidf,9,nh0004,novela histórica,novela histórica,novela histórica,novela histórica,novela histórica,novela histórica,novela histórica,novela histórica,novela histórica,novela histórica,novela histórica
5442,subgenre-theme,novela histórica,novela de costumbres,2000,word,tfidf,9,nh0005,novela de costumbres,novela de costumbres,novela de costumbres,novela de costumbres,novela de costumbres,novela de costumbres,novela de costumbres,novela de costumbres,novela de costumbres,novela de costumbres,novela de costumbres
5443,subgenre-theme,novela histórica,novela de costumbres,2000,word,tfidf,9,nh0007,novela histórica,novela de costumbres,novela histórica,novela histórica,novela histórica,novela histórica,novela histórica,novela histórica,novela histórica,novela histórica,novela histórica
5444,subgenre-theme,novela histórica,novela de costumbres,2000,word,tfidf,9,nh0008,novela de costumbres,novela de costumbres,novela de costumbres,novela de costumbres,novela de costumbres,novela de costumbres,novela de costumbres,novela de costumbres,novela de costumbres,novela de costumbres,novela de costumbres
5445,subgenre-theme,novela histórica,novela de costumbres,2000,word,tfidf,9,nh0010,novela de costumbres,novela de costumbres,novela de costumbres,novela de costumbres,novela de costumbres,novela de costumbres,novela de costumbres,novela de costumbres,novela de costumbres,novela de costumbres,novela de costumbres
5446,subgenre-theme,novela histórica,novela de costumbres,2000,word,tfidf,9,nh0015,novela histórica,novela histórica,novela histórica,novela histórica,novela histórica,novela histórica,novela histórica,novela histórica,novela histórica,novela histórica,novela histórica
5447,subgenre-theme,novela histórica,novela de costumbres,2000,word,tfidf,9,nh0017,novela histórica,novela histórica,novela histórica,novela histórica,novela histórica,novela histórica,novela histórica,novela histórica,novela histórica,novela histórica,novela histórica
5448,subgenre-theme,novela histórica,novela de costumbres,2000,word,tfidf,9,nh0020,novela histórica,novela histórica,novela histórica,novela histórica,novela histórica,novela histórica,novela histórica,novela histórica,novela histórica,novela histórica,novela histórica
5449,subgenre-theme,novela histórica,novela de costumbres,2000,word,tfidf,9,nh0022,novela histórica,novela histórica,novela histórica,novela histórica,novela histórica,novela histórica,novela histórica,novela histórica,novela histórica,novela histórica,novela histórica
5450,subgenre-theme,novela histórica,novela de costumbres,2000,word,tfidf,9,nh0025,novela histórica,novela histórica,novela histórica,novela histórica,novela histórica,novela histórica,novela histórica,novela histórica,novela histórica,novela histórica,novela histórica
5451,subgenre-theme,novela histórica,novela de costumbres,2000,word,tfidf,9,nh0027,novela de costumbres,novela de costumbres,novela de costumbres,novela de costumbres,novela de costumbres,novela de costumbres,novela de costumbres,novela de costumbres,novela de costumbres,novela de costumbres,novela de costumbres
5452,subgenre-theme,novela histórica,novela de costumbres,2000,word,tfidf,9,nh0035,novela histórica,novela histórica,novela histórica,novela histórica,novela histórica,novela histórica,novela histórica,novela histórica,novela histórica,novela histórica,novela histórica
5453,subgenre-theme,novela histórica,novela de costumbres,2000,word,tfidf,9,nh0036,novela de costumbres,novela de costumbres,novela de costumbres,novela de costumbres,novela de costumbres,novela de costumbres,novela de costumbres,novela de costumbres,novela de costumbres,novela de costumbres,novela de costumbres
5454,subgenre-theme,novela histórica,novela de costumbres,2000,word,tfidf,9,nh0039,novela de costumbres,novela de costumbres,novela de costumbres,novela de costumbres,novela de costumbres,novela de costumbres,novela de costumbres,novela de costumbres,novela de costumbres,novela de costumbres,novela de costumbres
5455,subgenre-theme,novela histórica,novela de costumbres,2000,word,tfidf,9,nh0041,novela histórica,novela histórica,novela histórica,novela histórica,novela histórica,novela histórica,novela histórica,novela histórica,novela histórica,novela histórica,novela histórica
5456,subgenre-theme,novela histórica,novela de costumbres,2000,word,tfidf,9,nh0042,novela de costumbres,novela de costumbres,novela de costumbres,novela de costumbres,novela de costumbres,novela de costumbres,novela de costumbres,novela de costumbres,novela de costumbres,novela de costumbres,novela de costumbres
5457,subgenre-theme,novela histórica,novela de costumbres,2000,word,tfidf,9,nh0048,novela de costumbres,novela de costumbres,novela de costumbres,novela de costumbres,novela de costumbres,novela de costumbres,novela de costumbres,novela de costumbres,novela de costumbres,novela de costumbres,novela de costumbres
5458,subgenre-theme,novela histórica,novela de costumbres,2000,word,tfidf,9,nh0049,novela histórica,novela histórica,novela histórica,novela histórica,novela histórica,novela histórica,novela histórica,novela histórica,novela histórica,novela histórica,novela histórica
5459,subgenre-theme,novela histórica,novela de costumbres,2000,word,tfidf,9,nh0050,novela de costumbres,novela de costumbres,novela de costumbres,novela de costumbres,novela de costumbres,novela de costumbres,novela de costumbres,novela de costumbres,novela de costumbres,novela de costumbres,novela de costumbres
5460,subgenre-theme,novela histórica,novela de costumbres,2000,word,tfidf,9,nh0051,novela de costumbres,novela de costumbres,novela de costumbres,novela de costumbres,novela de costumbres,novela de costumbres,novela de costumbres,novela de costumbres,novela de costumbres,novela de costumbres,novela de costumbres
5461,subgenre-theme,novela histórica,novela de costumbres,2000,word,tfidf,9,nh0054,novela histórica,novela histórica,novela histórica,novela histórica,novela histórica,novela histórica,novela histórica,novela histórica,novela histórica,novela histórica,novela histórica
5462,subgenre-theme,novela histórica,novela de costumbres,2000,word,tfidf,9,nh0055,novela histórica,novela histórica,novela histórica,novela histórica,novela histórica,novela histórica,novela histórica,novela histórica,novela histórica,novela histórica,novela histórica
5463,subgenre-theme,novela histórica,novela de costumbres,2000,word,tfidf,9,nh0056,novela histórica,novela histórica,novela histórica,novela histórica,novela histórica,novela histórica,novela histórica,novela histórica,novela histórica,novela histórica,novela histórica
5464,subgenre-theme,novela histórica,novela de costumbres,2000,word,tfidf,9,nh0057,novela de costumbres,novela de costumbres,novela de costumbres,novela de costumbres,novela de costumbres,novela de costumbres,novela de costumbres,novela de costumbres,novela de costumbres,novela de costumbres,novela de costumbres
5465,subgenre-theme,novela histórica,novela de costumbres,2000,word,tfidf,9,nh0061,novela de costumbres,novela de costumbres,novela de costumbres,novela histórica,novela de costumbres,novela de costumbres,novela de costumbres,novela de costumbres,novela de costumbres,novela de costumbres,novela de costumbres
5466,subgenre-theme,novela histórica,novela de costumbres,2000,word,tfidf,9,nh0062,novela de costumbres,novela de costumbres,novela de costumbres,novela de costumbres,novela de costumbres,novela de costumbres,novela de costumbres,novela de costumbres,novela de costumbres,novela de costumbres,novela de costumbres
5467,subgenre-theme,novela histórica,novela de costumbres,2000,word,tfidf,9,nh0063,novela de costumbres,novela de costumbres,novela de costumbres,novela de costumbres,novela de costumbres,novela de costumbres,novela de costumbres,novela de costumbres,novela de costumbres,novela de costumbres,novela de costumbres
5468,subgenre-theme,novela histórica,novela de costumbres,2000,word,tfidf,9,nh0064,novela histórica,novela histórica,novela histórica,novela histórica,novela histórica,novela histórica,novela histórica,novela histórica,novela histórica,novela histórica,novela histórica
5469,subgenre-theme,novela histórica,novela de costumbres,2000,word,tfidf,9,nh0065,novela de costumbres,novela de costumbres,novela de costumbres,novela de costumbres,novela de costumbres,novela de costumbres,novela de costumbres,novela de costumbres,novela de costumbres,novela de costumbres,novela de costumbres
5470,subgenre-theme,novela histórica,novela de costumbres,2000,word,tfidf,9,nh0066,novela de costumbres,novela de costumbres,novela de costumbres,novela de costumbres,novela de costumbres,novela de costumbres,novela de costumbres,novela de costumbres,novela de costumbres,novela de costumbres,novela de costumbres
5471,subgenre-theme,novela histórica,novela de costumbres,2000,word,tfidf,9,nh0069,novela histórica,novela histórica,novela histórica,novela histórica,novela histórica,novela histórica,novela histórica,novela histórica,novela histórica,novela histórica,novela histórica
5472,subgenre-theme,novela histórica,novela de costumbres,2000,word,tfidf,9,nh0070,novela de costumbres,novela de costumbres,novela de costumbres,novela de costumbres,novela de costumbres,novela de costumbres,novela de costumbres,novela de costumbres,novela de costumbres,novela de costumbres,novela de costumbres
5473,subgenre-theme,novela histórica,novela de costumbres,2000,word,tfidf,9,nh0071,novela de costumbres,novela de costumbres,novela de costumbres,novela de costumbres,novela de costumbres,novela de costumbres,novela de costumbres,novela de costumbres,novela de costumbres,novela de costumbres,novela de costumbres
5474,subgenre-theme,novela histórica,novela de costumbres,2000,word,tfidf,9,nh0073,novela de costumbres,novela de costumbres,novela de costumbres,novela de costumbres,novela de costumbres,novela de costumbres,novela de costumbres,novela de costumbres,novela de costumbres,novela de costumbres,novela de costumbres
5475,subgenre-theme,novela histórica,novela de costumbres,2000,word,tfidf,9,nh0077,novela de costumbres,novela de costumbres,novela de costumbres,novela de costumbres,novela de costumbres,novela de costumbres,novela de costumbres,novela de costumbres,novela de costumbres,novela de costumbres,novela de costumbres
5476,subgenre-theme,novela histórica,novela de costumbres,2000,word,tfidf,9,nh0078,novela de costumbres,novela de costumbres,novela de costumbres,novela de costumbres,novela de costumbres,novela de costumbres,novela de costumbres,novela de costumbres,novela de costumbres,novela de costumbres,novela de costumbres
5477,subgenre-theme,novela histórica,novela de costumbres,2000,word,tfidf,9,nh0079,novela de costumbres,novela de costumbres,novela de costumbres,novela de costumbres,novela de costumbres,novela de costumbres,novela de costumbres,novela de costumbres,novela de costumbres,novela de costumbres,novela de costumbres
5478,subgenre-theme,novela histórica,novela de costumbres,2000,word,tfidf,9,nh0081,novela histórica,novela histórica,novela histórica,novela histórica,novela histórica,novela histórica,novela histórica,novela histórica,novela histórica,novela histórica,novela histórica
5479,subgenre-theme,novela histórica,novela de costumbres,2000,word,tfidf,9,nh0084,novela histórica,novela histórica,novela histórica,novela histórica,novela histórica,novela histórica,novela histórica,novela histórica,novela histórica,novela histórica,novela histórica
5480,subgenre-theme,novela histórica,novela de costumbres,2000,word,tfidf,9,nh0086,novela histórica,novela histórica,novela histórica,novela histórica,novela de costumbres,novela histórica,novela histórica,novela histórica,novela histórica,novela histórica,novela histórica
5481,subgenre-theme,novela histórica,novela de costumbres,2000,word,tfidf,9,nh0090,novela de costumbres,novela de costumbres,novela de costumbres,novela de costumbres,novela de costumbres,novela de costumbres,novela de costumbres,novela de costumbres,novela de costumbres,novela de costumbres,novela de costumbres
5482,subgenre-theme,novela histórica,novela de costumbres,2000,word,tfidf,9,nh0091,novela histórica,novela histórica,novela histórica,novela histórica,novela histórica,novela histórica,novela histórica,novela histórica,novela histórica,novela histórica,novela histórica
5483,subgenre-theme,novela histórica,novela de costumbres,2000,word,tfidf,9,nh0093,novela de costumbres,novela de costumbres,novela de costumbres,novela de costumbres,novela de costumbres,novela de costumbres,novela de costumbres,novela de costumbres,novela de costumbres,novela de costumbres,novela de costumbres
5484,subgenre-theme,novela histórica,novela de costumbres,2000,word,tfidf,9,nh0097,novela histórica,novela histórica,novela histórica,novela histórica,novela histórica,novela histórica,novela histórica,novela histórica,novela histórica,novela histórica,novela histórica
5485,subgenre-theme,novela histórica,novela de costumbres,2000,word,tfidf,9,nh0100,novela histórica,novela histórica,novela histórica,novela histórica,novela histórica,novela de costumbres,novela histórica,novela histórica,novela histórica,novela histórica,novela histórica
5486,subgenre-theme,novela histórica,novela de costumbres,2000,word,tfidf,9,nh0101,novela de costumbres,novela de costumbres,novela de costumbres,novela de costumbres,novela de costumbres,novela de costumbres,novela de costumbres,novela de costumbres,novela de costumbres,novela de costumbres,novela de costumbres
5487,subgenre-theme,novela histórica,novela de costumbres,2000,word,tfidf,9,nh0103,novela histórica,novela histórica,novela histórica,novela histórica,novela histórica,novela de costumbres,novela histórica,novela histórica,novela histórica,novela histórica,novela histórica
5488,subgenre-theme,novela histórica,novela de costumbres,2000,word,tfidf,9,nh0105,novela de costumbres,novela de costumbres,novela de costumbres,novela de costumbres,novela de costumbres,novela de costumbres,novela de costumbres,novela de costumbres,novela de costumbres,novela de costumbres,novela de costumbres
5489,subgenre-theme,novela histórica,novela de costumbres,2000,word,tfidf,9,nh0107,novela histórica,novela histórica,novela histórica,novela histórica,novela histórica,novela histórica,novela histórica,novela histórica,novela histórica,novela histórica,novela histórica
5490,subgenre-theme,novela histórica,novela de costumbres,2000,word,tfidf,9,nh0111,novela histórica,novela histórica,novela histórica,novela histórica,novela histórica,novela histórica,novela histórica,novela histórica,novela histórica,novela histórica,novela histórica
5491,subgenre-theme,novela histórica,novela de costumbres,2000,word,tfidf,9,nh0115,novela histórica,novela histórica,novela histórica,novela histórica,novela histórica,novela histórica,novela histórica,novela histórica,novela histórica,novela histórica,novela histórica
5492,subgenre-theme,novela histórica,novela de costumbres,2000,word,tfidf,9,nh0116,novela histórica,novela histórica,novela histórica,novela histórica,novela histórica,novela histórica,novela histórica,novela histórica,novela histórica,novela histórica,novela histórica
5493,subgenre-theme,novela histórica,novela de costumbres,2000,word,tfidf,9,nh0117,novela histórica,novela histórica,novela histórica,novela histórica,novela histórica,novela histórica,novela histórica,novela histórica,novela histórica,novela histórica,novela histórica
5494,subgenre-theme,novela histórica,novela de costumbres,2000,word,tfidf,9,nh0118,novela de costumbres,novela de costumbres,novela de costumbres,novela de costumbres,novela de costumbres,novela de costumbres,novela de costumbres,novela de costumbres,novela de costumbres,novela de costumbres,novela de costumbres
5495,subgenre-theme,novela histórica,novela de costumbres,2000,word,tfidf,9,nh0120,novela de costumbres,novela de costumbres,novela de costumbres,novela de costumbres,novela de costumbres,novela de costumbres,novela de costumbres,novela de costumbres,novela de costumbres,novela de costumbres,novela de costumbres
5496,subgenre-theme,novela histórica,novela de costumbres,2000,word,tfidf,9,nh0122,novela histórica,novela histórica,novela histórica,novela histórica,novela histórica,novela histórica,novela histórica,novela histórica,novela histórica,novela histórica,novela histórica
5497,subgenre-theme,novela histórica,novela de costumbres,2000,word,tfidf,9,nh0125,novela histórica,novela histórica,novela histórica,novela histórica,novela histórica,novela histórica,novela histórica,novela histórica,novela histórica,novela histórica,novela histórica
5498,subgenre-theme,novela histórica,novela de costumbres,2000,word,tfidf,9,nh0129,novela de costumbres,novela de costumbres,novela de costumbres,novela de costumbres,novela de costumbres,novela de costumbres,novela de costumbres,novela de costumbres,novela de costumbres,novela de costumbres,novela de costumbres
5499,subgenre-theme,novela histórica,novela de costumbres,2000,word,tfidf,9,nh0131,novela de costumbres,novela de costumbres,novela de costumbres,novela de costumbres,novela de costumbres,novela de costumbres,novela de costumbres,novela de costumbres,novela de costumbres,novela de costumbres,novela de costumbres
5500,subgenre-theme,novela histórica,novela de costumbres,2000,word,tfidf,9,nh0133,novela de costumbres,novela de costumbres,novela de costumbres,novela de costumbres,novela de costumbres,novela de costumbres,novela de costumbres,novela de costumbres,novela de costumbres,novela de costumbres,novela de costumbres
5501,subgenre-theme,novela histórica,novela de costumbres,2000,word,tfidf,9,nh0135,novela de costumbres,novela de costumbres,novela de costumbres,novela de costumbres,novela de costumbres,novela de costumbres,novela de costumbres,novela de costumbres,novela de costumbres,novela de costumbres,novela de costumbres
5502,subgenre-theme,novela histórica,novela de costumbres,2000,word,tfidf,9,nh0137,novela de costumbres,novela de costumbres,novela de costumbres,novela de costumbres,novela de costumbres,novela de costumbres,novela de costumbres,novela histórica,novela de costumbres,novela de costumbres,novela de costumbres
5503,subgenre-theme,novela histórica,novela de costumbres,2000,word,tfidf,9,nh0138,novela de costumbres,novela de costumbres,novela de costumbres,novela de costumbres,novela de costumbres,novela de costumbres,novela de costumbres,novela de costumbres,novela de costumbres,novela de costumbres,novela de costumbres
5504,subgenre-theme,novela histórica,novela de costumbres,2000,word,tfidf,9,nh0141,novela de costumbres,novela de costumbres,novela de costumbres,novela de costumbres,novela de costumbres,novela de costumbres,novela de costumbres,novela de costumbres,novela histórica,novela de costumbres,novela de costumbres
5505,subgenre-theme,novela histórica,novela de costumbres,2000,word,tfidf,9,nh0142,novela histórica,novela histórica,novela histórica,novela histórica,novela histórica,novela histórica,novela histórica,novela histórica,novela histórica,novela histórica,novela histórica
5506,subgenre-theme,novela histórica,novela de costumbres,2000,word,tfidf,9,nh0143,novela histórica,novela histórica,novela histórica,novela histórica,novela histórica,novela histórica,novela histórica,novela histórica,novela histórica,novela histórica,novela histórica
5507,subgenre-theme,novela histórica,novela de costumbres,2000,word,tfidf,9,nh0144,novela de costumbres,novela de costumbres,novela de costumbres,novela de costumbres,novela de costumbres,novela de costumbres,novela de costumbres,novela de costumbres,novela de costumbres,novela de costumbres,novela de costumbres
5508,subgenre-theme,novela histórica,novela de costumbres,2000,word,tfidf,9,nh0147,novela de costumbres,novela de costumbres,novela de costumbres,novela de costumbres,novela de costumbres,novela de costumbres,novela de costumbres,novela de costumbres,novela de costumbres,novela de costumbres,novela de costumbres
5509,subgenre-theme,novela histórica,novela de costumbres,2000,word,tfidf,9,nh0149,novela histórica,novela histórica,novela histórica,novela histórica,novela histórica,novela histórica,novela histórica,novela histórica,novela histórica,novela histórica,novela histórica
5510,subgenre-theme,novela histórica,novela de costumbres,2000,word,tfidf,9,nh0152,novela histórica,novela histórica,novela histórica,novela histórica,novela histórica,novela histórica,novela histórica,novela histórica,novela histórica,novela histórica,novela histórica
5511,subgenre-theme,novela histórica,novela de costumbres,2000,word,tfidf,9,nh0158,novela histórica,novela histórica,novela histórica,novela histórica,novela histórica,novela histórica,novela histórica,novela histórica,novela histórica,novela histórica,novela histórica
5512,subgenre-theme,novela histórica,novela de costumbres,2000,word,tfidf,9,nh0159,novela histórica,novela histórica,novela histórica,novela histórica,novela histórica,novela histórica,novela histórica,novela histórica,novela histórica,novela histórica,novela histórica
5513,subgenre-theme,novela histórica,novela de costumbres,2000,word,tfidf,9,nh0160,novela histórica,novela histórica,novela histórica,novela histórica,novela histórica,novela histórica,novela histórica,novela histórica,novela histórica,novela histórica,novela histórica
5514,subgenre-theme,novela histórica,novela de costumbres,2000,word,tfidf,9,nh0161,novela histórica,novela histórica,novela histórica,novela histórica,novela histórica,novela histórica,novela histórica,novela histórica,novela histórica,novela histórica,novela histórica
5515,subgenre-theme,novela histórica,novela de costumbres,2000,word,tfidf,9,nh0164,novela de costumbres,novela de costumbres,novela de costumbres,novela de costumbres,novela de costumbres,novela de costumbres,novela de costumbres,novela de costumbres,novela de costumbres,novela de costumbres,novela de costumbres
5516,subgenre-theme,novela histórica,novela de costumbres,2000,word,tfidf,9,nh0166,novela histórica,novela histórica,novela histórica,novela histórica,novela histórica,novela histórica,novela histórica,novela histórica,novela de costumbres,novela histórica,novela histórica
5517,subgenre-theme,novela histórica,novela de costumbres,2000,word,tfidf,9,nh0168,novela histórica,novela histórica,novela histórica,novela histórica,novela histórica,novela histórica,novela histórica,novela histórica,novela histórica,novela histórica,novela histórica
5518,subgenre-theme,novela histórica,novela de costumbres,2000,word,tfidf,9,nh0169,novela histórica,novela histórica,novela histórica,novela histórica,novela histórica,novela histórica,novela histórica,novela histórica,novela de costumbres,novela histórica,novela histórica
5519,subgenre-theme,novela histórica,novela de costumbres,2000,word,tfidf,9,nh0172,novela de costumbres,novela de costumbres,novela de costumbres,novela de costumbres,novela de costumbres,novela de costumbres,novela de costumbres,novela de costumbres,novela de costumbres,novela de costumbres,novela de costumbres
5520,subgenre-theme,novela histórica,novela de costumbres,2000,word,tfidf,9,nh0176,novela histórica,novela histórica,novela histórica,novela histórica,novela histórica,novela histórica,novela histórica,novela histórica,novela histórica,novela histórica,novela histórica
5521,subgenre-theme,novela histórica,novela de costumbres,2000,word,tfidf,9,nh0179,novela de costumbres,novela de costumbres,novela de costumbres,novela de costumbres,novela de costumbres,novela de costumbres,novela de costumbres,novela de costumbres,novela de costumbres,novela de costumbres,novela de costumbres
5522,subgenre-theme,novela histórica,novela de costumbres,2000,word,tfidf,9,nh0180,novela histórica,novela histórica,novela histórica,novela histórica,novela histórica,novela histórica,novela histórica,novela histórica,novela histórica,novela histórica,novela histórica
5523,subgenre-theme,novela histórica,novela de costumbres,2000,word,tfidf,9,nh0181,novela histórica,novela histórica,novela histórica,novela histórica,novela histórica,novela histórica,novela histórica,novela histórica,novela histórica,novela histórica,novela histórica
5524,subgenre-theme,novela histórica,novela de costumbres,2000,word,tfidf,9,nh0182,novela histórica,novela histórica,novela histórica,novela histórica,novela histórica,novela histórica,novela histórica,novela histórica,novela histórica,novela histórica,novela histórica
5525,subgenre-theme,novela histórica,novela de costumbres,2000,word,tfidf,9,nh0184,novela histórica,novela histórica,novela histórica,novela histórica,novela histórica,novela histórica,novela histórica,novela histórica,novela histórica,novela histórica,novela histórica
5526,subgenre-theme,novela histórica,novela de costumbres,2000,word,tfidf,9,nh0197,novela de costumbres,novela de costumbres,novela de costumbres,novela de costumbres,novela de costumbres,novela de costumbres,novela de costumbres,novela de costumbres,novela de costumbres,novela de costumbres,novela de costumbres
5527,subgenre-theme,novela histórica,novela de costumbres,2000,word,tfidf,9,nh0199,novela de costumbres,novela de costumbres,novela de costumbres,novela de costumbres,novela de costumbres,novela de costumbres,novela de costumbres,novela de costumbres,novela de costumbres,novela de costumbres,novela de costumbres
5528,subgenre-theme,novela histórica,novela de costumbres,2000,word,tfidf,9,nh0213,novela de costumbres,novela de costumbres,novela de costumbres,novela de costumbres,novela de costumbres,novela de costumbres,novela de costumbres,novela de costumbres,novela de costumbres,novela de costumbres,novela de costumbres
5529,subgenre-theme,novela histórica,novela de costumbres,2000,word,tfidf,9,nh0214,novela de costumbres,novela de costumbres,novela de costumbres,novela de costumbres,novela de costumbres,novela de costumbres,novela de costumbres,novela de costumbres,novela de costumbres,novela de costumbres,novela de costumbres
5530,subgenre-theme,novela histórica,novela de costumbres,2000,word,tfidf,9,nh0217,novela de costumbres,novela de costumbres,novela de costumbres,novela de costumbres,novela de costumbres,novela de costumbres,novela de costumbres,novela de costumbres,novela de costumbres,novela de costumbres,novela de costumbres
5531,subgenre-theme,novela histórica,novela de costumbres,2000,word,tfidf,9,nh0220,novela de costumbres,novela de costumbres,novela de costumbres,novela de costumbres,novela de costumbres,novela de costumbres,novela de costumbres,novela de costumbres,novela de costumbres,novela de costumbres,novela histórica
5532,subgenre-theme,novela histórica,novela de costumbres,2000,word,tfidf,9,nh0222,novela histórica,novela histórica,novela histórica,novela histórica,novela histórica,novela histórica,novela histórica,novela histórica,novela histórica,novela histórica,novela histórica
5533,subgenre-theme,novela histórica,novela de costumbres,2000,word,tfidf,9,nh0227,novela histórica,novela histórica,novela histórica,novela histórica,novela histórica,novela histórica,novela histórica,novela histórica,novela histórica,novela histórica,novela histórica
5534,subgenre-theme,novela histórica,novela de costumbres,2000,word,tfidf,9,nh0238,novela de costumbres,novela de costumbres,novela de costumbres,novela de costumbres,novela de costumbres,novela de costumbres,novela de costumbres,novela de costumbres,novela de costumbres,novela de costumbres,novela histórica
5535,subgenre-theme,novela histórica,novela de costumbres,2000,word,tfidf,9,nh0242,novela de costumbres,novela de costumbres,novela de costumbres,novela de costumbres,novela de costumbres,novela de costumbres,novela de costumbres,novela de costumbres,novela de costumbres,novela de costumbres,novela de costumbres
5536,subgenre-theme,novela histórica,novela de costumbres,2000,word,tfidf,9,nh0246,novela de costumbres,novela de costumbres,novela de costumbres,novela de costumbres,novela de costumbres,novela de costumbres,novela de costumbres,novela de costumbres,novela de costumbres,novela de costumbres,novela de costumbres
5537,subgenre-theme,novela histórica,novela de costumbres,2000,word,tfidf,9,nh0247,novela histórica,novela histórica,novela histórica,novela histórica,novela histórica,novela histórica,novela histórica,novela histórica,novela histórica,novela histórica,novela histórica
5538,subgenre-theme,novela histórica,novela de costumbres,2000,word,tfidf,9,nh0249,novela histórica,novela histórica,novela histórica,novela histórica,novela histórica,novela histórica,novela histórica,novela histórica,novela histórica,novela histórica,novela histórica
5539,subgenre-theme,novela histórica,novela de costumbres,2000,word,tfidf,9,nh0253,novela histórica,novela histórica,novela histórica,novela histórica,novela histórica,novela histórica,novela histórica,novela histórica,novela histórica,novela histórica,novela de costumbres
5540,subgenre-theme,novela sentimental,novela de costumbres,2000,word,tfidf,0,nh0001,novela de costumbres,novela de costumbres,novela de costumbres,novela de costumbres,novela de costumbres,novela de costumbres,novela de costumbres,novela de costumbres,novela de costumbres,novela de costumbres,novela de costumbres
5541,subgenre-theme,novela sentimental,novela de costumbres,2000,word,tfidf,0,nh0003,novela sentimental,novela sentimental,novela sentimental,novela sentimental,novela sentimental,novela sentimental,novela sentimental,novela sentimental,novela sentimental,novela sentimental,novela sentimental
5542,subgenre-theme,novela sentimental,novela de costumbres,2000,word,tfidf,0,nh0005,novela de costumbres,novela de costumbres,novela de costumbres,novela de costumbres,novela de costumbres,novela de costumbres,novela de costumbres,novela de costumbres,novela de costumbres,novela de costumbres,novela de costumbres
5543,subgenre-theme,novela sentimental,novela de costumbres,2000,word,tfidf,0,nh0006,novela sentimental,novela sentimental,novela sentimental,novela sentimental,novela sentimental,novela sentimental,novela sentimental,novela sentimental,novela sentimental,novela sentimental,novela sentimental
5544,subgenre-theme,novela sentimental,novela de costumbres,2000,word,tfidf,0,nh0008,novela de costumbres,novela de costumbres,novela de costumbres,novela de costumbres,novela de costumbres,novela de costumbres,novela de costumbres,novela de costumbres,novela de costumbres,novela de costumbres,novela de costumbres
5545,subgenre-theme,novela sentimental,novela de costumbres,2000,word,tfidf,0,nh0010,novela de costumbres,novela de costumbres,novela de costumbres,novela de costumbres,novela de costumbres,novela de costumbres,novela de costumbres,novela de costumbres,novela de costumbres,novela de costumbres,novela de costumbres
5546,subgenre-theme,novela sentimental,novela de costumbres,2000,word,tfidf,0,nh0013,novela sentimental,novela sentimental,novela sentimental,novela sentimental,novela sentimental,novela sentimental,novela sentimental,novela sentimental,novela sentimental,novela sentimental,novela sentimental
5547,subgenre-theme,novela sentimental,novela de costumbres,2000,word,tfidf,0,nh0014,novela sentimental,novela sentimental,novela sentimental,novela sentimental,novela sentimental,novela sentimental,novela sentimental,novela sentimental,novela sentimental,novela sentimental,novela sentimental
5548,subgenre-theme,novela sentimental,novela de costumbres,2000,word,tfidf,0,nh0018,novela sentimental,novela sentimental,novela sentimental,novela sentimental,novela sentimental,novela sentimental,novela sentimental,novela sentimental,novela sentimental,novela sentimental,novela sentimental
5549,subgenre-theme,novela sentimental,novela de costumbres,2000,word,tfidf,0,nh0021,novela sentimental,novela sentimental,novela sentimental,novela sentimental,novela sentimental,novela sentimental,novela sentimental,novela sentimental,novela sentimental,novela sentimental,novela sentimental
5550,subgenre-theme,novela sentimental,novela de costumbres,2000,word,tfidf,0,nh0027,novela de costumbres,novela de costumbres,novela de costumbres,novela de costumbres,novela de costumbres,novela de costumbres,novela de costumbres,novela de costumbres,novela de costumbres,novela de costumbres,novela de costumbres
5551,subgenre-theme,novela sentimental,novela de costumbres,2000,word,tfidf,0,nh0034,novela sentimental,novela sentimental,novela de costumbres,novela sentimental,novela sentimental,novela sentimental,novela sentimental,novela sentimental,novela sentimental,novela sentimental,novela sentimental
5552,subgenre-theme,novela sentimental,novela de costumbres,2000,word,tfidf,0,nh0036,novela de costumbres,novela de costumbres,novela sentimental,novela de costumbres,novela de costumbres,novela de costumbres,novela de costumbres,novela de costumbres,novela de costumbres,novela de costumbres,novela de costumbres
5553,subgenre-theme,novela sentimental,novela de costumbres,2000,word,tfidf,0,nh0039,novela de costumbres,novela de costumbres,novela de costumbres,novela de costumbres,novela de costumbres,novela de costumbres,novela de costumbres,novela de costumbres,novela de costumbres,novela de costumbres,novela de costumbres
5554,subgenre-theme,novela sentimental,novela de costumbres,2000,word,tfidf,0,nh0042,novela de costumbres,novela de costumbres,novela de costumbres,novela de costumbres,novela de costumbres,novela de costumbres,novela de costumbres,novela de costumbres,novela de costumbres,novela de costumbres,novela de costumbres
5555,subgenre-theme,novela sentimental,novela de costumbres,2000,word,tfidf,0,nh0043,novela sentimental,novela sentimental,novela sentimental,novela sentimental,novela sentimental,novela sentimental,novela sentimental,novela sentimental,novela sentimental,novela sentimental,novela sentimental
5556,subgenre-theme,novela sentimental,novela de costumbres,2000,word,tfidf,0,nh0045,novela sentimental,novela sentimental,novela de costumbres,novela sentimental,novela sentimental,novela sentimental,novela sentimental,novela sentimental,novela sentimental,novela sentimental,novela sentimental
5557,subgenre-theme,novela sentimental,novela de costumbres,2000,word,tfidf,0,nh0048,novela de costumbres,novela de costumbres,novela de costumbres,novela de costumbres,novela de costumbres,novela de costumbres,novela de costumbres,novela de costumbres,novela de costumbres,novela de costumbres,novela de costumbres
5558,subgenre-theme,novela sentimental,novela de costumbres,2000,word,tfidf,0,nh0050,novela de costumbres,novela de costumbres,novela de costumbres,novela de costumbres,novela de costumbres,novela de costumbres,novela de costumbres,novela de costumbres,novela de costumbres,novela de costumbres,novela de costumbres
5559,subgenre-theme,novela sentimental,novela de costumbres,2000,word,tfidf,0,nh0051,novela de costumbres,novela de costumbres,novela de costumbres,novela de costumbres,novela de costumbres,novela de costumbres,novela de costumbres,novela de costumbres,novela de costumbres,novela de costumbres,novela de costumbres
5560,subgenre-theme,novela sentimental,novela de costumbres,2000,word,tfidf,0,nh0057,novela de costumbres,novela de costumbres,novela de costumbres,novela de costumbres,novela de costumbres,novela de costumbres,novela de costumbres,novela de costumbres,novela de costumbres,novela de costumbres,novela de costumbres
5561,subgenre-theme,novela sentimental,novela de costumbres,2000,word,tfidf,0,nh0061,novela de costumbres,novela de costumbres,novela de costumbres,novela de costumbres,novela de costumbres,novela de costumbres,novela de costumbres,novela de costumbres,novela de costumbres,novela de costumbres,novela de costumbres
5562,subgenre-theme,novela sentimental,novela de costumbres,2000,word,tfidf,0,nh0062,novela de costumbres,novela de costumbres,novela de costumbres,novela sentimental,novela de costumbres,novela de costumbres,novela de costumbres,novela de costumbres,novela de costumbres,novela de costumbres,novela de costumbres
5563,subgenre-theme,novela sentimental,novela de costumbres,2000,word,tfidf,0,nh0063,novela de costumbres,novela de costumbres,novela de costumbres,novela de costumbres,novela de costumbres,novela de costumbres,novela de costumbres,novela de costumbres,novela de costumbres,novela de costumbres,novela de costumbres
5564,subgenre-theme,novela sentimental,novela de costumbres,2000,word,tfidf,0,nh0065,novela de costumbres,novela de costumbres,novela de costumbres,novela de costumbres,novela sentimental,novela de costumbres,novela de costumbres,novela de costumbres,novela de costumbres,novela de costumbres,novela de costumbres
5565,subgenre-theme,novela sentimental,novela de costumbres,2000,word,tfidf,0,nh0066,novela de costumbres,novela de costumbres,novela de costumbres,novela de costumbres,novela sentimental,novela de costumbres,novela de costumbres,novela de costumbres,novela de costumbres,novela de costumbres,novela de costumbres
5566,subgenre-theme,novela sentimental,novela de costumbres,2000,word,tfidf,0,nh0068,novela sentimental,novela sentimental,novela sentimental,novela sentimental,novela sentimental,novela sentimental,novela sentimental,novela sentimental,novela sentimental,novela sentimental,novela sentimental
5567,subgenre-theme,novela sentimental,novela de costumbres,2000,word,tfidf,0,nh0070,novela de costumbres,novela de costumbres,novela de costumbres,novela de costumbres,novela de costumbres,novela de costumbres,novela de costumbres,novela de costumbres,novela de costumbres,novela de costumbres,novela de costumbres
5568,subgenre-theme,novela sentimental,novela de costumbres,2000,word,tfidf,0,nh0071,novela de costumbres,novela de costumbres,novela de costumbres,novela de costumbres,novela sentimental,novela de costumbres,novela de costumbres,novela de costumbres,novela de costumbres,novela de costumbres,novela de costumbres
5569,subgenre-theme,novela sentimental,novela de costumbres,2000,word,tfidf,0,nh0072,novela sentimental,novela sentimental,novela sentimental,novela de costumbres,novela sentimental,novela sentimental,novela sentimental,novela sentimental,novela sentimental,novela sentimental,novela sentimental
5570,subgenre-theme,novela sentimental,novela de costumbres,2000,word,tfidf,0,nh0073,novela de costumbres,novela de costumbres,novela de costumbres,novela de costumbres,novela sentimental,novela de costumbres,novela de costumbres,novela de costumbres,novela de costumbres,novela de costumbres,novela de costumbres
5571,subgenre-theme,novela sentimental,novela de costumbres,2000,word,tfidf,0,nh0076,novela sentimental,novela sentimental,novela sentimental,novela de costumbres,novela sentimental,novela sentimental,novela sentimental,novela sentimental,novela sentimental,novela sentimental,novela sentimental
5572,subgenre-theme,novela sentimental,novela de costumbres,2000,word,tfidf,0,nh0077,novela de costumbres,novela de costumbres,novela de costumbres,novela de costumbres,novela de costumbres,novela de costumbres,novela de costumbres,novela de costumbres,novela de costumbres,novela de costumbres,novela de costumbres
5573,subgenre-theme,novela sentimental,novela de costumbres,2000,word,tfidf,0,nh0078,novela de costumbres,novela de costumbres,novela de costumbres,novela de costumbres,novela de costumbres,novela de costumbres,novela de costumbres,novela de costumbres,novela de costumbres,novela de costumbres,novela de costumbres
5574,subgenre-theme,novela sentimental,novela de costumbres,2000,word,tfidf,0,nh0079,novela de costumbres,novela de costumbres,novela de costumbres,novela de costumbres,novela de costumbres,novela de costumbres,novela de costumbres,novela de costumbres,novela de costumbres,novela de costumbres,novela de costumbres
5575,subgenre-theme,novela sentimental,novela de costumbres,2000,word,tfidf,0,nh0082,novela sentimental,novela sentimental,novela sentimental,novela sentimental,novela sentimental,novela sentimental,novela sentimental,novela sentimental,novela sentimental,novela sentimental,novela sentimental
5576,subgenre-theme,novela sentimental,novela de costumbres,2000,word,tfidf,0,nh0087,novela sentimental,novela sentimental,novela sentimental,novela sentimental,novela sentimental,novela sentimental,novela sentimental,novela sentimental,novela sentimental,novela sentimental,novela sentimental
5577,subgenre-theme,novela sentimental,novela de costumbres,2000,word,tfidf,0,nh0089,novela sentimental,novela sentimental,novela sentimental,novela sentimental,novela sentimental,novela sentimental,novela sentimental,novela sentimental,novela sentimental,novela sentimental,novela sentimental
5578,subgenre-theme,novela sentimental,novela de costumbres,2000,word,tfidf,0,nh0090,novela de costumbres,novela de costumbres,novela de costumbres,novela de costumbres,novela de costumbres,novela de costumbres,novela de costumbres,novela de costumbres,novela de costumbres,novela de costumbres,novela de costumbres
5579,subgenre-theme,novela sentimental,novela de costumbres,2000,word,tfidf,0,nh0093,novela de costumbres,novela de costumbres,novela de costumbres,novela de costumbres,novela de costumbres,novela de costumbres,novela de costumbres,novela de costumbres,novela de costumbres,novela de costumbres,novela de costumbres
5580,subgenre-theme,novela sentimental,novela de costumbres,2000,word,tfidf,0,nh0096,novela sentimental,novela sentimental,novela sentimental,novela sentimental,novela sentimental,novela sentimental,novela sentimental,novela sentimental,novela sentimental,novela sentimental,novela sentimental
5581,subgenre-theme,novela sentimental,novela de costumbres,2000,word,tfidf,0,nh0098,novela sentimental,novela sentimental,novela sentimental,novela sentimental,novela sentimental,novela sentimental,novela sentimental,novela sentimental,novela sentimental,novela sentimental,novela sentimental
5582,subgenre-theme,novela sentimental,novela de costumbres,2000,word,tfidf,0,nh0099,novela sentimental,novela sentimental,novela sentimental,novela sentimental,novela de costumbres,novela sentimental,novela sentimental,novela sentimental,novela sentimental,novela sentimental,novela sentimental
5583,subgenre-theme,novela sentimental,novela de costumbres,2000,word,tfidf,0,nh0101,novela de costumbres,novela de costumbres,novela de costumbres,novela de costumbres,novela de costumbres,novela de costumbres,novela de costumbres,novela de costumbres,novela de costumbres,novela de costumbres,novela de costumbres
5584,subgenre-theme,novela sentimental,novela de costumbres,2000,word,tfidf,0,nh0102,novela sentimental,novela sentimental,novela sentimental,novela sentimental,novela sentimental,novela sentimental,novela sentimental,novela sentimental,novela sentimental,novela sentimental,novela sentimental
5585,subgenre-theme,novela sentimental,novela de costumbres,2000,word,tfidf,0,nh0105,novela de costumbres,novela de costumbres,novela de costumbres,novela de costumbres,novela de costumbres,novela de costumbres,novela de costumbres,novela de costumbres,novela de costumbres,novela de costumbres,novela de costumbres
5586,subgenre-theme,novela sentimental,novela de costumbres,2000,word,tfidf,0,nh0118,novela de costumbres,novela de costumbres,novela de costumbres,novela de costumbres,novela de costumbres,novela de costumbres,novela de costumbres,novela de costumbres,novela de costumbres,novela de costumbres,novela de costumbres
5587,subgenre-theme,novela sentimental,novela de costumbres,2000,word,tfidf,0,nh0119,novela sentimental,novela sentimental,novela sentimental,novela sentimental,novela sentimental,novela sentimental,novela sentimental,novela sentimental,novela sentimental,novela sentimental,novela sentimental
5588,subgenre-theme,novela sentimental,novela de costumbres,2000,word,tfidf,0,nh0120,novela de costumbres,novela de costumbres,novela de costumbres,novela de costumbres,novela de costumbres,novela de costumbres,novela de costumbres,novela de costumbres,novela de costumbres,novela de costumbres,novela de costumbres
5589,subgenre-theme,novela sentimental,novela de costumbres,2000,word,tfidf,0,nh0123,novela sentimental,novela sentimental,novela sentimental,novela sentimental,novela sentimental,novela de costumbres,novela sentimental,novela sentimental,novela sentimental,novela sentimental,novela sentimental
5590,subgenre-theme,novela sentimental,novela de costumbres,2000,word,tfidf,0,nh0129,novela de costumbres,novela de costumbres,novela de costumbres,novela de costumbres,novela de costumbres,novela de costumbres,novela de costumbres,novela de costumbres,novela de costumbres,novela de costumbres,novela de costumbres
5591,subgenre-theme,novela sentimental,novela de costumbres,2000,word,tfidf,0,nh0130,novela sentimental,novela sentimental,novela sentimental,novela sentimental,novela sentimental,novela de costumbres,novela sentimental,novela sentimental,novela sentimental,novela sentimental,novela sentimental
5592,subgenre-theme,novela sentimental,novela de costumbres,2000,word,tfidf,0,nh0131,novela de costumbres,novela de costumbres,novela de costumbres,novela de costumbres,novela de costumbres,novela de costumbres,novela de costumbres,novela de costumbres,novela de costumbres,novela de costumbres,novela de costumbres
5593,subgenre-theme,novela sentimental,novela de costumbres,2000,word,tfidf,0,nh0132,novela sentimental,novela sentimental,novela sentimental,novela sentimental,novela sentimental,novela sentimental,novela sentimental,novela sentimental,novela sentimental,novela sentimental,novela sentimental
5594,subgenre-theme,novela sentimental,novela de costumbres,2000,word,tfidf,0,nh0133,novela de costumbres,novela de costumbres,novela de costumbres,novela de costumbres,novela de costumbres,novela de costumbres,novela de costumbres,novela de costumbres,novela de costumbres,novela de costumbres,novela de costumbres
5595,subgenre-theme,novela sentimental,novela de costumbres,2000,word,tfidf,0,nh0135,novela de costumbres,novela de costumbres,novela de costumbres,novela de costumbres,novela de costumbres,novela de costumbres,novela de costumbres,novela sentimental,novela de costumbres,novela de costumbres,novela de costumbres
5596,subgenre-theme,novela sentimental,novela de costumbres,2000,word,tfidf,0,nh0136,novela sentimental,novela sentimental,novela sentimental,novela sentimental,novela sentimental,novela sentimental,novela sentimental,novela sentimental,novela sentimental,novela sentimental,novela sentimental
5597,subgenre-theme,novela sentimental,novela de costumbres,2000,word,tfidf,0,nh0137,novela de costumbres,novela de costumbres,novela de costumbres,novela de costumbres,novela de costumbres,novela de costumbres,novela de costumbres,novela de costumbres,novela de costumbres,novela de costumbres,novela de costumbres
5598,subgenre-theme,novela sentimental,novela de costumbres,2000,word,tfidf,0,nh0138,novela de costumbres,novela de costumbres,novela de costumbres,novela de costumbres,novela de costumbres,novela de costumbres,novela de costumbres,novela de costumbres,novela de costumbres,novela de costumbres,novela de costumbres
5599,subgenre-theme,novela sentimental,novela de costumbres,2000,word,tfidf,0,nh0140,novela sentimental,novela sentimental,novela sentimental,novela sentimental,novela sentimental,novela sentimental,novela sentimental,novela sentimental,novela sentimental,novela sentimental,novela sentimental
5600,subgenre-theme,novela sentimental,novela de costumbres,2000,word,tfidf,0,nh0141,novela de costumbres,novela de costumbres,novela de costumbres,novela de costumbres,novela de costumbres,novela de costumbres,novela de costumbres,novela de costumbres,novela de costumbres,novela de costumbres,novela de costumbres
5601,subgenre-theme,novela sentimental,novela de costumbres,2000,word,tfidf,0,nh0144,novela de costumbres,novela de costumbres,novela de costumbres,novela de costumbres,novela de costumbres,novela de costumbres,novela de costumbres,novela de costumbres,novela de costumbres,novela de costumbres,novela de costumbres
5602,subgenre-theme,novela sentimental,novela de costumbres,2000,word,tfidf,0,nh0145,novela sentimental,novela sentimental,novela sentimental,novela sentimental,novela sentimental,novela sentimental,novela de costumbres,novela sentimental,novela sentimental,novela sentimental,novela sentimental
5603,subgenre-theme,novela sentimental,novela de costumbres,2000,word,tfidf,0,nh0147,novela de costumbres,novela de costumbres,novela de costumbres,novela de costumbres,novela de costumbres,novela de costumbres,novela de costumbres,novela de costumbres,novela de costumbres,novela de costumbres,novela de costumbres
5604,subgenre-theme,novela sentimental,novela de costumbres,2000,word,tfidf,0,nh0151,novela sentimental,novela sentimental,novela sentimental,novela sentimental,novela sentimental,novela sentimental,novela sentimental,novela sentimental,novela sentimental,novela sentimental,novela sentimental
5605,subgenre-theme,novela sentimental,novela de costumbres,2000,word,tfidf,0,nh0154,novela sentimental,novela sentimental,novela sentimental,novela sentimental,novela sentimental,novela sentimental,novela sentimental,novela sentimental,novela sentimental,novela sentimental,novela sentimental
5606,subgenre-theme,novela sentimental,novela de costumbres,2000,word,tfidf,0,nh0156,novela sentimental,novela sentimental,novela sentimental,novela sentimental,novela sentimental,novela sentimental,novela sentimental,novela sentimental,novela sentimental,novela sentimental,novela sentimental
5607,subgenre-theme,novela sentimental,novela de costumbres,2000,word,tfidf,0,nh0162,novela sentimental,novela sentimental,novela sentimental,novela sentimental,novela sentimental,novela sentimental,novela de costumbres,novela sentimental,novela sentimental,novela sentimental,novela sentimental
5608,subgenre-theme,novela sentimental,novela de costumbres,2000,word,tfidf,0,nh0164,novela de costumbres,novela de costumbres,novela de costumbres,novela de costumbres,novela de costumbres,novela de costumbres,novela de costumbres,novela de costumbres,novela sentimental,novela de costumbres,novela de costumbres
5609,subgenre-theme,novela sentimental,novela de costumbres,2000,word,tfidf,0,nh0171,novela sentimental,novela sentimental,novela sentimental,novela sentimental,novela sentimental,novela sentimental,novela sentimental,novela sentimental,novela sentimental,novela sentimental,novela sentimental
5610,subgenre-theme,novela sentimental,novela de costumbres,2000,word,tfidf,0,nh0172,novela de costumbres,novela de costumbres,novela de costumbres,novela de costumbres,novela de costumbres,novela de costumbres,novela de costumbres,novela de costumbres,novela sentimental,novela de costumbres,novela de costumbres
5611,subgenre-theme,novela sentimental,novela de costumbres,2000,word,tfidf,0,nh0179,novela de costumbres,novela de costumbres,novela de costumbres,novela de costumbres,novela de costumbres,novela de costumbres,novela de costumbres,novela de costumbres,novela de costumbres,novela de costumbres,novela de costumbres
5612,subgenre-theme,novela sentimental,novela de costumbres,2000,word,tfidf,0,nh0183,novela sentimental,novela sentimental,novela sentimental,novela sentimental,novela sentimental,novela sentimental,novela sentimental,novela de costumbres,novela sentimental,novela sentimental,novela sentimental
5613,subgenre-theme,novela sentimental,novela de costumbres,2000,word,tfidf,0,nh0187,novela sentimental,novela sentimental,novela sentimental,novela sentimental,novela sentimental,novela sentimental,novela sentimental,novela de costumbres,novela sentimental,novela sentimental,novela sentimental
5614,subgenre-theme,novela sentimental,novela de costumbres,2000,word,tfidf,0,nh0188,novela sentimental,novela sentimental,novela sentimental,novela sentimental,novela sentimental,novela sentimental,novela sentimental,novela de costumbres,novela sentimental,novela sentimental,novela sentimental
5615,subgenre-theme,novela sentimental,novela de costumbres,2000,word,tfidf,0,nh0195,novela sentimental,novela sentimental,novela sentimental,novela sentimental,novela sentimental,novela sentimental,novela sentimental,novela sentimental,novela sentimental,novela sentimental,novela sentimental
5616,subgenre-theme,novela sentimental,novela de costumbres,2000,word,tfidf,0,nh0197,novela de costumbres,novela de costumbres,novela de costumbres,novela de costumbres,novela de costumbres,novela de costumbres,novela de costumbres,novela de costumbres,novela de costumbres,novela de costumbres,novela de costumbres
5617,subgenre-theme,novela sentimental,novela de costumbres,2000,word,tfidf,0,nh0199,novela de costumbres,novela de costumbres,novela de costumbres,novela de costumbres,novela de costumbres,novela de costumbres,novela de costumbres,novela de costumbres,novela de costumbres,novela de costumbres,novela de costumbres
5618,subgenre-theme,novela sentimental,novela de costumbres,2000,word,tfidf,0,nh0202,novela sentimental,novela sentimental,novela sentimental,novela sentimental,novela sentimental,novela sentimental,novela sentimental,novela sentimental,novela de costumbres,novela sentimental,novela sentimental
5619,subgenre-theme,novela sentimental,novela de costumbres,2000,word,tfidf,0,nh0207,novela sentimental,novela sentimental,novela sentimental,novela sentimental,novela sentimental,novela sentimental,novela sentimental,novela sentimental,novela sentimental,novela sentimental,novela sentimental
5620,subgenre-theme,novela sentimental,novela de costumbres,2000,word,tfidf,0,nh0209,novela sentimental,novela sentimental,novela sentimental,novela sentimental,novela sentimental,novela sentimental,novela sentimental,novela sentimental,novela sentimental,novela sentimental,novela sentimental
5621,subgenre-theme,novela sentimental,novela de costumbres,2000,word,tfidf,0,nh0212,novela sentimental,novela sentimental,novela sentimental,novela sentimental,novela sentimental,novela sentimental,novela sentimental,novela sentimental,novela sentimental,novela sentimental,novela sentimental
5622,subgenre-theme,novela sentimental,novela de costumbres,2000,word,tfidf,0,nh0213,novela de costumbres,novela de costumbres,novela de costumbres,novela de costumbres,novela de costumbres,novela de costumbres,novela de costumbres,novela de costumbres,novela de costumbres,novela de costumbres,novela de costumbres
5623,subgenre-theme,novela sentimental,novela de costumbres,2000,word,tfidf,0,nh0214,novela de costumbres,novela de costumbres,novela de costumbres,novela de costumbres,novela de costumbres,novela de costumbres,novela de costumbres,novela de costumbres,novela de costumbres,novela de costumbres,novela de costumbres
5624,subgenre-theme,novela sentimental,novela de costumbres,2000,word,tfidf,0,nh0216,novela sentimental,novela sentimental,novela sentimental,novela sentimental,novela sentimental,novela sentimental,novela sentimental,novela sentimental,novela sentimental,novela sentimental,novela sentimental
5625,subgenre-theme,novela sentimental,novela de costumbres,2000,word,tfidf,0,nh0217,novela de costumbres,novela de costumbres,novela de costumbres,novela de costumbres,novela de costumbres,novela de costumbres,novela de costumbres,novela de costumbres,novela de costumbres,novela de costumbres,novela de costumbres
5626,subgenre-theme,novela sentimental,novela de costumbres,2000,word,tfidf,0,nh0218,novela sentimental,novela sentimental,novela sentimental,novela sentimental,novela sentimental,novela sentimental,novela sentimental,novela sentimental,novela sentimental,novela sentimental,novela sentimental
5627,subgenre-theme,novela sentimental,novela de costumbres,2000,word,tfidf,0,nh0219,novela sentimental,novela sentimental,novela sentimental,novela sentimental,novela sentimental,novela sentimental,novela sentimental,novela sentimental,novela sentimental,novela de costumbres,novela sentimental
5628,subgenre-theme,novela sentimental,novela de costumbres,2000,word,tfidf,0,nh0220,novela de costumbres,novela de costumbres,novela de costumbres,novela de costumbres,novela de costumbres,novela de costumbres,novela de costumbres,novela de costumbres,novela de costumbres,novela de costumbres,novela sentimental
5629,subgenre-theme,novela sentimental,novela de costumbres,2000,word,tfidf,0,nh0228,novela sentimental,novela sentimental,novela sentimental,novela sentimental,novela sentimental,novela sentimental,novela sentimental,novela sentimental,novela sentimental,novela de costumbres,novela sentimental
5630,subgenre-theme,novela sentimental,novela de costumbres,2000,word,tfidf,0,nh0230,novela sentimental,novela sentimental,novela sentimental,novela sentimental,novela sentimental,novela sentimental,novela sentimental,novela sentimental,novela sentimental,novela de costumbres,novela sentimental
5631,subgenre-theme,novela sentimental,novela de costumbres,2000,word,tfidf,0,nh0233,novela sentimental,novela sentimental,novela sentimental,novela sentimental,novela sentimental,novela sentimental,novela sentimental,novela sentimental,novela sentimental,novela de costumbres,novela sentimental
5632,subgenre-theme,novela sentimental,novela de costumbres,2000,word,tfidf,0,nh0237,novela sentimental,novela sentimental,novela sentimental,novela sentimental,novela sentimental,novela sentimental,novela sentimental,novela sentimental,novela sentimental,novela sentimental,novela sentimental
5633,subgenre-theme,novela sentimental,novela de costumbres,2000,word,tfidf,0,nh0238,novela de costumbres,novela de costumbres,novela de costumbres,novela de costumbres,novela de costumbres,novela de costumbres,novela de costumbres,novela de costumbres,novela de costumbres,novela de costumbres,novela sentimental
5634,subgenre-theme,novela sentimental,novela de costumbres,2000,word,tfidf,0,nh0242,novela de costumbres,novela de costumbres,novela de costumbres,novela de costumbres,novela de costumbres,novela de costumbres,novela de costumbres,novela de costumbres,novela de costumbres,novela de costumbres,novela sentimental
5635,subgenre-theme,novela sentimental,novela de costumbres,2000,word,tfidf,0,nh0245,novela sentimental,novela sentimental,novela sentimental,novela sentimental,novela sentimental,novela sentimental,novela sentimental,novela sentimental,novela sentimental,novela sentimental,novela sentimental
5636,subgenre-theme,novela sentimental,novela de costumbres,2000,word,tfidf,0,nh0246,novela de costumbres,novela de costumbres,novela de costumbres,novela de costumbres,novela de costumbres,novela de costumbres,novela de costumbres,novela de costumbres,novela de costumbres,novela de costumbres,novela sentimental
5637,subgenre-theme,novela sentimental,novela de costumbres,2000,word,tfidf,0,nh0250,novela sentimental,novela sentimental,novela sentimental,novela sentimental,novela sentimental,novela sentimental,novela sentimental,novela sentimental,novela sentimental,novela sentimental,novela sentimental
5638,subgenre-theme,novela sentimental,novela de costumbres,2000,word,tfidf,0,nh0251,novela sentimental,novela sentimental,novela sentimental,novela sentimental,novela sentimental,novela sentimental,novela sentimental,novela sentimental,novela sentimental,novela sentimental,novela sentimental
5639,subgenre-theme,novela sentimental,novela de costumbres,2000,word,tfidf,0,nh0252,novela sentimental,novela sentimental,novela sentimental,novela sentimental,novela sentimental,novela sentimental,novela sentimental,novela sentimental,novela sentimental,novela sentimental,novela sentimental
5640,subgenre-theme,novela sentimental,novela de costumbres,2000,word,tfidf,1,nh0001,novela de costumbres,novela de costumbres,novela de costumbres,novela de costumbres,novela de costumbres,novela de costumbres,novela de costumbres,novela de costumbres,novela de costumbres,novela de costumbres,novela de costumbres
5641,subgenre-theme,novela sentimental,novela de costumbres,2000,word,tfidf,1,nh0003,novela sentimental,novela sentimental,novela sentimental,novela sentimental,novela sentimental,novela sentimental,novela sentimental,novela sentimental,novela sentimental,novela sentimental,novela sentimental
5642,subgenre-theme,novela sentimental,novela de costumbres,2000,word,tfidf,1,nh0005,novela de costumbres,novela de costumbres,novela de costumbres,novela de costumbres,novela de costumbres,novela de costumbres,novela de costumbres,novela de costumbres,novela de costumbres,novela de costumbres,novela de costumbres
5643,subgenre-theme,novela sentimental,novela de costumbres,2000,word,tfidf,1,nh0006,novela sentimental,novela sentimental,novela sentimental,novela sentimental,novela sentimental,novela sentimental,novela sentimental,novela sentimental,novela sentimental,novela sentimental,novela sentimental
5644,subgenre-theme,novela sentimental,novela de costumbres,2000,word,tfidf,1,nh0008,novela de costumbres,novela de costumbres,novela de costumbres,novela de costumbres,novela de costumbres,novela de costumbres,novela de costumbres,novela de costumbres,novela de costumbres,novela de costumbres,novela de costumbres
5645,subgenre-theme,novela sentimental,novela de costumbres,2000,word,tfidf,1,nh0010,novela de costumbres,novela de costumbres,novela de costumbres,novela de costumbres,novela de costumbres,novela de costumbres,novela de costumbres,novela de costumbres,novela de costumbres,novela de costumbres,novela de costumbres
5646,subgenre-theme,novela sentimental,novela de costumbres,2000,word,tfidf,1,nh0013,novela sentimental,novela sentimental,novela sentimental,novela sentimental,novela sentimental,novela sentimental,novela sentimental,novela sentimental,novela sentimental,novela sentimental,novela sentimental
5647,subgenre-theme,novela sentimental,novela de costumbres,2000,word,tfidf,1,nh0014,novela sentimental,novela sentimental,novela sentimental,novela sentimental,novela sentimental,novela sentimental,novela sentimental,novela sentimental,novela sentimental,novela sentimental,novela sentimental
5648,subgenre-theme,novela sentimental,novela de costumbres,2000,word,tfidf,1,nh0018,novela sentimental,novela sentimental,novela sentimental,novela sentimental,novela sentimental,novela sentimental,novela sentimental,novela sentimental,novela sentimental,novela sentimental,novela sentimental
5649,subgenre-theme,novela sentimental,novela de costumbres,2000,word,tfidf,1,nh0021,novela sentimental,novela sentimental,novela sentimental,novela sentimental,novela sentimental,novela sentimental,novela sentimental,novela sentimental,novela sentimental,novela sentimental,novela sentimental
5650,subgenre-theme,novela sentimental,novela de costumbres,2000,word,tfidf,1,nh0027,novela de costumbres,novela de costumbres,novela de costumbres,novela de costumbres,novela de costumbres,novela de costumbres,novela de costumbres,novela de costumbres,novela de costumbres,novela de costumbres,novela de costumbres
5651,subgenre-theme,novela sentimental,novela de costumbres,2000,word,tfidf,1,nh0034,novela sentimental,novela sentimental,novela de costumbres,novela sentimental,novela sentimental,novela sentimental,novela sentimental,novela sentimental,novela sentimental,novela sentimental,novela sentimental
5652,subgenre-theme,novela sentimental,novela de costumbres,2000,word,tfidf,1,nh0036,novela de costumbres,novela de costumbres,novela sentimental,novela de costumbres,novela de costumbres,novela de costumbres,novela de costumbres,novela de costumbres,novela de costumbres,novela de costumbres,novela de costumbres
5653,subgenre-theme,novela sentimental,novela de costumbres,2000,word,tfidf,1,nh0039,novela de costumbres,novela de costumbres,novela de costumbres,novela de costumbres,novela de costumbres,novela de costumbres,novela de costumbres,novela de costumbres,novela de costumbres,novela de costumbres,novela de costumbres
5654,subgenre-theme,novela sentimental,novela de costumbres,2000,word,tfidf,1,nh0042,novela de costumbres,novela de costumbres,novela de costumbres,novela de costumbres,novela de costumbres,novela de costumbres,novela de costumbres,novela de costumbres,novela de costumbres,novela de costumbres,novela de costumbres
5655,subgenre-theme,novela sentimental,novela de costumbres,2000,word,tfidf,1,nh0043,novela sentimental,novela sentimental,novela sentimental,novela sentimental,novela sentimental,novela sentimental,novela sentimental,novela sentimental,novela sentimental,novela sentimental,novela sentimental
5656,subgenre-theme,novela sentimental,novela de costumbres,2000,word,tfidf,1,nh0048,novela de costumbres,novela de costumbres,novela de costumbres,novela de costumbres,novela de costumbres,novela de costumbres,novela de costumbres,novela de costumbres,novela de costumbres,novela de costumbres,novela de costumbres
5657,subgenre-theme,novela sentimental,novela de costumbres,2000,word,tfidf,1,nh0050,novela de costumbres,novela de costumbres,novela de costumbres,novela de costumbres,novela de costumbres,novela de costumbres,novela de costumbres,novela de costumbres,novela de costumbres,novela de costumbres,novela de costumbres
5658,subgenre-theme,novela sentimental,novela de costumbres,2000,word,tfidf,1,nh0051,novela de costumbres,novela de costumbres,novela de costumbres,novela de costumbres,novela de costumbres,novela de costumbres,novela de costumbres,novela de costumbres,novela de costumbres,novela de costumbres,novela de costumbres
5659,subgenre-theme,novela sentimental,novela de costumbres,2000,word,tfidf,1,nh0057,novela de costumbres,novela de costumbres,novela de costumbres,novela de costumbres,novela de costumbres,novela de costumbres,novela de costumbres,novela de costumbres,novela de costumbres,novela de costumbres,novela de costumbres
5660,subgenre-theme,novela sentimental,novela de costumbres,2000,word,tfidf,1,nh0061,novela de costumbres,novela de costumbres,novela de costumbres,novela de costumbres,novela de costumbres,novela de costumbres,novela de costumbres,novela de costumbres,novela de costumbres,novela de costumbres,novela de costumbres
5661,subgenre-theme,novela sentimental,novela de costumbres,2000,word,tfidf,1,nh0062,novela de costumbres,novela de costumbres,novela de costumbres,novela sentimental,novela de costumbres,novela de costumbres,novela de costumbres,novela de costumbres,novela de costumbres,novela de costumbres,novela de costumbres
5662,subgenre-theme,novela sentimental,novela de costumbres,2000,word,tfidf,1,nh0063,novela de costumbres,novela de costumbres,novela de costumbres,novela de costumbres,novela de costumbres,novela de costumbres,novela de costumbres,novela de costumbres,novela de costumbres,novela de costumbres,novela de costumbres
5663,subgenre-theme,novela sentimental,novela de costumbres,2000,word,tfidf,1,nh0065,novela de costumbres,novela de costumbres,novela de costumbres,novela de costumbres,novela sentimental,novela de costumbres,novela de costumbres,novela de costumbres,novela de costumbres,novela de costumbres,novela de costumbres
5664,subgenre-theme,novela sentimental,novela de costumbres,2000,word,tfidf,1,nh0066,novela de costumbres,novela de costumbres,novela de costumbres,novela de costumbres,novela sentimental,novela de costumbres,novela de costumbres,novela de costumbres,novela de costumbres,novela de costumbres,novela de costumbres
5665,subgenre-theme,novela sentimental,novela de costumbres,2000,word,tfidf,1,nh0068,novela sentimental,novela sentimental,novela de costumbres,novela sentimental,novela sentimental,novela sentimental,novela sentimental,novela sentimental,novela sentimental,novela sentimental,novela sentimental
5666,subgenre-theme,novela sentimental,novela de costumbres,2000,word,tfidf,1,nh0070,novela de costumbres,novela de costumbres,novela de costumbres,novela de costumbres,novela de costumbres,novela de costumbres,novela de costumbres,novela de costumbres,novela de costumbres,novela de costumbres,novela de costumbres
5667,subgenre-theme,novela sentimental,novela de costumbres,2000,word,tfidf,1,nh0071,novela de costumbres,novela de costumbres,novela de costumbres,novela de costumbres,novela sentimental,novela de costumbres,novela de costumbres,novela de costumbres,novela de costumbres,novela de costumbres,novela de costumbres
5668,subgenre-theme,novela sentimental,novela de costumbres,2000,word,tfidf,1,nh0073,novela de costumbres,novela de costumbres,novela de costumbres,novela de costumbres,novela sentimental,novela de costumbres,novela de costumbres,novela de costumbres,novela de costumbres,novela de costumbres,novela de costumbres
5669,subgenre-theme,novela sentimental,novela de costumbres,2000,word,tfidf,1,nh0076,novela sentimental,novela sentimental,novela de costumbres,novela sentimental,novela sentimental,novela sentimental,novela sentimental,novela sentimental,novela sentimental,novela sentimental,novela sentimental
5670,subgenre-theme,novela sentimental,novela de costumbres,2000,word,tfidf,1,nh0077,novela de costumbres,novela de costumbres,novela de costumbres,novela de costumbres,novela de costumbres,novela de costumbres,novela de costumbres,novela de costumbres,novela de costumbres,novela de costumbres,novela de costumbres
5671,subgenre-theme,novela sentimental,novela de costumbres,2000,word,tfidf,1,nh0078,novela de costumbres,novela de costumbres,novela de costumbres,novela de costumbres,novela de costumbres,novela de costumbres,novela de costumbres,novela de costumbres,novela de costumbres,novela de costumbres,novela de costumbres
5672,subgenre-theme,novela sentimental,novela de costumbres,2000,word,tfidf,1,nh0079,novela de costumbres,novela de costumbres,novela de costumbres,novela de costumbres,novela de costumbres,novela de costumbres,novela de costumbres,novela de costumbres,novela de costumbres,novela de costumbres,novela de costumbres
5673,subgenre-theme,novela sentimental,novela de costumbres,2000,word,tfidf,1,nh0082,novela sentimental,novela sentimental,novela sentimental,novela sentimental,novela sentimental,novela sentimental,novela sentimental,novela sentimental,novela sentimental,novela sentimental,novela sentimental
5674,subgenre-theme,novela sentimental,novela de costumbres,2000,word,tfidf,1,nh0087,novela sentimental,novela sentimental,novela sentimental,novela sentimental,novela sentimental,novela sentimental,novela sentimental,novela sentimental,novela sentimental,novela sentimental,novela sentimental
5675,subgenre-theme,novela sentimental,novela de costumbres,2000,word,tfidf,1,nh0090,novela de costumbres,novela de costumbres,novela de costumbres,novela de costumbres,novela de costumbres,novela de costumbres,novela de costumbres,novela de costumbres,novela de costumbres,novela de costumbres,novela de costumbres
5676,subgenre-theme,novela sentimental,novela de costumbres,2000,word,tfidf,1,nh0092,novela sentimental,novela sentimental,novela sentimental,novela sentimental,novela sentimental,novela sentimental,novela sentimental,novela sentimental,novela sentimental,novela sentimental,novela sentimental
5677,subgenre-theme,novela sentimental,novela de costumbres,2000,word,tfidf,1,nh0093,novela de costumbres,novela de costumbres,novela de costumbres,novela de costumbres,novela de costumbres,novela de costumbres,novela de costumbres,novela de costumbres,novela de costumbres,novela de costumbres,novela de costumbres
5678,subgenre-theme,novela sentimental,novela de costumbres,2000,word,tfidf,1,nh0096,novela sentimental,novela sentimental,novela sentimental,novela sentimental,novela sentimental,novela sentimental,novela sentimental,novela sentimental,novela sentimental,novela sentimental,novela sentimental
5679,subgenre-theme,novela sentimental,novela de costumbres,2000,word,tfidf,1,nh0098,novela sentimental,novela sentimental,novela sentimental,novela sentimental,novela sentimental,novela sentimental,novela sentimental,novela sentimental,novela sentimental,novela sentimental,novela sentimental
5680,subgenre-theme,novela sentimental,novela de costumbres,2000,word,tfidf,1,nh0099,novela sentimental,novela sentimental,novela sentimental,novela sentimental,novela de costumbres,novela sentimental,novela sentimental,novela sentimental,novela sentimental,novela sentimental,novela sentimental
5681,subgenre-theme,novela sentimental,novela de costumbres,2000,word,tfidf,1,nh0101,novela de costumbres,novela de costumbres,novela de costumbres,novela de costumbres,novela de costumbres,novela de costumbres,novela de costumbres,novela de costumbres,novela de costumbres,novela de costumbres,novela de costumbres
5682,subgenre-theme,novela sentimental,novela de costumbres,2000,word,tfidf,1,nh0102,novela sentimental,novela sentimental,novela sentimental,novela sentimental,novela de costumbres,novela sentimental,novela sentimental,novela sentimental,novela sentimental,novela sentimental,novela sentimental
5683,subgenre-theme,novela sentimental,novela de costumbres,2000,word,tfidf,1,nh0104,novela sentimental,novela sentimental,novela sentimental,novela sentimental,novela sentimental,novela sentimental,novela sentimental,novela sentimental,novela sentimental,novela sentimental,novela sentimental
5684,subgenre-theme,novela sentimental,novela de costumbres,2000,word,tfidf,1,nh0105,novela de costumbres,novela de costumbres,novela de costumbres,novela de costumbres,novela de costumbres,novela de costumbres,novela de costumbres,novela de costumbres,novela de costumbres,novela de costumbres,novela de costumbres
5685,subgenre-theme,novela sentimental,novela de costumbres,2000,word,tfidf,1,nh0118,novela de costumbres,novela de costumbres,novela de costumbres,novela de costumbres,novela de costumbres,novela de costumbres,novela de costumbres,novela de costumbres,novela de costumbres,novela de costumbres,novela de costumbres
5686,subgenre-theme,novela sentimental,novela de costumbres,2000,word,tfidf,1,nh0119,novela sentimental,novela sentimental,novela sentimental,novela sentimental,novela sentimental,novela sentimental,novela sentimental,novela sentimental,novela sentimental,novela sentimental,novela sentimental
5687,subgenre-theme,novela sentimental,novela de costumbres,2000,word,tfidf,1,nh0120,novela de costumbres,novela de costumbres,novela de costumbres,novela de costumbres,novela de costumbres,novela de costumbres,novela de costumbres,novela de costumbres,novela de costumbres,novela de costumbres,novela de costumbres
5688,subgenre-theme,novela sentimental,novela de costumbres,2000,word,tfidf,1,nh0123,novela sentimental,novela sentimental,novela sentimental,novela sentimental,novela de costumbres,novela sentimental,novela sentimental,novela sentimental,novela sentimental,novela sentimental,novela sentimental
5689,subgenre-theme,novela sentimental,novela de costumbres,2000,word,tfidf,1,nh0129,novela de costumbres,novela de costumbres,novela de costumbres,novela de costumbres,novela de costumbres,novela de costumbres,novela de costumbres,novela de costumbres,novela de costumbres,novela de costumbres,novela de costumbres
5690,subgenre-theme,novela sentimental,novela de costumbres,2000,word,tfidf,1,nh0130,novela sentimental,novela sentimental,novela sentimental,novela sentimental,novela sentimental,novela de costumbres,novela sentimental,novela sentimental,novela sentimental,novela sentimental,novela sentimental
5691,subgenre-theme,novela sentimental,novela de costumbres,2000,word,tfidf,1,nh0131,novela de costumbres,novela de costumbres,novela de costumbres,novela de costumbres,novela de costumbres,novela de costumbres,novela de costumbres,novela de costumbres,novela de costumbres,novela de costumbres,novela de costumbres
5692,subgenre-theme,novela sentimental,novela de costumbres,2000,word,tfidf,1,nh0132,novela sentimental,novela sentimental,novela sentimental,novela sentimental,novela sentimental,novela de costumbres,novela sentimental,novela sentimental,novela sentimental,novela sentimental,novela sentimental
5693,subgenre-theme,novela sentimental,novela de costumbres,2000,word,tfidf,1,nh0133,novela de costumbres,novela de costumbres,novela de costumbres,novela de costumbres,novela de costumbres,novela de costumbres,novela de costumbres,novela de costumbres,novela de costumbres,novela de costumbres,novela de costumbres
5694,subgenre-theme,novela sentimental,novela de costumbres,2000,word,tfidf,1,nh0135,novela de costumbres,novela de costumbres,novela de costumbres,novela de costumbres,novela de costumbres,novela de costumbres,novela de costumbres,novela sentimental,novela de costumbres,novela de costumbres,novela de costumbres
5695,subgenre-theme,novela sentimental,novela de costumbres,2000,word,tfidf,1,nh0136,novela sentimental,novela sentimental,novela sentimental,novela sentimental,novela sentimental,novela sentimental,novela sentimental,novela sentimental,novela sentimental,novela sentimental,novela sentimental
5696,subgenre-theme,novela sentimental,novela de costumbres,2000,word,tfidf,1,nh0137,novela de costumbres,novela de costumbres,novela de costumbres,novela de costumbres,novela de costumbres,novela de costumbres,novela de costumbres,novela de costumbres,novela de costumbres,novela de costumbres,novela de costumbres
5697,subgenre-theme,novela sentimental,novela de costumbres,2000,word,tfidf,1,nh0138,novela de costumbres,novela de costumbres,novela de costumbres,novela de costumbres,novela de costumbres,novela de costumbres,novela de costumbres,novela de costumbres,novela de costumbres,novela de costumbres,novela de costumbres
5698,subgenre-theme,novela sentimental,novela de costumbres,2000,word,tfidf,1,nh0140,novela sentimental,novela sentimental,novela sentimental,novela sentimental,novela sentimental,novela sentimental,novela sentimental,novela sentimental,novela sentimental,novela sentimental,novela sentimental
5699,subgenre-theme,novela sentimental,novela de costumbres,2000,word,tfidf,1,nh0141,novela de costumbres,novela de costumbres,novela de costumbres,novela de costumbres,novela de costumbres,novela de costumbres,novela de costumbres,novela de costumbres,novela de costumbres,novela de costumbres,novela de costumbres
5700,subgenre-theme,novela sentimental,novela de costumbres,2000,word,tfidf,1,nh0144,novela de costumbres,novela de costumbres,novela de costumbres,novela de costumbres,novela de costumbres,novela de costumbres,novela de costumbres,novela de costumbres,novela de costumbres,novela de costumbres,novela de costumbres
5701,subgenre-theme,novela sentimental,novela de costumbres,2000,word,tfidf,1,nh0145,novela sentimental,novela sentimental,novela sentimental,novela sentimental,novela sentimental,novela de costumbres,novela sentimental,novela sentimental,novela sentimental,novela sentimental,novela sentimental
5702,subgenre-theme,novela sentimental,novela de costumbres,2000,word,tfidf,1,nh0146,novela sentimental,novela sentimental,novela sentimental,novela sentimental,novela sentimental,novela sentimental,novela sentimental,novela sentimental,novela sentimental,novela sentimental,novela sentimental
5703,subgenre-theme,novela sentimental,novela de costumbres,2000,word,tfidf,1,nh0147,novela de costumbres,novela de costumbres,novela de costumbres,novela de costumbres,novela de costumbres,novela de costumbres,novela de costumbres,novela de costumbres,novela de costumbres,novela de costumbres,novela de costumbres
5704,subgenre-theme,novela sentimental,novela de costumbres,2000,word,tfidf,1,nh0151,novela sentimental,novela sentimental,novela sentimental,novela sentimental,novela sentimental,novela sentimental,novela sentimental,novela sentimental,novela sentimental,novela sentimental,novela sentimental
5705,subgenre-theme,novela sentimental,novela de costumbres,2000,word,tfidf,1,nh0154,novela sentimental,novela sentimental,novela sentimental,novela sentimental,novela sentimental,novela sentimental,novela sentimental,novela sentimental,novela sentimental,novela sentimental,novela sentimental
5706,subgenre-theme,novela sentimental,novela de costumbres,2000,word,tfidf,1,nh0156,novela sentimental,novela sentimental,novela sentimental,novela sentimental,novela sentimental,novela sentimental,novela sentimental,novela sentimental,novela sentimental,novela sentimental,novela sentimental
5707,subgenre-theme,novela sentimental,novela de costumbres,2000,word,tfidf,1,nh0162,novela sentimental,novela sentimental,novela sentimental,novela sentimental,novela sentimental,novela sentimental,novela de costumbres,novela sentimental,novela sentimental,novela sentimental,novela sentimental
5708,subgenre-theme,novela sentimental,novela de costumbres,2000,word,tfidf,1,nh0164,novela de costumbres,novela de costumbres,novela de costumbres,novela de costumbres,novela de costumbres,novela de costumbres,novela de costumbres,novela de costumbres,novela sentimental,novela de costumbres,novela de costumbres
5709,subgenre-theme,novela sentimental,novela de costumbres,2000,word,tfidf,1,nh0171,novela sentimental,novela sentimental,novela sentimental,novela sentimental,novela sentimental,novela sentimental,novela sentimental,novela sentimental,novela sentimental,novela sentimental,novela sentimental
5710,subgenre-theme,novela sentimental,novela de costumbres,2000,word,tfidf,1,nh0172,novela de costumbres,novela de costumbres,novela de costumbres,novela de costumbres,novela de costumbres,novela de costumbres,novela de costumbres,novela de costumbres,novela sentimental,novela de costumbres,novela de costumbres
5711,subgenre-theme,novela sentimental,novela de costumbres,2000,word,tfidf,1,nh0179,novela de costumbres,novela de costumbres,novela de costumbres,novela de costumbres,novela de costumbres,novela de costumbres,novela de costumbres,novela de costumbres,novela de costumbres,novela de costumbres,novela de costumbres
5712,subgenre-theme,novela sentimental,novela de costumbres,2000,word,tfidf,1,nh0183,novela sentimental,novela sentimental,novela sentimental,novela sentimental,novela sentimental,novela sentimental,novela sentimental,novela sentimental,novela sentimental,novela sentimental,novela sentimental
5713,subgenre-theme,novela sentimental,novela de costumbres,2000,word,tfidf,1,nh0187,novela sentimental,novela sentimental,novela sentimental,novela sentimental,novela sentimental,novela sentimental,novela sentimental,novela sentimental,novela sentimental,novela sentimental,novela sentimental
5714,subgenre-theme,novela sentimental,novela de costumbres,2000,word,tfidf,1,nh0188,novela sentimental,novela sentimental,novela sentimental,novela sentimental,novela sentimental,novela sentimental,novela sentimental,novela de costumbres,novela sentimental,novela sentimental,novela sentimental
5715,subgenre-theme,novela sentimental,novela de costumbres,2000,word,tfidf,1,nh0195,novela sentimental,novela sentimental,novela sentimental,novela sentimental,novela sentimental,novela sentimental,novela sentimental,novela sentimental,novela sentimental,novela sentimental,novela sentimental
5716,subgenre-theme,novela sentimental,novela de costumbres,2000,word,tfidf,1,nh0197,novela de costumbres,novela de costumbres,novela de costumbres,novela de costumbres,novela de costumbres,novela de costumbres,novela de costumbres,novela de costumbres,novela de costumbres,novela de costumbres,novela de costumbres
5717,subgenre-theme,novela sentimental,novela de costumbres,2000,word,tfidf,1,nh0199,novela de costumbres,novela de costumbres,novela de costumbres,novela de costumbres,novela de costumbres,novela de costumbres,novela de costumbres,novela de costumbres,novela de costumbres,novela de costumbres,novela de costumbres
5718,subgenre-theme,novela sentimental,novela de costumbres,2000,word,tfidf,1,nh0202,novela sentimental,novela sentimental,novela sentimental,novela sentimental,novela sentimental,novela sentimental,novela sentimental,novela sentimental,novela de costumbres,novela sentimental,novela sentimental
5719,subgenre-theme,novela sentimental,novela de costumbres,2000,word,tfidf,1,nh0207,novela sentimental,novela sentimental,novela sentimental,novela sentimental,novela sentimental,novela sentimental,novela sentimental,novela sentimental,novela sentimental,novela sentimental,novela sentimental
5720,subgenre-theme,novela sentimental,novela de costumbres,2000,word,tfidf,1,nh0209,novela sentimental,novela sentimental,novela sentimental,novela sentimental,novela sentimental,novela sentimental,novela sentimental,novela sentimental,novela sentimental,novela sentimental,novela sentimental
5721,subgenre-theme,novela sentimental,novela de costumbres,2000,word,tfidf,1,nh0213,novela de costumbres,novela de costumbres,novela de costumbres,novela de costumbres,novela de costumbres,novela de costumbres,novela de costumbres,novela de costumbres,novela de costumbres,novela de costumbres,novela de costumbres
5722,subgenre-theme,novela sentimental,novela de costumbres,2000,word,tfidf,1,nh0214,novela de costumbres,novela de costumbres,novela de costumbres,novela de costumbres,novela de costumbres,novela de costumbres,novela de costumbres,novela de costumbres,novela de costumbres,novela de costumbres,novela de costumbres
5723,subgenre-theme,novela sentimental,novela de costumbres,2000,word,tfidf,1,nh0216,novela sentimental,novela sentimental,novela sentimental,novela sentimental,novela sentimental,novela sentimental,novela sentimental,novela sentimental,novela sentimental,novela sentimental,novela sentimental
5724,subgenre-theme,novela sentimental,novela de costumbres,2000,word,tfidf,1,nh0217,novela de costumbres,novela de costumbres,novela de costumbres,novela de costumbres,novela de costumbres,novela de costumbres,novela de costumbres,novela de costumbres,novela de costumbres,novela de costumbres,novela de costumbres
5725,subgenre-theme,novela sentimental,novela de costumbres,2000,word,tfidf,1,nh0218,novela sentimental,novela sentimental,novela sentimental,novela sentimental,novela sentimental,novela sentimental,novela sentimental,novela sentimental,novela sentimental,novela sentimental,novela sentimental
5726,subgenre-theme,novela sentimental,novela de costumbres,2000,word,tfidf,1,nh0219,novela sentimental,novela sentimental,novela sentimental,novela sentimental,novela sentimental,novela sentimental,novela sentimental,novela sentimental,novela sentimental,novela de costumbres,novela sentimental
5727,subgenre-theme,novela sentimental,novela de costumbres,2000,word,tfidf,1,nh0220,novela de costumbres,novela de costumbres,novela de costumbres,novela de costumbres,novela de costumbres,novela de costumbres,novela de costumbres,novela de costumbres,novela de costumbres,novela de costumbres,novela sentimental
5728,subgenre-theme,novela sentimental,novela de costumbres,2000,word,tfidf,1,nh0228,novela sentimental,novela sentimental,novela sentimental,novela sentimental,novela sentimental,novela sentimental,novela sentimental,novela sentimental,novela sentimental,novela de costumbres,novela sentimental
5729,subgenre-theme,novela sentimental,novela de costumbres,2000,word,tfidf,1,nh0230,novela sentimental,novela sentimental,novela sentimental,novela sentimental,novela sentimental,novela sentimental,novela sentimental,novela sentimental,novela sentimental,novela de costumbres,novela sentimental
5730,subgenre-theme,novela sentimental,novela de costumbres,2000,word,tfidf,1,nh0233,novela sentimental,novela sentimental,novela sentimental,novela sentimental,novela sentimental,novela sentimental,novela sentimental,novela sentimental,novela sentimental,novela de costumbres,novela sentimental
5731,subgenre-theme,novela sentimental,novela de costumbres,2000,word,tfidf,1,nh0238,novela de costumbres,novela de costumbres,novela de costumbres,novela de costumbres,novela de costumbres,novela de costumbres,novela de costumbres,novela de costumbres,novela de costumbres,novela de costumbres,novela de costumbres
5732,subgenre-theme,novela sentimental,novela de costumbres,2000,word,tfidf,1,nh0241,novela sentimental,novela sentimental,novela sentimental,novela sentimental,novela sentimental,novela sentimental,novela sentimental,novela sentimental,novela sentimental,novela de costumbres,novela sentimental
5733,subgenre-theme,novela sentimental,novela de costumbres,2000,word,tfidf,1,nh0242,novela de costumbres,novela de costumbres,novela de costumbres,novela de costumbres,novela de costumbres,novela de costumbres,novela de costumbres,novela de costumbres,novela de costumbres,novela de costumbres,novela sentimental
5734,subgenre-theme,novela sentimental,novela de costumbres,2000,word,tfidf,1,nh0245,novela sentimental,novela sentimental,novela sentimental,novela sentimental,novela sentimental,novela sentimental,novela sentimental,novela sentimental,novela sentimental,novela sentimental,novela sentimental
5735,subgenre-theme,novela sentimental,novela de costumbres,2000,word,tfidf,1,nh0246,novela de costumbres,novela de costumbres,novela de costumbres,novela de costumbres,novela de costumbres,novela de costumbres,novela de costumbres,novela de costumbres,novela de costumbres,novela de costumbres,novela sentimental
5736,subgenre-theme,novela sentimental,novela de costumbres,2000,word,tfidf,1,nh0250,novela sentimental,novela sentimental,novela sentimental,novela sentimental,novela sentimental,novela sentimental,novela sentimental,novela sentimental,novela sentimental,novela sentimental,novela sentimental
5737,subgenre-theme,novela sentimental,novela de costumbres,2000,word,tfidf,1,nh0251,novela sentimental,novela sentimental,novela sentimental,novela sentimental,novela sentimental,novela sentimental,novela sentimental,novela sentimental,novela sentimental,novela sentimental,novela sentimental
5738,subgenre-theme,novela sentimental,novela de costumbres,2000,word,tfidf,1,nh0252,novela sentimental,novela sentimental,novela sentimental,novela sentimental,novela sentimental,novela sentimental,novela sentimental,novela sentimental,novela sentimental,novela sentimental,novela sentimental
5739,subgenre-theme,novela sentimental,novela de costumbres,2000,word,tfidf,1,nh0254,novela sentimental,novela sentimental,novela sentimental,novela sentimental,novela sentimental,novela sentimental,novela sentimental,novela sentimental,novela sentimental,novela sentimental,novela sentimental
5740,subgenre-theme,novela sentimental,novela de costumbres,2000,word,tfidf,2,nh0001,novela de costumbres,novela de costumbres,novela de costumbres,novela de costumbres,novela de costumbres,novela de costumbres,novela de costumbres,novela de costumbres,novela de costumbres,novela de costumbres,novela de costumbres
5741,subgenre-theme,novela sentimental,novela de costumbres,2000,word,tfidf,2,nh0003,novela sentimental,novela sentimental,novela sentimental,novela sentimental,novela sentimental,novela sentimental,novela sentimental,novela sentimental,novela sentimental,novela sentimental,novela sentimental
5742,subgenre-theme,novela sentimental,novela de costumbres,2000,word,tfidf,2,nh0005,novela de costumbres,novela de costumbres,novela de costumbres,novela de costumbres,novela de costumbres,novela de costumbres,novela de costumbres,novela de costumbres,novela de costumbres,novela de costumbres,novela de costumbres
5743,subgenre-theme,novela sentimental,novela de costumbres,2000,word,tfidf,2,nh0006,novela sentimental,novela sentimental,novela sentimental,novela sentimental,novela sentimental,novela sentimental,novela sentimental,novela sentimental,novela sentimental,novela sentimental,novela sentimental
5744,subgenre-theme,novela sentimental,novela de costumbres,2000,word,tfidf,2,nh0008,novela de costumbres,novela de costumbres,novela de costumbres,novela de costumbres,novela de costumbres,novela de costumbres,novela de costumbres,novela de costumbres,novela de costumbres,novela de costumbres,novela de costumbres
5745,subgenre-theme,novela sentimental,novela de costumbres,2000,word,tfidf,2,nh0010,novela de costumbres,novela de costumbres,novela de costumbres,novela de costumbres,novela de costumbres,novela de costumbres,novela de costumbres,novela de costumbres,novela de costumbres,novela de costumbres,novela de costumbres
5746,subgenre-theme,novela sentimental,novela de costumbres,2000,word,tfidf,2,nh0013,novela sentimental,novela sentimental,novela sentimental,novela sentimental,novela sentimental,novela sentimental,novela sentimental,novela sentimental,novela sentimental,novela sentimental,novela sentimental
5747,subgenre-theme,novela sentimental,novela de costumbres,2000,word,tfidf,2,nh0014,novela sentimental,novela sentimental,novela sentimental,novela sentimental,novela sentimental,novela sentimental,novela sentimental,novela sentimental,novela sentimental,novela sentimental,novela sentimental
5748,subgenre-theme,novela sentimental,novela de costumbres,2000,word,tfidf,2,nh0018,novela sentimental,novela sentimental,novela sentimental,novela sentimental,novela sentimental,novela sentimental,novela sentimental,novela sentimental,novela sentimental,novela sentimental,novela sentimental
5749,subgenre-theme,novela sentimental,novela de costumbres,2000,word,tfidf,2,nh0021,novela sentimental,novela sentimental,novela sentimental,novela sentimental,novela sentimental,novela sentimental,novela sentimental,novela sentimental,novela sentimental,novela sentimental,novela sentimental
5750,subgenre-theme,novela sentimental,novela de costumbres,2000,word,tfidf,2,nh0027,novela de costumbres,novela de costumbres,novela de costumbres,novela de costumbres,novela de costumbres,novela de costumbres,novela de costumbres,novela de costumbres,novela de costumbres,novela de costumbres,novela de costumbres
5751,subgenre-theme,novela sentimental,novela de costumbres,2000,word,tfidf,2,nh0034,novela sentimental,novela sentimental,novela de costumbres,novela sentimental,novela sentimental,novela sentimental,novela sentimental,novela sentimental,novela sentimental,novela sentimental,novela sentimental
5752,subgenre-theme,novela sentimental,novela de costumbres,2000,word,tfidf,2,nh0036,novela de costumbres,novela de costumbres,novela sentimental,novela de costumbres,novela de costumbres,novela de costumbres,novela de costumbres,novela de costumbres,novela de costumbres,novela de costumbres,novela de costumbres
5753,subgenre-theme,novela sentimental,novela de costumbres,2000,word,tfidf,2,nh0039,novela de costumbres,novela de costumbres,novela de costumbres,novela de costumbres,novela de costumbres,novela de costumbres,novela de costumbres,novela de costumbres,novela de costumbres,novela de costumbres,novela de costumbres
5754,subgenre-theme,novela sentimental,novela de costumbres,2000,word,tfidf,2,nh0042,novela de costumbres,novela de costumbres,novela de costumbres,novela de costumbres,novela de costumbres,novela de costumbres,novela de costumbres,novela de costumbres,novela de costumbres,novela de costumbres,novela de costumbres
5755,subgenre-theme,novela sentimental,novela de costumbres,2000,word,tfidf,2,nh0043,novela sentimental,novela sentimental,novela sentimental,novela sentimental,novela sentimental,novela sentimental,novela sentimental,novela sentimental,novela sentimental,novela sentimental,novela sentimental
5756,subgenre-theme,novela sentimental,novela de costumbres,2000,word,tfidf,2,nh0045,novela sentimental,novela sentimental,novela de costumbres,novela sentimental,novela sentimental,novela sentimental,novela sentimental,novela sentimental,novela sentimental,novela sentimental,novela sentimental
5757,subgenre-theme,novela sentimental,novela de costumbres,2000,word,tfidf,2,nh0048,novela de costumbres,novela de costumbres,novela de costumbres,novela de costumbres,novela de costumbres,novela de costumbres,novela de costumbres,novela de costumbres,novela de costumbres,novela de costumbres,novela de costumbres
5758,subgenre-theme,novela sentimental,novela de costumbres,2000,word,tfidf,2,nh0050,novela de costumbres,novela de costumbres,novela de costumbres,novela de costumbres,novela de costumbres,novela de costumbres,novela de costumbres,novela de costumbres,novela de costumbres,novela de costumbres,novela de costumbres
5759,subgenre-theme,novela sentimental,novela de costumbres,2000,word,tfidf,2,nh0051,novela de costumbres,novela de costumbres,novela de costumbres,novela de costumbres,novela de costumbres,novela de costumbres,novela de costumbres,novela de costumbres,novela de costumbres,novela de costumbres,novela de costumbres
5760,subgenre-theme,novela sentimental,novela de costumbres,2000,word,tfidf,2,nh0057,novela de costumbres,novela de costumbres,novela de costumbres,novela de costumbres,novela de costumbres,novela de costumbres,novela de costumbres,novela de costumbres,novela de costumbres,novela de costumbres,novela de costumbres
5761,subgenre-theme,novela sentimental,novela de costumbres,2000,word,tfidf,2,nh0061,novela de costumbres,novela de costumbres,novela de costumbres,novela de costumbres,novela de costumbres,novela de costumbres,novela de costumbres,novela de costumbres,novela de costumbres,novela de costumbres,novela de costumbres
5762,subgenre-theme,novela sentimental,novela de costumbres,2000,word,tfidf,2,nh0062,novela de costumbres,novela de costumbres,novela de costumbres,novela sentimental,novela de costumbres,novela de costumbres,novela de costumbres,novela de costumbres,novela de costumbres,novela de costumbres,novela de costumbres
5763,subgenre-theme,novela sentimental,novela de costumbres,2000,word,tfidf,2,nh0063,novela de costumbres,novela de costumbres,novela de costumbres,novela de costumbres,novela de costumbres,novela de costumbres,novela de costumbres,novela de costumbres,novela de costumbres,novela de costumbres,novela de costumbres
5764,subgenre-theme,novela sentimental,novela de costumbres,2000,word,tfidf,2,nh0065,novela de costumbres,novela de costumbres,novela de costumbres,novela de costumbres,novela sentimental,novela de costumbres,novela de costumbres,novela de costumbres,novela de costumbres,novela de costumbres,novela de costumbres
5765,subgenre-theme,novela sentimental,novela de costumbres,2000,word,tfidf,2,nh0066,novela de costumbres,novela de costumbres,novela de costumbres,novela de costumbres,novela sentimental,novela de costumbres,novela de costumbres,novela de costumbres,novela de costumbres,novela de costumbres,novela de costumbres
5766,subgenre-theme,novela sentimental,novela de costumbres,2000,word,tfidf,2,nh0068,novela sentimental,novela sentimental,novela sentimental,novela sentimental,novela sentimental,novela sentimental,novela sentimental,novela sentimental,novela sentimental,novela sentimental,novela sentimental
5767,subgenre-theme,novela sentimental,novela de costumbres,2000,word,tfidf,2,nh0070,novela de costumbres,novela de costumbres,novela de costumbres,novela de costumbres,novela de costumbres,novela de costumbres,novela de costumbres,novela de costumbres,novela de costumbres,novela de costumbres,novela de costumbres
5768,subgenre-theme,novela sentimental,novela de costumbres,2000,word,tfidf,2,nh0071,novela de costumbres,novela de costumbres,novela de costumbres,novela de costumbres,novela sentimental,novela de costumbres,novela de costumbres,novela de costumbres,novela de costumbres,novela de costumbres,novela de costumbres
5769,subgenre-theme,novela sentimental,novela de costumbres,2000,word,tfidf,2,nh0072,novela sentimental,novela sentimental,novela sentimental,novela de costumbres,novela sentimental,novela sentimental,novela sentimental,novela sentimental,novela sentimental,novela sentimental,novela sentimental
5770,subgenre-theme,novela sentimental,novela de costumbres,2000,word,tfidf,2,nh0073,novela de costumbres,novela de costumbres,novela de costumbres,novela de costumbres,novela sentimental,novela de costumbres,novela de costumbres,novela de costumbres,novela de costumbres,novela de costumbres,novela de costumbres
5771,subgenre-theme,novela sentimental,novela de costumbres,2000,word,tfidf,2,nh0076,novela sentimental,novela sentimental,novela sentimental,novela de costumbres,novela sentimental,novela sentimental,novela sentimental,novela sentimental,novela sentimental,novela sentimental,novela sentimental
5772,subgenre-theme,novela sentimental,novela de costumbres,2000,word,tfidf,2,nh0077,novela de costumbres,novela de costumbres,novela de costumbres,novela de costumbres,novela de costumbres,novela de costumbres,novela de costumbres,novela de costumbres,novela de costumbres,novela de costumbres,novela de costumbres
5773,subgenre-theme,novela sentimental,novela de costumbres,2000,word,tfidf,2,nh0078,novela de costumbres,novela de costumbres,novela de costumbres,novela de costumbres,novela de costumbres,novela de costumbres,novela de costumbres,novela de costumbres,novela de costumbres,novela de costumbres,novela de costumbres
5774,subgenre-theme,novela sentimental,novela de costumbres,2000,word,tfidf,2,nh0079,novela de costumbres,novela de costumbres,novela de costumbres,novela de costumbres,novela de costumbres,novela de costumbres,novela de costumbres,novela de costumbres,novela de costumbres,novela de costumbres,novela de costumbres
5775,subgenre-theme,novela sentimental,novela de costumbres,2000,word,tfidf,2,nh0082,novela sentimental,novela sentimental,novela sentimental,novela sentimental,novela sentimental,novela sentimental,novela sentimental,novela sentimental,novela sentimental,novela sentimental,novela sentimental
5776,subgenre-theme,novela sentimental,novela de costumbres,2000,word,tfidf,2,nh0087,novela sentimental,novela sentimental,novela sentimental,novela sentimental,novela sentimental,novela sentimental,novela sentimental,novela sentimental,novela sentimental,novela sentimental,novela sentimental
5777,subgenre-theme,novela sentimental,novela de costumbres,2000,word,tfidf,2,nh0090,novela de costumbres,novela de costumbres,novela de costumbres,novela de costumbres,novela de costumbres,novela de costumbres,novela de costumbres,novela de costumbres,novela de costumbres,novela de costumbres,novela de costumbres
5778,subgenre-theme,novela sentimental,novela de costumbres,2000,word,tfidf,2,nh0092,novela sentimental,novela sentimental,novela sentimental,novela de costumbres,novela sentimental,novela sentimental,novela sentimental,novela sentimental,novela sentimental,novela sentimental,novela sentimental
5779,subgenre-theme,novela sentimental,novela de costumbres,2000,word,tfidf,2,nh0093,novela de costumbres,novela de costumbres,novela de costumbres,novela de costumbres,novela de costumbres,novela de costumbres,novela de costumbres,novela de costumbres,novela de costumbres,novela de costumbres,novela de costumbres
5780,subgenre-theme,novela sentimental,novela de costumbres,2000,word,tfidf,2,nh0096,novela sentimental,novela sentimental,novela sentimental,novela sentimental,novela sentimental,novela sentimental,novela sentimental,novela sentimental,novela sentimental,novela sentimental,novela sentimental
5781,subgenre-theme,novela sentimental,novela de costumbres,2000,word,tfidf,2,nh0098,novela sentimental,novela sentimental,novela sentimental,novela sentimental,novela sentimental,novela sentimental,novela sentimental,novela sentimental,novela sentimental,novela sentimental,novela sentimental
5782,subgenre-theme,novela sentimental,novela de costumbres,2000,word,tfidf,2,nh0099,novela sentimental,novela sentimental,novela sentimental,novela sentimental,novela de costumbres,novela sentimental,novela sentimental,novela sentimental,novela sentimental,novela sentimental,novela sentimental
5783,subgenre-theme,novela sentimental,novela de costumbres,2000,word,tfidf,2,nh0101,novela de costumbres,novela de costumbres,novela de costumbres,novela de costumbres,novela de costumbres,novela de costumbres,novela de costumbres,novela de costumbres,novela de costumbres,novela de costumbres,novela de costumbres
5784,subgenre-theme,novela sentimental,novela de costumbres,2000,word,tfidf,2,nh0102,novela sentimental,novela sentimental,novela sentimental,novela sentimental,novela sentimental,novela sentimental,novela sentimental,novela sentimental,novela sentimental,novela sentimental,novela sentimental
5785,subgenre-theme,novela sentimental,novela de costumbres,2000,word,tfidf,2,nh0105,novela de costumbres,novela de costumbres,novela de costumbres,novela de costumbres,novela de costumbres,novela de costumbres,novela de costumbres,novela de costumbres,novela de costumbres,novela de costumbres,novela de costumbres
5786,subgenre-theme,novela sentimental,novela de costumbres,2000,word,tfidf,2,nh0118,novela de costumbres,novela de costumbres,novela de costumbres,novela de costumbres,novela de costumbres,novela de costumbres,novela de costumbres,novela de costumbres,novela de costumbres,novela de costumbres,novela de costumbres
5787,subgenre-theme,novela sentimental,novela de costumbres,2000,word,tfidf,2,nh0119,novela sentimental,novela sentimental,novela sentimental,novela sentimental,novela sentimental,novela sentimental,novela sentimental,novela sentimental,novela sentimental,novela sentimental,novela sentimental
5788,subgenre-theme,novela sentimental,novela de costumbres,2000,word,tfidf,2,nh0120,novela de costumbres,novela de costumbres,novela de costumbres,novela de costumbres,novela de costumbres,novela de costumbres,novela de costumbres,novela de costumbres,novela de costumbres,novela de costumbres,novela de costumbres
5789,subgenre-theme,novela sentimental,novela de costumbres,2000,word,tfidf,2,nh0123,novela sentimental,novela sentimental,novela sentimental,novela sentimental,novela sentimental,novela de costumbres,novela sentimental,novela sentimental,novela sentimental,novela sentimental,novela sentimental
5790,subgenre-theme,novela sentimental,novela de costumbres,2000,word,tfidf,2,nh0129,novela de costumbres,novela de costumbres,novela de costumbres,novela de costumbres,novela de costumbres,novela de costumbres,novela de costumbres,novela de costumbres,novela de costumbres,novela de costumbres,novela de costumbres
5791,subgenre-theme,novela sentimental,novela de costumbres,2000,word,tfidf,2,nh0130,novela sentimental,novela sentimental,novela sentimental,novela sentimental,novela sentimental,novela de costumbres,novela sentimental,novela sentimental,novela sentimental,novela sentimental,novela sentimental
5792,subgenre-theme,novela sentimental,novela de costumbres,2000,word,tfidf,2,nh0131,novela de costumbres,novela de costumbres,novela de costumbres,novela de costumbres,novela de costumbres,novela de costumbres,novela de costumbres,novela de costumbres,novela de costumbres,novela de costumbres,novela de costumbres
5793,subgenre-theme,novela sentimental,novela de costumbres,2000,word,tfidf,2,nh0132,novela sentimental,novela sentimental,novela sentimental,novela sentimental,novela sentimental,novela de costumbres,novela sentimental,novela sentimental,novela sentimental,novela sentimental,novela sentimental
5794,subgenre-theme,novela sentimental,novela de costumbres,2000,word,tfidf,2,nh0133,novela de costumbres,novela de costumbres,novela de costumbres,novela de costumbres,novela de costumbres,novela de costumbres,novela de costumbres,novela de costumbres,novela de costumbres,novela de costumbres,novela de costumbres
5795,subgenre-theme,novela sentimental,novela de costumbres,2000,word,tfidf,2,nh0135,novela de costumbres,novela de costumbres,novela de costumbres,novela de costumbres,novela de costumbres,novela de costumbres,novela de costumbres,novela sentimental,novela de costumbres,novela de costumbres,novela de costumbres
5796,subgenre-theme,novela sentimental,novela de costumbres,2000,word,tfidf,2,nh0136,novela sentimental,novela sentimental,novela sentimental,novela sentimental,novela sentimental,novela sentimental,novela sentimental,novela sentimental,novela sentimental,novela sentimental,novela sentimental
5797,subgenre-theme,novela sentimental,novela de costumbres,2000,word,tfidf,2,nh0137,novela de costumbres,novela de costumbres,novela de costumbres,novela de costumbres,novela de costumbres,novela de costumbres,novela de costumbres,novela de costumbres,novela de costumbres,novela de costumbres,novela de costumbres
5798,subgenre-theme,novela sentimental,novela de costumbres,2000,word,tfidf,2,nh0138,novela de costumbres,novela de costumbres,novela de costumbres,novela de costumbres,novela de costumbres,novela de costumbres,novela de costumbres,novela de costumbres,novela de costumbres,novela de costumbres,novela de costumbres
5799,subgenre-theme,novela sentimental,novela de costumbres,2000,word,tfidf,2,nh0140,novela sentimental,novela sentimental,novela sentimental,novela sentimental,novela sentimental,novela sentimental,novela sentimental,novela sentimental,novela sentimental,novela sentimental,novela sentimental
5800,subgenre-theme,novela sentimental,novela de costumbres,2000,word,tfidf,2,nh0141,novela de costumbres,novela de costumbres,novela de costumbres,novela de costumbres,novela de costumbres,novela de costumbres,novela de costumbres,novela de costumbres,novela de costumbres,novela de costumbres,novela de costumbres
5801,subgenre-theme,novela sentimental,novela de costumbres,2000,word,tfidf,2,nh0144,novela de costumbres,novela de costumbres,novela de costumbres,novela de costumbres,novela de costumbres,novela de costumbres,novela de costumbres,novela de costumbres,novela de costumbres,novela de costumbres,novela de costumbres
5802,subgenre-theme,novela sentimental,novela de costumbres,2000,word,tfidf,2,nh0145,novela sentimental,novela sentimental,novela sentimental,novela sentimental,novela sentimental,novela sentimental,novela de costumbres,novela sentimental,novela sentimental,novela sentimental,novela sentimental
5803,subgenre-theme,novela sentimental,novela de costumbres,2000,word,tfidf,2,nh0146,novela sentimental,novela sentimental,novela sentimental,novela sentimental,novela sentimental,novela sentimental,novela sentimental,novela sentimental,novela sentimental,novela sentimental,novela sentimental
5804,subgenre-theme,novela sentimental,novela de costumbres,2000,word,tfidf,2,nh0147,novela de costumbres,novela de costumbres,novela de costumbres,novela de costumbres,novela de costumbres,novela de costumbres,novela de costumbres,novela de costumbres,novela de costumbres,novela de costumbres,novela de costumbres
5805,subgenre-theme,novela sentimental,novela de costumbres,2000,word,tfidf,2,nh0151,novela sentimental,novela sentimental,novela sentimental,novela sentimental,novela sentimental,novela sentimental,novela sentimental,novela sentimental,novela sentimental,novela sentimental,novela sentimental
5806,subgenre-theme,novela sentimental,novela de costumbres,2000,word,tfidf,2,nh0154,novela sentimental,novela sentimental,novela sentimental,novela sentimental,novela sentimental,novela sentimental,novela sentimental,novela sentimental,novela sentimental,novela sentimental,novela sentimental
5807,subgenre-theme,novela sentimental,novela de costumbres,2000,word,tfidf,2,nh0156,novela sentimental,novela sentimental,novela sentimental,novela sentimental,novela sentimental,novela sentimental,novela sentimental,novela sentimental,novela sentimental,novela sentimental,novela sentimental
5808,subgenre-theme,novela sentimental,novela de costumbres,2000,word,tfidf,2,nh0162,novela sentimental,novela sentimental,novela sentimental,novela sentimental,novela sentimental,novela sentimental,novela sentimental,novela de costumbres,novela sentimental,novela sentimental,novela sentimental
5809,subgenre-theme,novela sentimental,novela de costumbres,2000,word,tfidf,2,nh0164,novela de costumbres,novela de costumbres,novela de costumbres,novela de costumbres,novela de costumbres,novela de costumbres,novela de costumbres,novela de costumbres,novela sentimental,novela de costumbres,novela de costumbres
5810,subgenre-theme,novela sentimental,novela de costumbres,2000,word,tfidf,2,nh0171,novela sentimental,novela sentimental,novela sentimental,novela sentimental,novela sentimental,novela sentimental,novela sentimental,novela sentimental,novela sentimental,novela sentimental,novela sentimental
5811,subgenre-theme,novela sentimental,novela de costumbres,2000,word,tfidf,2,nh0172,novela de costumbres,novela de costumbres,novela de costumbres,novela de costumbres,novela de costumbres,novela de costumbres,novela de costumbres,novela de costumbres,novela sentimental,novela de costumbres,novela de costumbres
5812,subgenre-theme,novela sentimental,novela de costumbres,2000,word,tfidf,2,nh0179,novela de costumbres,novela de costumbres,novela de costumbres,novela de costumbres,novela de costumbres,novela de costumbres,novela de costumbres,novela de costumbres,novela de costumbres,novela de costumbres,novela de costumbres
5813,subgenre-theme,novela sentimental,novela de costumbres,2000,word,tfidf,2,nh0187,novela sentimental,novela sentimental,novela sentimental,novela sentimental,novela sentimental,novela sentimental,novela sentimental,novela sentimental,novela sentimental,novela sentimental,novela sentimental
5814,subgenre-theme,novela sentimental,novela de costumbres,2000,word,tfidf,2,nh0188,novela sentimental,novela sentimental,novela sentimental,novela sentimental,novela sentimental,novela sentimental,novela sentimental,novela de costumbres,novela sentimental,novela sentimental,novela sentimental
5815,subgenre-theme,novela sentimental,novela de costumbres,2000,word,tfidf,2,nh0195,novela sentimental,novela sentimental,novela sentimental,novela sentimental,novela sentimental,novela sentimental,novela sentimental,novela sentimental,novela sentimental,novela sentimental,novela sentimental
5816,subgenre-theme,novela sentimental,novela de costumbres,2000,word,tfidf,2,nh0197,novela de costumbres,novela de costumbres,novela de costumbres,novela de costumbres,novela de costumbres,novela de costumbres,novela de costumbres,novela de costumbres,novela de costumbres,novela de costumbres,novela de costumbres
5817,subgenre-theme,novela sentimental,novela de costumbres,2000,word,tfidf,2,nh0199,novela de costumbres,novela de costumbres,novela de costumbres,novela de costumbres,novela de costumbres,novela de costumbres,novela de costumbres,novela de costumbres,novela de costumbres,novela de costumbres,novela de costumbres
5818,subgenre-theme,novela sentimental,novela de costumbres,2000,word,tfidf,2,nh0202,novela sentimental,novela sentimental,novela sentimental,novela sentimental,novela sentimental,novela sentimental,novela sentimental,novela sentimental,novela de costumbres,novela sentimental,novela sentimental
5819,subgenre-theme,novela sentimental,novela de costumbres,2000,word,tfidf,2,nh0207,novela sentimental,novela sentimental,novela sentimental,novela sentimental,novela sentimental,novela sentimental,novela sentimental,novela sentimental,novela sentimental,novela sentimental,novela sentimental
5820,subgenre-theme,novela sentimental,novela de costumbres,2000,word,tfidf,2,nh0209,novela sentimental,novela sentimental,novela sentimental,novela sentimental,novela sentimental,novela sentimental,novela sentimental,novela sentimental,novela sentimental,novela sentimental,novela sentimental
5821,subgenre-theme,novela sentimental,novela de costumbres,2000,word,tfidf,2,nh0212,novela sentimental,novela sentimental,novela sentimental,novela sentimental,novela sentimental,novela sentimental,novela sentimental,novela sentimental,novela sentimental,novela sentimental,novela sentimental
5822,subgenre-theme,novela sentimental,novela de costumbres,2000,word,tfidf,2,nh0213,novela de costumbres,novela de costumbres,novela de costumbres,novela de costumbres,novela de costumbres,novela de costumbres,novela de costumbres,novela de costumbres,novela de costumbres,novela de costumbres,novela de costumbres
5823,subgenre-theme,novela sentimental,novela de costumbres,2000,word,tfidf,2,nh0214,novela de costumbres,novela de costumbres,novela de costumbres,novela de costumbres,novela de costumbres,novela de costumbres,novela de costumbres,novela de costumbres,novela de costumbres,novela de costumbres,novela de costumbres
5824,subgenre-theme,novela sentimental,novela de costumbres,2000,word,tfidf,2,nh0217,novela de costumbres,novela de costumbres,novela de costumbres,novela de costumbres,novela de costumbres,novela de costumbres,novela de costumbres,novela de costumbres,novela de costumbres,novela de costumbres,novela de costumbres
5825,subgenre-theme,novela sentimental,novela de costumbres,2000,word,tfidf,2,nh0218,novela sentimental,novela sentimental,novela sentimental,novela sentimental,novela sentimental,novela sentimental,novela sentimental,novela sentimental,novela sentimental,novela sentimental,novela sentimental
5826,subgenre-theme,novela sentimental,novela de costumbres,2000,word,tfidf,2,nh0219,novela sentimental,novela sentimental,novela sentimental,novela sentimental,novela sentimental,novela sentimental,novela sentimental,novela sentimental,novela sentimental,novela de costumbres,novela sentimental
5827,subgenre-theme,novela sentimental,novela de costumbres,2000,word,tfidf,2,nh0220,novela de costumbres,novela de costumbres,novela de costumbres,novela de costumbres,novela de costumbres,novela de costumbres,novela de costumbres,novela de costumbres,novela de costumbres,novela de costumbres,novela sentimental
5828,subgenre-theme,novela sentimental,novela de costumbres,2000,word,tfidf,2,nh0228,novela sentimental,novela sentimental,novela sentimental,novela sentimental,novela sentimental,novela sentimental,novela sentimental,novela sentimental,novela sentimental,novela de costumbres,novela sentimental
5829,subgenre-theme,novela sentimental,novela de costumbres,2000,word,tfidf,2,nh0230,novela sentimental,novela sentimental,novela sentimental,novela sentimental,novela sentimental,novela sentimental,novela sentimental,novela sentimental,novela sentimental,novela de costumbres,novela sentimental
5830,subgenre-theme,novela sentimental,novela de costumbres,2000,word,tfidf,2,nh0237,novela sentimental,novela sentimental,novela sentimental,novela sentimental,novela sentimental,novela sentimental,novela sentimental,novela sentimental,novela sentimental,novela sentimental,novela sentimental
5831,subgenre-theme,novela sentimental,novela de costumbres,2000,word,tfidf,2,nh0238,novela de costumbres,novela de costumbres,novela de costumbres,novela de costumbres,novela de costumbres,novela de costumbres,novela de costumbres,novela de costumbres,novela de costumbres,novela de costumbres,novela sentimental
5832,subgenre-theme,novela sentimental,novela de costumbres,2000,word,tfidf,2,nh0241,novela sentimental,novela sentimental,novela sentimental,novela sentimental,novela sentimental,novela sentimental,novela sentimental,novela sentimental,novela sentimental,novela sentimental,novela sentimental
5833,subgenre-theme,novela sentimental,novela de costumbres,2000,word,tfidf,2,nh0242,novela de costumbres,novela de costumbres,novela de costumbres,novela de costumbres,novela de costumbres,novela de costumbres,novela de costumbres,novela de costumbres,novela de costumbres,novela de costumbres,novela sentimental
5834,subgenre-theme,novela sentimental,novela de costumbres,2000,word,tfidf,2,nh0245,novela sentimental,novela sentimental,novela sentimental,novela sentimental,novela sentimental,novela sentimental,novela sentimental,novela sentimental,novela sentimental,novela sentimental,novela sentimental
5835,subgenre-theme,novela sentimental,novela de costumbres,2000,word,tfidf,2,nh0246,novela de costumbres,novela de costumbres,novela de costumbres,novela de costumbres,novela de costumbres,novela de costumbres,novela de costumbres,novela de costumbres,novela de costumbres,novela de costumbres,novela sentimental
5836,subgenre-theme,novela sentimental,novela de costumbres,2000,word,tfidf,2,nh0250,novela sentimental,novela sentimental,novela sentimental,novela sentimental,novela sentimental,novela sentimental,novela sentimental,novela sentimental,novela sentimental,novela sentimental,novela sentimental
5837,subgenre-theme,novela sentimental,novela de costumbres,2000,word,tfidf,2,nh0251,novela sentimental,novela sentimental,novela sentimental,novela sentimental,novela sentimental,novela sentimental,novela sentimental,novela sentimental,novela sentimental,novela sentimental,novela sentimental
5838,subgenre-theme,novela sentimental,novela de costumbres,2000,word,tfidf,2,nh0252,novela sentimental,novela sentimental,novela sentimental,novela sentimental,novela sentimental,novela sentimental,novela sentimental,novela sentimental,novela sentimental,novela sentimental,novela sentimental
5839,subgenre-theme,novela sentimental,novela de costumbres,2000,word,tfidf,2,nh0254,novela sentimental,novela sentimental,novela sentimental,novela sentimental,novela sentimental,novela sentimental,novela sentimental,novela sentimental,novela sentimental,novela sentimental,novela sentimental
5840,subgenre-theme,novela sentimental,novela de costumbres,2000,word,tfidf,3,nh0001,novela de costumbres,novela de costumbres,novela de costumbres,novela de costumbres,novela de costumbres,novela de costumbres,novela de costumbres,novela de costumbres,novela de costumbres,novela de costumbres,novela de costumbres
5841,subgenre-theme,novela sentimental,novela de costumbres,2000,word,tfidf,3,nh0003,novela sentimental,novela sentimental,novela sentimental,novela sentimental,novela sentimental,novela sentimental,novela sentimental,novela sentimental,novela sentimental,novela sentimental,novela sentimental
5842,subgenre-theme,novela sentimental,novela de costumbres,2000,word,tfidf,3,nh0005,novela de costumbres,novela de costumbres,novela de costumbres,novela de costumbres,novela de costumbres,novela de costumbres,novela de costumbres,novela de costumbres,novela de costumbres,novela de costumbres,novela de costumbres
5843,subgenre-theme,novela sentimental,novela de costumbres,2000,word,tfidf,3,nh0006,novela sentimental,novela sentimental,novela sentimental,novela sentimental,novela sentimental,novela sentimental,novela sentimental,novela sentimental,novela sentimental,novela sentimental,novela sentimental
5844,subgenre-theme,novela sentimental,novela de costumbres,2000,word,tfidf,3,nh0008,novela de costumbres,novela de costumbres,novela de costumbres,novela de costumbres,novela de costumbres,novela de costumbres,novela de costumbres,novela de costumbres,novela de costumbres,novela de costumbres,novela de costumbres
5845,subgenre-theme,novela sentimental,novela de costumbres,2000,word,tfidf,3,nh0010,novela de costumbres,novela de costumbres,novela de costumbres,novela de costumbres,novela de costumbres,novela de costumbres,novela de costumbres,novela de costumbres,novela de costumbres,novela de costumbres,novela de costumbres
5846,subgenre-theme,novela sentimental,novela de costumbres,2000,word,tfidf,3,nh0013,novela sentimental,novela sentimental,novela sentimental,novela sentimental,novela sentimental,novela sentimental,novela sentimental,novela sentimental,novela sentimental,novela sentimental,novela sentimental
5847,subgenre-theme,novela sentimental,novela de costumbres,2000,word,tfidf,3,nh0014,novela sentimental,novela sentimental,novela sentimental,novela sentimental,novela sentimental,novela sentimental,novela sentimental,novela sentimental,novela sentimental,novela sentimental,novela sentimental
5848,subgenre-theme,novela sentimental,novela de costumbres,2000,word,tfidf,3,nh0018,novela sentimental,novela sentimental,novela sentimental,novela sentimental,novela sentimental,novela sentimental,novela sentimental,novela sentimental,novela sentimental,novela sentimental,novela sentimental
5849,subgenre-theme,novela sentimental,novela de costumbres,2000,word,tfidf,3,nh0021,novela sentimental,novela sentimental,novela sentimental,novela sentimental,novela sentimental,novela sentimental,novela sentimental,novela sentimental,novela sentimental,novela sentimental,novela sentimental
5850,subgenre-theme,novela sentimental,novela de costumbres,2000,word,tfidf,3,nh0027,novela de costumbres,novela de costumbres,novela de costumbres,novela de costumbres,novela de costumbres,novela de costumbres,novela de costumbres,novela de costumbres,novela de costumbres,novela de costumbres,novela de costumbres
5851,subgenre-theme,novela sentimental,novela de costumbres,2000,word,tfidf,3,nh0034,novela sentimental,novela sentimental,novela de costumbres,novela sentimental,novela sentimental,novela sentimental,novela sentimental,novela sentimental,novela sentimental,novela sentimental,novela sentimental
5852,subgenre-theme,novela sentimental,novela de costumbres,2000,word,tfidf,3,nh0036,novela de costumbres,novela de costumbres,novela sentimental,novela de costumbres,novela de costumbres,novela de costumbres,novela de costumbres,novela de costumbres,novela de costumbres,novela de costumbres,novela de costumbres
5853,subgenre-theme,novela sentimental,novela de costumbres,2000,word,tfidf,3,nh0039,novela de costumbres,novela de costumbres,novela de costumbres,novela de costumbres,novela de costumbres,novela de costumbres,novela de costumbres,novela de costumbres,novela de costumbres,novela de costumbres,novela de costumbres
5854,subgenre-theme,novela sentimental,novela de costumbres,2000,word,tfidf,3,nh0042,novela de costumbres,novela de costumbres,novela de costumbres,novela de costumbres,novela de costumbres,novela de costumbres,novela de costumbres,novela de costumbres,novela de costumbres,novela de costumbres,novela de costumbres
5855,subgenre-theme,novela sentimental,novela de costumbres,2000,word,tfidf,3,nh0043,novela sentimental,novela sentimental,novela sentimental,novela sentimental,novela sentimental,novela sentimental,novela sentimental,novela sentimental,novela sentimental,novela sentimental,novela sentimental
5856,subgenre-theme,novela sentimental,novela de costumbres,2000,word,tfidf,3,nh0045,novela sentimental,novela sentimental,novela de costumbres,novela sentimental,novela sentimental,novela sentimental,novela sentimental,novela sentimental,novela sentimental,novela sentimental,novela sentimental
5857,subgenre-theme,novela sentimental,novela de costumbres,2000,word,tfidf,3,nh0048,novela de costumbres,novela de costumbres,novela de costumbres,novela de costumbres,novela de costumbres,novela de costumbres,novela de costumbres,novela de costumbres,novela de costumbres,novela de costumbres,novela de costumbres
5858,subgenre-theme,novela sentimental,novela de costumbres,2000,word,tfidf,3,nh0050,novela de costumbres,novela de costumbres,novela de costumbres,novela de costumbres,novela de costumbres,novela de costumbres,novela de costumbres,novela de costumbres,novela de costumbres,novela de costumbres,novela de costumbres
5859,subgenre-theme,novela sentimental,novela de costumbres,2000,word,tfidf,3,nh0051,novela de costumbres,novela de costumbres,novela de costumbres,novela de costumbres,novela de costumbres,novela de costumbres,novela de costumbres,novela de costumbres,novela de costumbres,novela de costumbres,novela de costumbres
5860,subgenre-theme,novela sentimental,novela de costumbres,2000,word,tfidf,3,nh0057,novela de costumbres,novela de costumbres,novela de costumbres,novela de costumbres,novela de costumbres,novela de costumbres,novela de costumbres,novela de costumbres,novela de costumbres,novela de costumbres,novela de costumbres
5861,subgenre-theme,novela sentimental,novela de costumbres,2000,word,tfidf,3,nh0061,novela de costumbres,novela de costumbres,novela de costumbres,novela de costumbres,novela de costumbres,novela de costumbres,novela de costumbres,novela de costumbres,novela de costumbres,novela de costumbres,novela de costumbres
5862,subgenre-theme,novela sentimental,novela de costumbres,2000,word,tfidf,3,nh0062,novela de costumbres,novela de costumbres,novela de costumbres,novela sentimental,novela de costumbres,novela de costumbres,novela de costumbres,novela de costumbres,novela de costumbres,novela de costumbres,novela de costumbres
5863,subgenre-theme,novela sentimental,novela de costumbres,2000,word,tfidf,3,nh0063,novela de costumbres,novela de costumbres,novela de costumbres,novela de costumbres,novela de costumbres,novela de costumbres,novela de costumbres,novela de costumbres,novela de costumbres,novela de costumbres,novela de costumbres
5864,subgenre-theme,novela sentimental,novela de costumbres,2000,word,tfidf,3,nh0065,novela de costumbres,novela de costumbres,novela de costumbres,novela de costumbres,novela sentimental,novela de costumbres,novela de costumbres,novela de costumbres,novela de costumbres,novela de costumbres,novela de costumbres
5865,subgenre-theme,novela sentimental,novela de costumbres,2000,word,tfidf,3,nh0066,novela de costumbres,novela de costumbres,novela de costumbres,novela de costumbres,novela sentimental,novela de costumbres,novela de costumbres,novela de costumbres,novela de costumbres,novela de costumbres,novela de costumbres
5866,subgenre-theme,novela sentimental,novela de costumbres,2000,word,tfidf,3,nh0068,novela sentimental,novela sentimental,novela sentimental,novela sentimental,novela sentimental,novela sentimental,novela sentimental,novela sentimental,novela sentimental,novela sentimental,novela sentimental
5867,subgenre-theme,novela sentimental,novela de costumbres,2000,word,tfidf,3,nh0070,novela de costumbres,novela de costumbres,novela de costumbres,novela de costumbres,novela de costumbres,novela de costumbres,novela de costumbres,novela de costumbres,novela de costumbres,novela de costumbres,novela de costumbres
5868,subgenre-theme,novela sentimental,novela de costumbres,2000,word,tfidf,3,nh0071,novela de costumbres,novela de costumbres,novela de costumbres,novela de costumbres,novela sentimental,novela de costumbres,novela de costumbres,novela de costumbres,novela de costumbres,novela de costumbres,novela de costumbres
5869,subgenre-theme,novela sentimental,novela de costumbres,2000,word,tfidf,3,nh0072,novela sentimental,novela sentimental,novela sentimental,novela de costumbres,novela sentimental,novela sentimental,novela sentimental,novela sentimental,novela sentimental,novela sentimental,novela sentimental
5870,subgenre-theme,novela sentimental,novela de costumbres,2000,word,tfidf,3,nh0073,novela de costumbres,novela de costumbres,novela de costumbres,novela de costumbres,novela sentimental,novela de costumbres,novela de costumbres,novela de costumbres,novela de costumbres,novela de costumbres,novela de costumbres
5871,subgenre-theme,novela sentimental,novela de costumbres,2000,word,tfidf,3,nh0076,novela sentimental,novela sentimental,novela sentimental,novela de costumbres,novela sentimental,novela sentimental,novela sentimental,novela sentimental,novela sentimental,novela sentimental,novela sentimental
5872,subgenre-theme,novela sentimental,novela de costumbres,2000,word,tfidf,3,nh0077,novela de costumbres,novela de costumbres,novela de costumbres,novela de costumbres,novela de costumbres,novela de costumbres,novela de costumbres,novela de costumbres,novela de costumbres,novela de costumbres,novela de costumbres
5873,subgenre-theme,novela sentimental,novela de costumbres,2000,word,tfidf,3,nh0078,novela de costumbres,novela de costumbres,novela de costumbres,novela de costumbres,novela de costumbres,novela de costumbres,novela de costumbres,novela de costumbres,novela de costumbres,novela de costumbres,novela de costumbres
5874,subgenre-theme,novela sentimental,novela de costumbres,2000,word,tfidf,3,nh0079,novela de costumbres,novela de costumbres,novela de costumbres,novela de costumbres,novela de costumbres,novela de costumbres,novela de costumbres,novela de costumbres,novela de costumbres,novela de costumbres,novela de costumbres
5875,subgenre-theme,novela sentimental,novela de costumbres,2000,word,tfidf,3,nh0082,novela sentimental,novela sentimental,novela sentimental,novela sentimental,novela sentimental,novela sentimental,novela sentimental,novela sentimental,novela sentimental,novela sentimental,novela sentimental
5876,subgenre-theme,novela sentimental,novela de costumbres,2000,word,tfidf,3,nh0089,novela sentimental,novela sentimental,novela sentimental,novela sentimental,novela sentimental,novela sentimental,novela sentimental,novela sentimental,novela sentimental,novela sentimental,novela sentimental
5877,subgenre-theme,novela sentimental,novela de costumbres,2000,word,tfidf,3,nh0090,novela de costumbres,novela de costumbres,novela de costumbres,novela de costumbres,novela de costumbres,novela de costumbres,novela de costumbres,novela de costumbres,novela de costumbres,novela de costumbres,novela de costumbres
5878,subgenre-theme,novela sentimental,novela de costumbres,2000,word,tfidf,3,nh0092,novela sentimental,novela sentimental,novela sentimental,novela sentimental,novela sentimental,novela sentimental,novela sentimental,novela sentimental,novela sentimental,novela sentimental,novela sentimental
5879,subgenre-theme,novela sentimental,novela de costumbres,2000,word,tfidf,3,nh0093,novela de costumbres,novela de costumbres,novela de costumbres,novela de costumbres,novela de costumbres,novela de costumbres,novela de costumbres,novela de costumbres,novela de costumbres,novela de costumbres,novela de costumbres
5880,subgenre-theme,novela sentimental,novela de costumbres,2000,word,tfidf,3,nh0096,novela sentimental,novela sentimental,novela sentimental,novela sentimental,novela sentimental,novela sentimental,novela sentimental,novela sentimental,novela sentimental,novela sentimental,novela sentimental
5881,subgenre-theme,novela sentimental,novela de costumbres,2000,word,tfidf,3,nh0099,novela sentimental,novela sentimental,novela sentimental,novela sentimental,novela de costumbres,novela sentimental,novela sentimental,novela sentimental,novela sentimental,novela sentimental,novela sentimental
5882,subgenre-theme,novela sentimental,novela de costumbres,2000,word,tfidf,3,nh0101,novela de costumbres,novela de costumbres,novela de costumbres,novela de costumbres,novela de costumbres,novela de costumbres,novela de costumbres,novela de costumbres,novela de costumbres,novela de costumbres,novela de costumbres
5883,subgenre-theme,novela sentimental,novela de costumbres,2000,word,tfidf,3,nh0102,novela sentimental,novela sentimental,novela sentimental,novela sentimental,novela de costumbres,novela sentimental,novela sentimental,novela sentimental,novela sentimental,novela sentimental,novela sentimental
5884,subgenre-theme,novela sentimental,novela de costumbres,2000,word,tfidf,3,nh0104,novela sentimental,novela sentimental,novela sentimental,novela sentimental,novela sentimental,novela sentimental,novela sentimental,novela sentimental,novela sentimental,novela sentimental,novela sentimental
5885,subgenre-theme,novela sentimental,novela de costumbres,2000,word,tfidf,3,nh0105,novela de costumbres,novela de costumbres,novela de costumbres,novela de costumbres,novela de costumbres,novela de costumbres,novela de costumbres,novela de costumbres,novela de costumbres,novela de costumbres,novela de costumbres
5886,subgenre-theme,novela sentimental,novela de costumbres,2000,word,tfidf,3,nh0118,novela de costumbres,novela de costumbres,novela de costumbres,novela de costumbres,novela de costumbres,novela de costumbres,novela de costumbres,novela de costumbres,novela de costumbres,novela de costumbres,novela de costumbres
5887,subgenre-theme,novela sentimental,novela de costumbres,2000,word,tfidf,3,nh0120,novela de costumbres,novela de costumbres,novela de costumbres,novela de costumbres,novela de costumbres,novela de costumbres,novela de costumbres,novela de costumbres,novela de costumbres,novela de costumbres,novela de costumbres
5888,subgenre-theme,novela sentimental,novela de costumbres,2000,word,tfidf,3,nh0123,novela sentimental,novela sentimental,novela sentimental,novela sentimental,novela de costumbres,novela sentimental,novela sentimental,novela sentimental,novela sentimental,novela sentimental,novela sentimental
5889,subgenre-theme,novela sentimental,novela de costumbres,2000,word,tfidf,3,nh0129,novela de costumbres,novela de costumbres,novela de costumbres,novela de costumbres,novela de costumbres,novela de costumbres,novela de costumbres,novela de costumbres,novela de costumbres,novela de costumbres,novela de costumbres
5890,subgenre-theme,novela sentimental,novela de costumbres,2000,word,tfidf,3,nh0130,novela sentimental,novela sentimental,novela sentimental,novela sentimental,novela sentimental,novela de costumbres,novela sentimental,novela sentimental,novela sentimental,novela sentimental,novela sentimental
5891,subgenre-theme,novela sentimental,novela de costumbres,2000,word,tfidf,3,nh0131,novela de costumbres,novela de costumbres,novela de costumbres,novela de costumbres,novela de costumbres,novela de costumbres,novela de costumbres,novela de costumbres,novela de costumbres,novela de costumbres,novela de costumbres
5892,subgenre-theme,novela sentimental,novela de costumbres,2000,word,tfidf,3,nh0132,novela sentimental,novela sentimental,novela sentimental,novela sentimental,novela sentimental,novela de costumbres,novela sentimental,novela sentimental,novela sentimental,novela sentimental,novela sentimental
5893,subgenre-theme,novela sentimental,novela de costumbres,2000,word,tfidf,3,nh0133,novela de costumbres,novela de costumbres,novela de costumbres,novela de costumbres,novela de costumbres,novela de costumbres,novela de costumbres,novela de costumbres,novela de costumbres,novela de costumbres,novela de costumbres
5894,subgenre-theme,novela sentimental,novela de costumbres,2000,word,tfidf,3,nh0135,novela de costumbres,novela de costumbres,novela de costumbres,novela de costumbres,novela de costumbres,novela de costumbres,novela de costumbres,novela sentimental,novela de costumbres,novela de costumbres,novela de costumbres
5895,subgenre-theme,novela sentimental,novela de costumbres,2000,word,tfidf,3,nh0136,novela sentimental,novela sentimental,novela sentimental,novela sentimental,novela sentimental,novela sentimental,novela sentimental,novela sentimental,novela sentimental,novela sentimental,novela sentimental
5896,subgenre-theme,novela sentimental,novela de costumbres,2000,word,tfidf,3,nh0137,novela de costumbres,novela de costumbres,novela de costumbres,novela de costumbres,novela de costumbres,novela de costumbres,novela de costumbres,novela de costumbres,novela de costumbres,novela de costumbres,novela de costumbres
5897,subgenre-theme,novela sentimental,novela de costumbres,2000,word,tfidf,3,nh0138,novela de costumbres,novela de costumbres,novela de costumbres,novela de costumbres,novela de costumbres,novela de costumbres,novela de costumbres,novela de costumbres,novela de costumbres,novela de costumbres,novela de costumbres
5898,subgenre-theme,novela sentimental,novela de costumbres,2000,word,tfidf,3,nh0140,novela sentimental,novela sentimental,novela sentimental,novela sentimental,novela sentimental,novela sentimental,novela sentimental,novela sentimental,novela sentimental,novela sentimental,novela sentimental
5899,subgenre-theme,novela sentimental,novela de costumbres,2000,word,tfidf,3,nh0141,novela de costumbres,novela de costumbres,novela de costumbres,novela de costumbres,novela de costumbres,novela de costumbres,novela de costumbres,novela de costumbres,novela de costumbres,novela de costumbres,novela de costumbres
5900,subgenre-theme,novela sentimental,novela de costumbres,2000,word,tfidf,3,nh0144,novela de costumbres,novela de costumbres,novela de costumbres,novela de costumbres,novela de costumbres,novela de costumbres,novela de costumbres,novela de costumbres,novela de costumbres,novela de costumbres,novela de costumbres
5901,subgenre-theme,novela sentimental,novela de costumbres,2000,word,tfidf,3,nh0145,novela sentimental,novela sentimental,novela sentimental,novela sentimental,novela sentimental,novela de costumbres,novela sentimental,novela sentimental,novela sentimental,novela sentimental,novela sentimental
5902,subgenre-theme,novela sentimental,novela de costumbres,2000,word,tfidf,3,nh0146,novela sentimental,novela sentimental,novela sentimental,novela sentimental,novela sentimental,novela sentimental,novela sentimental,novela sentimental,novela sentimental,novela sentimental,novela sentimental
5903,subgenre-theme,novela sentimental,novela de costumbres,2000,word,tfidf,3,nh0147,novela de costumbres,novela de costumbres,novela de costumbres,novela de costumbres,novela de costumbres,novela de costumbres,novela de costumbres,novela de costumbres,novela de costumbres,novela de costumbres,novela de costumbres
5904,subgenre-theme,novela sentimental,novela de costumbres,2000,word,tfidf,3,nh0151,novela sentimental,novela sentimental,novela sentimental,novela sentimental,novela sentimental,novela sentimental,novela sentimental,novela sentimental,novela sentimental,novela sentimental,novela sentimental
5905,subgenre-theme,novela sentimental,novela de costumbres,2000,word,tfidf,3,nh0154,novela sentimental,novela sentimental,novela sentimental,novela sentimental,novela sentimental,novela sentimental,novela sentimental,novela sentimental,novela sentimental,novela sentimental,novela sentimental
5906,subgenre-theme,novela sentimental,novela de costumbres,2000,word,tfidf,3,nh0156,novela sentimental,novela sentimental,novela sentimental,novela sentimental,novela sentimental,novela sentimental,novela sentimental,novela sentimental,novela sentimental,novela sentimental,novela sentimental
5907,subgenre-theme,novela sentimental,novela de costumbres,2000,word,tfidf,3,nh0162,novela sentimental,novela sentimental,novela sentimental,novela sentimental,novela sentimental,novela sentimental,novela de costumbres,novela sentimental,novela sentimental,novela sentimental,novela sentimental
5908,subgenre-theme,novela sentimental,novela de costumbres,2000,word,tfidf,3,nh0164,novela de costumbres,novela de costumbres,novela de costumbres,novela de costumbres,novela de costumbres,novela de costumbres,novela de costumbres,novela de costumbres,novela sentimental,novela de costumbres,novela de costumbres
5909,subgenre-theme,novela sentimental,novela de costumbres,2000,word,tfidf,3,nh0171,novela sentimental,novela sentimental,novela sentimental,novela sentimental,novela sentimental,novela sentimental,novela sentimental,novela sentimental,novela sentimental,novela sentimental,novela sentimental
5910,subgenre-theme,novela sentimental,novela de costumbres,2000,word,tfidf,3,nh0172,novela de costumbres,novela de costumbres,novela de costumbres,novela de costumbres,novela de costumbres,novela de costumbres,novela de costumbres,novela de costumbres,novela sentimental,novela de costumbres,novela de costumbres
5911,subgenre-theme,novela sentimental,novela de costumbres,2000,word,tfidf,3,nh0179,novela de costumbres,novela de costumbres,novela de costumbres,novela de costumbres,novela de costumbres,novela de costumbres,novela de costumbres,novela de costumbres,novela de costumbres,novela de costumbres,novela de costumbres
5912,subgenre-theme,novela sentimental,novela de costumbres,2000,word,tfidf,3,nh0183,novela sentimental,novela sentimental,novela sentimental,novela sentimental,novela sentimental,novela sentimental,novela sentimental,novela sentimental,novela sentimental,novela sentimental,novela sentimental
5913,subgenre-theme,novela sentimental,novela de costumbres,2000,word,tfidf,3,nh0187,novela sentimental,novela sentimental,novela sentimental,novela sentimental,novela sentimental,novela sentimental,novela sentimental,novela sentimental,novela sentimental,novela sentimental,novela sentimental
5914,subgenre-theme,novela sentimental,novela de costumbres,2000,word,tfidf,3,nh0188,novela sentimental,novela sentimental,novela sentimental,novela sentimental,novela sentimental,novela sentimental,novela sentimental,novela de costumbres,novela sentimental,novela sentimental,novela sentimental
5915,subgenre-theme,novela sentimental,novela de costumbres,2000,word,tfidf,3,nh0195,novela sentimental,novela sentimental,novela sentimental,novela sentimental,novela sentimental,novela sentimental,novela sentimental,novela sentimental,novela sentimental,novela sentimental,novela sentimental
5916,subgenre-theme,novela sentimental,novela de costumbres,2000,word,tfidf,3,nh0197,novela de costumbres,novela de costumbres,novela de costumbres,novela de costumbres,novela de costumbres,novela de costumbres,novela de costumbres,novela de costumbres,novela de costumbres,novela de costumbres,novela de costumbres
5917,subgenre-theme,novela sentimental,novela de costumbres,2000,word,tfidf,3,nh0199,novela de costumbres,novela de costumbres,novela de costumbres,novela de costumbres,novela de costumbres,novela de costumbres,novela de costumbres,novela de costumbres,novela de costumbres,novela de costumbres,novela de costumbres
5918,subgenre-theme,novela sentimental,novela de costumbres,2000,word,tfidf,3,nh0202,novela sentimental,novela sentimental,novela sentimental,novela sentimental,novela sentimental,novela sentimental,novela sentimental,novela sentimental,novela de costumbres,novela sentimental,novela sentimental
5919,subgenre-theme,novela sentimental,novela de costumbres,2000,word,tfidf,3,nh0207,novela sentimental,novela sentimental,novela sentimental,novela sentimental,novela sentimental,novela sentimental,novela sentimental,novela sentimental,novela sentimental,novela sentimental,novela sentimental
5920,subgenre-theme,novela sentimental,novela de costumbres,2000,word,tfidf,3,nh0209,novela sentimental,novela sentimental,novela sentimental,novela sentimental,novela sentimental,novela sentimental,novela sentimental,novela sentimental,novela sentimental,novela sentimental,novela sentimental
5921,subgenre-theme,novela sentimental,novela de costumbres,2000,word,tfidf,3,nh0212,novela sentimental,novela sentimental,novela sentimental,novela sentimental,novela sentimental,novela sentimental,novela sentimental,novela sentimental,novela sentimental,novela sentimental,novela sentimental
5922,subgenre-theme,novela sentimental,novela de costumbres,2000,word,tfidf,3,nh0213,novela de costumbres,novela de costumbres,novela de costumbres,novela de costumbres,novela de costumbres,novela de costumbres,novela de costumbres,novela de costumbres,novela de costumbres,novela de costumbres,novela de costumbres
5923,subgenre-theme,novela sentimental,novela de costumbres,2000,word,tfidf,3,nh0214,novela de costumbres,novela de costumbres,novela de costumbres,novela de costumbres,novela de costumbres,novela de costumbres,novela de costumbres,novela de costumbres,novela de costumbres,novela de costumbres,novela de costumbres
5924,subgenre-theme,novela sentimental,novela de costumbres,2000,word,tfidf,3,nh0216,novela sentimental,novela sentimental,novela sentimental,novela sentimental,novela sentimental,novela sentimental,novela sentimental,novela sentimental,novela sentimental,novela sentimental,novela sentimental
5925,subgenre-theme,novela sentimental,novela de costumbres,2000,word,tfidf,3,nh0217,novela de costumbres,novela de costumbres,novela de costumbres,novela de costumbres,novela de costumbres,novela de costumbres,novela de costumbres,novela de costumbres,novela de costumbres,novela de costumbres,novela de costumbres
5926,subgenre-theme,novela sentimental,novela de costumbres,2000,word,tfidf,3,nh0218,novela sentimental,novela sentimental,novela sentimental,novela sentimental,novela sentimental,novela sentimental,novela sentimental,novela sentimental,novela sentimental,novela sentimental,novela sentimental
5927,subgenre-theme,novela sentimental,novela de costumbres,2000,word,tfidf,3,nh0219,novela sentimental,novela sentimental,novela sentimental,novela sentimental,novela sentimental,novela sentimental,novela sentimental,novela sentimental,novela sentimental,novela de costumbres,novela sentimental
5928,subgenre-theme,novela sentimental,novela de costumbres,2000,word,tfidf,3,nh0220,novela de costumbres,novela de costumbres,novela de costumbres,novela de costumbres,novela de costumbres,novela de costumbres,novela de costumbres,novela de costumbres,novela de costumbres,novela de costumbres,novela sentimental
5929,subgenre-theme,novela sentimental,novela de costumbres,2000,word,tfidf,3,nh0228,novela sentimental,novela sentimental,novela sentimental,novela sentimental,novela sentimental,novela sentimental,novela sentimental,novela sentimental,novela sentimental,novela de costumbres,novela sentimental
5930,subgenre-theme,novela sentimental,novela de costumbres,2000,word,tfidf,3,nh0230,novela sentimental,novela sentimental,novela sentimental,novela sentimental,novela sentimental,novela sentimental,novela sentimental,novela sentimental,novela sentimental,novela de costumbres,novela sentimental
5931,subgenre-theme,novela sentimental,novela de costumbres,2000,word,tfidf,3,nh0233,novela sentimental,novela sentimental,novela sentimental,novela sentimental,novela sentimental,novela sentimental,novela sentimental,novela sentimental,novela sentimental,novela de costumbres,novela sentimental
5932,subgenre-theme,novela sentimental,novela de costumbres,2000,word,tfidf,3,nh0237,novela sentimental,novela sentimental,novela sentimental,novela sentimental,novela sentimental,novela sentimental,novela sentimental,novela sentimental,novela sentimental,novela sentimental,novela sentimental
5933,subgenre-theme,novela sentimental,novela de costumbres,2000,word,tfidf,3,nh0238,novela de costumbres,novela de costumbres,novela de costumbres,novela de costumbres,novela de costumbres,novela de costumbres,novela de costumbres,novela de costumbres,novela de costumbres,novela de costumbres,novela sentimental
5934,subgenre-theme,novela sentimental,novela de costumbres,2000,word,tfidf,3,nh0241,novela sentimental,novela sentimental,novela sentimental,novela sentimental,novela sentimental,novela sentimental,novela sentimental,novela sentimental,novela sentimental,novela sentimental,novela sentimental
5935,subgenre-theme,novela sentimental,novela de costumbres,2000,word,tfidf,3,nh0242,novela de costumbres,novela de costumbres,novela de costumbres,novela de costumbres,novela de costumbres,novela de costumbres,novela de costumbres,novela de costumbres,novela de costumbres,novela de costumbres,novela sentimental
5936,subgenre-theme,novela sentimental,novela de costumbres,2000,word,tfidf,3,nh0245,novela sentimental,novela sentimental,novela sentimental,novela sentimental,novela sentimental,novela sentimental,novela sentimental,novela sentimental,novela sentimental,novela sentimental,novela sentimental
5937,subgenre-theme,novela sentimental,novela de costumbres,2000,word,tfidf,3,nh0246,novela de costumbres,novela de costumbres,novela de costumbres,novela de costumbres,novela de costumbres,novela de costumbres,novela de costumbres,novela de costumbres,novela de costumbres,novela de costumbres,novela sentimental
5938,subgenre-theme,novela sentimental,novela de costumbres,2000,word,tfidf,3,nh0252,novela sentimental,novela sentimental,novela sentimental,novela sentimental,novela sentimental,novela sentimental,novela sentimental,novela sentimental,novela sentimental,novela sentimental,novela sentimental
5939,subgenre-theme,novela sentimental,novela de costumbres,2000,word,tfidf,3,nh0254,novela sentimental,novela sentimental,novela sentimental,novela sentimental,novela sentimental,novela sentimental,novela sentimental,novela sentimental,novela sentimental,novela sentimental,novela sentimental
5940,subgenre-theme,novela sentimental,novela de costumbres,2000,word,tfidf,4,nh0001,novela de costumbres,novela de costumbres,novela de costumbres,novela de costumbres,novela de costumbres,novela de costumbres,novela de costumbres,novela de costumbres,novela de costumbres,novela de costumbres,novela de costumbres
5941,subgenre-theme,novela sentimental,novela de costumbres,2000,word,tfidf,4,nh0003,novela sentimental,novela sentimental,novela sentimental,novela sentimental,novela sentimental,novela sentimental,novela sentimental,novela sentimental,novela sentimental,novela sentimental,novela sentimental
5942,subgenre-theme,novela sentimental,novela de costumbres,2000,word,tfidf,4,nh0005,novela de costumbres,novela de costumbres,novela de costumbres,novela de costumbres,novela de costumbres,novela de costumbres,novela de costumbres,novela de costumbres,novela de costumbres,novela de costumbres,novela de costumbres
5943,subgenre-theme,novela sentimental,novela de costumbres,2000,word,tfidf,4,nh0008,novela de costumbres,novela de costumbres,novela de costumbres,novela de costumbres,novela de costumbres,novela de costumbres,novela de costumbres,novela de costumbres,novela de costumbres,novela de costumbres,novela de costumbres
5944,subgenre-theme,novela sentimental,novela de costumbres,2000,word,tfidf,4,nh0010,novela de costumbres,novela de costumbres,novela de costumbres,novela de costumbres,novela de costumbres,novela de costumbres,novela de costumbres,novela de costumbres,novela de costumbres,novela de costumbres,novela de costumbres
5945,subgenre-theme,novela sentimental,novela de costumbres,2000,word,tfidf,4,nh0013,novela sentimental,novela sentimental,novela sentimental,novela sentimental,novela sentimental,novela sentimental,novela sentimental,novela sentimental,novela sentimental,novela sentimental,novela sentimental
5946,subgenre-theme,novela sentimental,novela de costumbres,2000,word,tfidf,4,nh0014,novela sentimental,novela sentimental,novela sentimental,novela sentimental,novela sentimental,novela sentimental,novela sentimental,novela sentimental,novela sentimental,novela sentimental,novela sentimental
5947,subgenre-theme,novela sentimental,novela de costumbres,2000,word,tfidf,4,nh0018,novela sentimental,novela sentimental,novela sentimental,novela sentimental,novela sentimental,novela sentimental,novela sentimental,novela sentimental,novela sentimental,novela sentimental,novela sentimental
5948,subgenre-theme,novela sentimental,novela de costumbres,2000,word,tfidf,4,nh0027,novela de costumbres,novela de costumbres,novela de costumbres,novela de costumbres,novela de costumbres,novela de costumbres,novela de costumbres,novela de costumbres,novela de costumbres,novela de costumbres,novela de costumbres
5949,subgenre-theme,novela sentimental,novela de costumbres,2000,word,tfidf,4,nh0034,novela sentimental,novela de costumbres,novela sentimental,novela sentimental,novela sentimental,novela sentimental,novela sentimental,novela sentimental,novela sentimental,novela sentimental,novela sentimental
5950,subgenre-theme,novela sentimental,novela de costumbres,2000,word,tfidf,4,nh0036,novela de costumbres,novela de costumbres,novela sentimental,novela de costumbres,novela de costumbres,novela de costumbres,novela de costumbres,novela de costumbres,novela de costumbres,novela de costumbres,novela de costumbres
5951,subgenre-theme,novela sentimental,novela de costumbres,2000,word,tfidf,4,nh0039,novela de costumbres,novela de costumbres,novela de costumbres,novela de costumbres,novela de costumbres,novela de costumbres,novela de costumbres,novela de costumbres,novela de costumbres,novela de costumbres,novela de costumbres
5952,subgenre-theme,novela sentimental,novela de costumbres,2000,word,tfidf,4,nh0042,novela de costumbres,novela de costumbres,novela de costumbres,novela de costumbres,novela de costumbres,novela de costumbres,novela de costumbres,novela de costumbres,novela de costumbres,novela de costumbres,novela de costumbres
5953,subgenre-theme,novela sentimental,novela de costumbres,2000,word,tfidf,4,nh0045,novela sentimental,novela sentimental,novela de costumbres,novela sentimental,novela sentimental,novela sentimental,novela sentimental,novela sentimental,novela sentimental,novela sentimental,novela sentimental
5954,subgenre-theme,novela sentimental,novela de costumbres,2000,word,tfidf,4,nh0048,novela de costumbres,novela de costumbres,novela sentimental,novela de costumbres,novela de costumbres,novela de costumbres,novela de costumbres,novela de costumbres,novela de costumbres,novela de costumbres,novela de costumbres
5955,subgenre-theme,novela sentimental,novela de costumbres,2000,word,tfidf,4,nh0050,novela de costumbres,novela de costumbres,novela de costumbres,novela de costumbres,novela de costumbres,novela de costumbres,novela de costumbres,novela de costumbres,novela de costumbres,novela de costumbres,novela de costumbres
5956,subgenre-theme,novela sentimental,novela de costumbres,2000,word,tfidf,4,nh0051,novela de costumbres,novela de costumbres,novela de costumbres,novela de costumbres,novela de costumbres,novela de costumbres,novela de costumbres,novela de costumbres,novela de costumbres,novela de costumbres,novela de costumbres
5957,subgenre-theme,novela sentimental,novela de costumbres,2000,word,tfidf,4,nh0057,novela de costumbres,novela de costumbres,novela de costumbres,novela de costumbres,novela de costumbres,novela de costumbres,novela de costumbres,novela de costumbres,novela de costumbres,novela de costumbres,novela de costumbres
5958,subgenre-theme,novela sentimental,novela de costumbres,2000,word,tfidf,4,nh0061,novela de costumbres,novela de costumbres,novela de costumbres,novela de costumbres,novela de costumbres,novela de costumbres,novela de costumbres,novela de costumbres,novela de costumbres,novela de costumbres,novela de costumbres
5959,subgenre-theme,novela sentimental,novela de costumbres,2000,word,tfidf,4,nh0062,novela de costumbres,novela de costumbres,novela de costumbres,novela sentimental,novela de costumbres,novela de costumbres,novela de costumbres,novela de costumbres,novela de costumbres,novela de costumbres,novela de costumbres
5960,subgenre-theme,novela sentimental,novela de costumbres,2000,word,tfidf,4,nh0063,novela de costumbres,novela de costumbres,novela de costumbres,novela de costumbres,novela de costumbres,novela de costumbres,novela de costumbres,novela de costumbres,novela de costumbres,novela de costumbres,novela de costumbres
5961,subgenre-theme,novela sentimental,novela de costumbres,2000,word,tfidf,4,nh0065,novela de costumbres,novela de costumbres,novela de costumbres,novela de costumbres,novela sentimental,novela de costumbres,novela de costumbres,novela de costumbres,novela de costumbres,novela de costumbres,novela de costumbres
5962,subgenre-theme,novela sentimental,novela de costumbres,2000,word,tfidf,4,nh0066,novela de costumbres,novela de costumbres,novela de costumbres,novela de costumbres,novela sentimental,novela de costumbres,novela de costumbres,novela de costumbres,novela de costumbres,novela de costumbres,novela de costumbres
5963,subgenre-theme,novela sentimental,novela de costumbres,2000,word,tfidf,4,nh0068,novela sentimental,novela sentimental,novela sentimental,novela sentimental,novela sentimental,novela sentimental,novela sentimental,novela sentimental,novela sentimental,novela sentimental,novela sentimental
5964,subgenre-theme,novela sentimental,novela de costumbres,2000,word,tfidf,4,nh0070,novela de costumbres,novela de costumbres,novela de costumbres,novela de costumbres,novela de costumbres,novela de costumbres,novela de costumbres,novela de costumbres,novela de costumbres,novela de costumbres,novela de costumbres
5965,subgenre-theme,novela sentimental,novela de costumbres,2000,word,tfidf,4,nh0071,novela de costumbres,novela de costumbres,novela de costumbres,novela de costumbres,novela sentimental,novela de costumbres,novela de costumbres,novela de costumbres,novela de costumbres,novela de costumbres,novela de costumbres
5966,subgenre-theme,novela sentimental,novela de costumbres,2000,word,tfidf,4,nh0072,novela sentimental,novela sentimental,novela de costumbres,novela sentimental,novela sentimental,novela sentimental,novela sentimental,novela sentimental,novela sentimental,novela sentimental,novela sentimental
5967,subgenre-theme,novela sentimental,novela de costumbres,2000,word,tfidf,4,nh0073,novela de costumbres,novela de costumbres,novela de costumbres,novela de costumbres,novela de costumbres,novela de costumbres,novela de costumbres,novela de costumbres,novela de costumbres,novela de costumbres,novela de costumbres
5968,subgenre-theme,novela sentimental,novela de costumbres,2000,word,tfidf,4,nh0076,novela sentimental,novela sentimental,novela de costumbres,novela sentimental,novela sentimental,novela sentimental,novela sentimental,novela sentimental,novela sentimental,novela sentimental,novela sentimental
5969,subgenre-theme,novela sentimental,novela de costumbres,2000,word,tfidf,4,nh0077,novela de costumbres,novela de costumbres,novela de costumbres,novela de costumbres,novela de costumbres,novela de costumbres,novela de costumbres,novela de costumbres,novela de costumbres,novela de costumbres,novela de costumbres
5970,subgenre-theme,novela sentimental,novela de costumbres,2000,word,tfidf,4,nh0078,novela de costumbres,novela de costumbres,novela de costumbres,novela de costumbres,novela de costumbres,novela de costumbres,novela de costumbres,novela de costumbres,novela de costumbres,novela de costumbres,novela de costumbres
5971,subgenre-theme,novela sentimental,novela de costumbres,2000,word,tfidf,4,nh0079,novela de costumbres,novela de costumbres,novela de costumbres,novela de costumbres,novela de costumbres,novela de costumbres,novela de costumbres,novela de costumbres,novela de costumbres,novela de costumbres,novela de costumbres
5972,subgenre-theme,novela sentimental,novela de costumbres,2000,word,tfidf,4,nh0082,novela sentimental,novela sentimental,novela sentimental,novela sentimental,novela sentimental,novela sentimental,novela sentimental,novela sentimental,novela sentimental,novela sentimental,novela sentimental
5973,subgenre-theme,novela sentimental,novela de costumbres,2000,word,tfidf,4,nh0087,novela sentimental,novela sentimental,novela sentimental,novela sentimental,novela sentimental,novela sentimental,novela sentimental,novela sentimental,novela sentimental,novela sentimental,novela sentimental
5974,subgenre-theme,novela sentimental,novela de costumbres,2000,word,tfidf,4,nh0089,novela sentimental,novela sentimental,novela sentimental,novela sentimental,novela sentimental,novela sentimental,novela sentimental,novela sentimental,novela sentimental,novela sentimental,novela sentimental
5975,subgenre-theme,novela sentimental,novela de costumbres,2000,word,tfidf,4,nh0090,novela de costumbres,novela de costumbres,novela de costumbres,novela de costumbres,novela de costumbres,novela de costumbres,novela de costumbres,novela de costumbres,novela de costumbres,novela de costumbres,novela de costumbres
5976,subgenre-theme,novela sentimental,novela de costumbres,2000,word,tfidf,4,nh0092,novela sentimental,novela sentimental,novela sentimental,novela sentimental,novela sentimental,novela sentimental,novela sentimental,novela sentimental,novela sentimental,novela sentimental,novela sentimental
5977,subgenre-theme,novela sentimental,novela de costumbres,2000,word,tfidf,4,nh0093,novela de costumbres,novela de costumbres,novela de costumbres,novela de costumbres,novela de costumbres,novela de costumbres,novela de costumbres,novela de costumbres,novela de costumbres,novela de costumbres,novela de costumbres
5978,subgenre-theme,novela sentimental,novela de costumbres,2000,word,tfidf,4,nh0096,novela sentimental,novela sentimental,novela sentimental,novela sentimental,novela sentimental,novela sentimental,novela sentimental,novela sentimental,novela sentimental,novela sentimental,novela sentimental
5979,subgenre-theme,novela sentimental,novela de costumbres,2000,word,tfidf,4,nh0098,novela sentimental,novela sentimental,novela sentimental,novela sentimental,novela sentimental,novela sentimental,novela sentimental,novela sentimental,novela sentimental,novela sentimental,novela sentimental
5980,subgenre-theme,novela sentimental,novela de costumbres,2000,word,tfidf,4,nh0099,novela sentimental,novela sentimental,novela sentimental,novela sentimental,novela de costumbres,novela sentimental,novela sentimental,novela sentimental,novela sentimental,novela sentimental,novela sentimental
5981,subgenre-theme,novela sentimental,novela de costumbres,2000,word,tfidf,4,nh0101,novela de costumbres,novela de costumbres,novela de costumbres,novela de costumbres,novela de costumbres,novela de costumbres,novela de costumbres,novela de costumbres,novela de costumbres,novela de costumbres,novela de costumbres
5982,subgenre-theme,novela sentimental,novela de costumbres,2000,word,tfidf,4,nh0102,novela sentimental,novela sentimental,novela sentimental,novela sentimental,novela de costumbres,novela sentimental,novela sentimental,novela sentimental,novela sentimental,novela sentimental,novela sentimental
5983,subgenre-theme,novela sentimental,novela de costumbres,2000,word,tfidf,4,nh0104,novela sentimental,novela sentimental,novela sentimental,novela sentimental,novela sentimental,novela sentimental,novela sentimental,novela sentimental,novela sentimental,novela sentimental,novela sentimental
5984,subgenre-theme,novela sentimental,novela de costumbres,2000,word,tfidf,4,nh0105,novela de costumbres,novela de costumbres,novela de costumbres,novela de costumbres,novela de costumbres,novela de costumbres,novela de costumbres,novela de costumbres,novela de costumbres,novela de costumbres,novela de costumbres
5985,subgenre-theme,novela sentimental,novela de costumbres,2000,word,tfidf,4,nh0118,novela de costumbres,novela de costumbres,novela de costumbres,novela de costumbres,novela de costumbres,novela de costumbres,novela de costumbres,novela de costumbres,novela de costumbres,novela de costumbres,novela de costumbres
5986,subgenre-theme,novela sentimental,novela de costumbres,2000,word,tfidf,4,nh0119,novela sentimental,novela sentimental,novela sentimental,novela sentimental,novela sentimental,novela sentimental,novela sentimental,novela sentimental,novela sentimental,novela sentimental,novela sentimental
5987,subgenre-theme,novela sentimental,novela de costumbres,2000,word,tfidf,4,nh0120,novela de costumbres,novela de costumbres,novela de costumbres,novela de costumbres,novela de costumbres,novela de costumbres,novela de costumbres,novela de costumbres,novela de costumbres,novela de costumbres,novela de costumbres
5988,subgenre-theme,novela sentimental,novela de costumbres,2000,word,tfidf,4,nh0123,novela sentimental,novela sentimental,novela sentimental,novela sentimental,novela de costumbres,novela sentimental,novela sentimental,novela sentimental,novela sentimental,novela sentimental,novela sentimental
5989,subgenre-theme,novela sentimental,novela de costumbres,2000,word,tfidf,4,nh0129,novela de costumbres,novela de costumbres,novela de costumbres,novela de costumbres,novela de costumbres,novela de costumbres,novela de costumbres,novela de costumbres,novela de costumbres,novela de costumbres,novela de costumbres
5990,subgenre-theme,novela sentimental,novela de costumbres,2000,word,tfidf,4,nh0130,novela sentimental,novela sentimental,novela sentimental,novela sentimental,novela sentimental,novela de costumbres,novela sentimental,novela sentimental,novela sentimental,novela sentimental,novela sentimental
5991,subgenre-theme,novela sentimental,novela de costumbres,2000,word,tfidf,4,nh0131,novela de costumbres,novela de costumbres,novela de costumbres,novela de costumbres,novela de costumbres,novela de costumbres,novela de costumbres,novela de costumbres,novela de costumbres,novela de costumbres,novela de costumbres
5992,subgenre-theme,novela sentimental,novela de costumbres,2000,word,tfidf,4,nh0132,novela sentimental,novela sentimental,novela sentimental,novela sentimental,novela sentimental,novela de costumbres,novela sentimental,novela sentimental,novela sentimental,novela sentimental,novela sentimental
5993,subgenre-theme,novela sentimental,novela de costumbres,2000,word,tfidf,4,nh0133,novela de costumbres,novela de costumbres,novela de costumbres,novela de costumbres,novela de costumbres,novela de costumbres,novela de costumbres,novela de costumbres,novela de costumbres,novela de costumbres,novela de costumbres
5994,subgenre-theme,novela sentimental,novela de costumbres,2000,word,tfidf,4,nh0135,novela de costumbres,novela de costumbres,novela de costumbres,novela de costumbres,novela de costumbres,novela de costumbres,novela de costumbres,novela sentimental,novela de costumbres,novela de costumbres,novela de costumbres
5995,subgenre-theme,novela sentimental,novela de costumbres,2000,word,tfidf,4,nh0136,novela sentimental,novela sentimental,novela sentimental,novela sentimental,novela sentimental,novela sentimental,novela sentimental,novela sentimental,novela sentimental,novela sentimental,novela sentimental
5996,subgenre-theme,novela sentimental,novela de costumbres,2000,word,tfidf,4,nh0137,novela de costumbres,novela de costumbres,novela de costumbres,novela de costumbres,novela de costumbres,novela de costumbres,novela de costumbres,novela de costumbres,novela de costumbres,novela de costumbres,novela de costumbres
5997,subgenre-theme,novela sentimental,novela de costumbres,2000,word,tfidf,4,nh0138,novela de costumbres,novela de costumbres,novela de costumbres,novela de costumbres,novela de costumbres,novela de costumbres,novela de costumbres,novela de costumbres,novela de costumbres,novela de costumbres,novela de costumbres
5998,subgenre-theme,novela sentimental,novela de costumbres,2000,word,tfidf,4,nh0140,novela sentimental,novela sentimental,novela sentimental,novela sentimental,novela sentimental,novela sentimental,novela sentimental,novela sentimental,novela sentimental,novela sentimental,novela sentimental
5999,subgenre-theme,novela sentimental,novela de costumbres,2000,word,tfidf,4,nh0141,novela de costumbres,novela de costumbres,novela de costumbres,novela de costumbres,novela de costumbres,novela de costumbres,novela de costumbres,novela de costumbres,novela de costumbres,novela de costumbres,novela de costumbres
6000,subgenre-theme,novela sentimental,novela de costumbres,2000,word,tfidf,4,nh0144,novela de costumbres,novela de costumbres,novela de costumbres,novela de costumbres,novela de costumbres,novela de costumbres,novela de costumbres,novela de costumbres,novela de costumbres,novela de costumbres,novela de costumbres
6001,subgenre-theme,novela sentimental,novela de costumbres,2000,word,tfidf,4,nh0145,novela sentimental,novela sentimental,novela sentimental,novela sentimental,novela sentimental,novela de costumbres,novela sentimental,novela sentimental,novela sentimental,novela sentimental,novela sentimental
6002,subgenre-theme,novela sentimental,novela de costumbres,2000,word,tfidf,4,nh0146,novela sentimental,novela sentimental,novela sentimental,novela sentimental,novela sentimental,novela sentimental,novela sentimental,novela sentimental,novela sentimental,novela sentimental,novela sentimental
6003,subgenre-theme,novela sentimental,novela de costumbres,2000,word,tfidf,4,nh0147,novela de costumbres,novela de costumbres,novela de costumbres,novela de costumbres,novela de costumbres,novela de costumbres,novela de costumbres,novela de costumbres,novela de costumbres,novela de costumbres,novela de costumbres
6004,subgenre-theme,novela sentimental,novela de costumbres,2000,word,tfidf,4,nh0151,novela sentimental,novela sentimental,novela sentimental,novela sentimental,novela sentimental,novela sentimental,novela sentimental,novela sentimental,novela sentimental,novela sentimental,novela sentimental
6005,subgenre-theme,novela sentimental,novela de costumbres,2000,word,tfidf,4,nh0154,novela sentimental,novela sentimental,novela sentimental,novela sentimental,novela sentimental,novela sentimental,novela sentimental,novela sentimental,novela sentimental,novela sentimental,novela sentimental
6006,subgenre-theme,novela sentimental,novela de costumbres,2000,word,tfidf,4,nh0156,novela sentimental,novela sentimental,novela sentimental,novela sentimental,novela sentimental,novela sentimental,novela sentimental,novela sentimental,novela sentimental,novela sentimental,novela sentimental
6007,subgenre-theme,novela sentimental,novela de costumbres,2000,word,tfidf,4,nh0162,novela sentimental,novela sentimental,novela sentimental,novela sentimental,novela sentimental,novela sentimental,novela de costumbres,novela sentimental,novela sentimental,novela sentimental,novela sentimental
6008,subgenre-theme,novela sentimental,novela de costumbres,2000,word,tfidf,4,nh0164,novela de costumbres,novela de costumbres,novela de costumbres,novela de costumbres,novela de costumbres,novela de costumbres,novela de costumbres,novela de costumbres,novela sentimental,novela de costumbres,novela de costumbres
6009,subgenre-theme,novela sentimental,novela de costumbres,2000,word,tfidf,4,nh0171,novela sentimental,novela sentimental,novela sentimental,novela sentimental,novela sentimental,novela sentimental,novela sentimental,novela sentimental,novela sentimental,novela sentimental,novela sentimental
6010,subgenre-theme,novela sentimental,novela de costumbres,2000,word,tfidf,4,nh0172,novela de costumbres,novela de costumbres,novela de costumbres,novela de costumbres,novela de costumbres,novela de costumbres,novela de costumbres,novela de costumbres,novela sentimental,novela de costumbres,novela de costumbres
6011,subgenre-theme,novela sentimental,novela de costumbres,2000,word,tfidf,4,nh0179,novela de costumbres,novela de costumbres,novela de costumbres,novela de costumbres,novela de costumbres,novela de costumbres,novela de costumbres,novela de costumbres,novela de costumbres,novela de costumbres,novela de costumbres
6012,subgenre-theme,novela sentimental,novela de costumbres,2000,word,tfidf,4,nh0183,novela sentimental,novela sentimental,novela sentimental,novela sentimental,novela sentimental,novela sentimental,novela sentimental,novela sentimental,novela sentimental,novela sentimental,novela sentimental
6013,subgenre-theme,novela sentimental,novela de costumbres,2000,word,tfidf,4,nh0187,novela sentimental,novela sentimental,novela sentimental,novela sentimental,novela sentimental,novela sentimental,novela sentimental,novela sentimental,novela sentimental,novela sentimental,novela sentimental
6014,subgenre-theme,novela sentimental,novela de costumbres,2000,word,tfidf,4,nh0188,novela sentimental,novela sentimental,novela sentimental,novela sentimental,novela sentimental,novela sentimental,novela sentimental,novela de costumbres,novela sentimental,novela sentimental,novela sentimental
6015,subgenre-theme,novela sentimental,novela de costumbres,2000,word,tfidf,4,nh0195,novela sentimental,novela sentimental,novela sentimental,novela sentimental,novela sentimental,novela sentimental,novela sentimental,novela sentimental,novela sentimental,novela sentimental,novela sentimental
6016,subgenre-theme,novela sentimental,novela de costumbres,2000,word,tfidf,4,nh0197,novela de costumbres,novela de costumbres,novela de costumbres,novela de costumbres,novela de costumbres,novela de costumbres,novela de costumbres,novela de costumbres,novela de costumbres,novela de costumbres,novela de costumbres
6017,subgenre-theme,novela sentimental,novela de costumbres,2000,word,tfidf,4,nh0199,novela de costumbres,novela de costumbres,novela de costumbres,novela de costumbres,novela de costumbres,novela de costumbres,novela de costumbres,novela de costumbres,novela de costumbres,novela de costumbres,novela de costumbres
6018,subgenre-theme,novela sentimental,novela de costumbres,2000,word,tfidf,4,nh0202,novela sentimental,novela sentimental,novela sentimental,novela sentimental,novela sentimental,novela sentimental,novela sentimental,novela sentimental,novela de costumbres,novela sentimental,novela sentimental
6019,subgenre-theme,novela sentimental,novela de costumbres,2000,word,tfidf,4,nh0209,novela sentimental,novela sentimental,novela sentimental,novela sentimental,novela sentimental,novela sentimental,novela sentimental,novela sentimental,novela sentimental,novela sentimental,novela sentimental
6020,subgenre-theme,novela sentimental,novela de costumbres,2000,word,tfidf,4,nh0212,novela sentimental,novela sentimental,novela sentimental,novela sentimental,novela sentimental,novela sentimental,novela sentimental,novela sentimental,novela sentimental,novela sentimental,novela sentimental
6021,subgenre-theme,novela sentimental,novela de costumbres,2000,word,tfidf,4,nh0213,novela de costumbres,novela de costumbres,novela de costumbres,novela de costumbres,novela de costumbres,novela de costumbres,novela de costumbres,novela de costumbres,novela de costumbres,novela de costumbres,novela de costumbres
6022,subgenre-theme,novela sentimental,novela de costumbres,2000,word,tfidf,4,nh0214,novela de costumbres,novela de costumbres,novela de costumbres,novela de costumbres,novela de costumbres,novela de costumbres,novela de costumbres,novela de costumbres,novela de costumbres,novela de costumbres,novela de costumbres
6023,subgenre-theme,novela sentimental,novela de costumbres,2000,word,tfidf,4,nh0216,novela sentimental,novela sentimental,novela sentimental,novela sentimental,novela sentimental,novela sentimental,novela sentimental,novela sentimental,novela sentimental,novela sentimental,novela sentimental
6024,subgenre-theme,novela sentimental,novela de costumbres,2000,word,tfidf,4,nh0217,novela de costumbres,novela de costumbres,novela de costumbres,novela de costumbres,novela de costumbres,novela de costumbres,novela de costumbres,novela de costumbres,novela de costumbres,novela de costumbres,novela de costumbres
6025,subgenre-theme,novela sentimental,novela de costumbres,2000,word,tfidf,4,nh0218,novela sentimental,novela sentimental,novela sentimental,novela sentimental,novela sentimental,novela sentimental,novela sentimental,novela sentimental,novela sentimental,novela sentimental,novela sentimental
6026,subgenre-theme,novela sentimental,novela de costumbres,2000,word,tfidf,4,nh0219,novela sentimental,novela sentimental,novela sentimental,novela sentimental,novela sentimental,novela sentimental,novela sentimental,novela sentimental,novela sentimental,novela de costumbres,novela sentimental
6027,subgenre-theme,novela sentimental,novela de costumbres,2000,word,tfidf,4,nh0220,novela de costumbres,novela de costumbres,novela de costumbres,novela de costumbres,novela de costumbres,novela de costumbres,novela de costumbres,novela de costumbres,novela de costumbres,novela de costumbres,novela sentimental
6028,subgenre-theme,novela sentimental,novela de costumbres,2000,word,tfidf,4,nh0228,novela sentimental,novela sentimental,novela sentimental,novela sentimental,novela sentimental,novela sentimental,novela sentimental,novela sentimental,novela sentimental,novela de costumbres,novela sentimental
6029,subgenre-theme,novela sentimental,novela de costumbres,2000,word,tfidf,4,nh0230,novela sentimental,novela sentimental,novela sentimental,novela sentimental,novela sentimental,novela sentimental,novela sentimental,novela sentimental,novela sentimental,novela de costumbres,novela sentimental
6030,subgenre-theme,novela sentimental,novela de costumbres,2000,word,tfidf,4,nh0233,novela sentimental,novela sentimental,novela sentimental,novela sentimental,novela sentimental,novela sentimental,novela sentimental,novela sentimental,novela sentimental,novela de costumbres,novela sentimental
6031,subgenre-theme,novela sentimental,novela de costumbres,2000,word,tfidf,4,nh0237,novela sentimental,novela sentimental,novela sentimental,novela sentimental,novela sentimental,novela sentimental,novela sentimental,novela sentimental,novela sentimental,novela sentimental,novela sentimental
6032,subgenre-theme,novela sentimental,novela de costumbres,2000,word,tfidf,4,nh0238,novela de costumbres,novela de costumbres,novela de costumbres,novela de costumbres,novela de costumbres,novela de costumbres,novela de costumbres,novela de costumbres,novela de costumbres,novela de costumbres,novela de costumbres
6033,subgenre-theme,novela sentimental,novela de costumbres,2000,word,tfidf,4,nh0241,novela sentimental,novela sentimental,novela sentimental,novela sentimental,novela sentimental,novela sentimental,novela sentimental,novela sentimental,novela sentimental,novela sentimental,novela sentimental
6034,subgenre-theme,novela sentimental,novela de costumbres,2000,word,tfidf,4,nh0242,novela de costumbres,novela de costumbres,novela de costumbres,novela de costumbres,novela de costumbres,novela de costumbres,novela de costumbres,novela de costumbres,novela de costumbres,novela de costumbres,novela sentimental
6035,subgenre-theme,novela sentimental,novela de costumbres,2000,word,tfidf,4,nh0245,novela sentimental,novela sentimental,novela sentimental,novela sentimental,novela sentimental,novela sentimental,novela sentimental,novela sentimental,novela sentimental,novela sentimental,novela sentimental
6036,subgenre-theme,novela sentimental,novela de costumbres,2000,word,tfidf,4,nh0246,novela de costumbres,novela de costumbres,novela de costumbres,novela de costumbres,novela de costumbres,novela de costumbres,novela de costumbres,novela de costumbres,novela de costumbres,novela de costumbres,novela sentimental
6037,subgenre-theme,novela sentimental,novela de costumbres,2000,word,tfidf,4,nh0251,novela sentimental,novela sentimental,novela sentimental,novela sentimental,novela sentimental,novela sentimental,novela sentimental,novela sentimental,novela sentimental,novela sentimental,novela sentimental
6038,subgenre-theme,novela sentimental,novela de costumbres,2000,word,tfidf,4,nh0252,novela sentimental,novela sentimental,novela sentimental,novela sentimental,novela sentimental,novela sentimental,novela sentimental,novela sentimental,novela sentimental,novela sentimental,novela sentimental
6039,subgenre-theme,novela sentimental,novela de costumbres,2000,word,tfidf,4,nh0254,novela sentimental,novela sentimental,novela sentimental,novela sentimental,novela sentimental,novela sentimental,novela sentimental,novela sentimental,novela sentimental,novela sentimental,novela sentimental
6040,subgenre-theme,novela sentimental,novela de costumbres,2000,word,tfidf,5,nh0001,novela de costumbres,novela de costumbres,novela de costumbres,novela de costumbres,novela de costumbres,novela de costumbres,novela de costumbres,novela de costumbres,novela de costumbres,novela de costumbres,novela de costumbres
6041,subgenre-theme,novela sentimental,novela de costumbres,2000,word,tfidf,5,nh0003,novela sentimental,novela sentimental,novela sentimental,novela sentimental,novela sentimental,novela sentimental,novela sentimental,novela sentimental,novela sentimental,novela sentimental,novela sentimental
6042,subgenre-theme,novela sentimental,novela de costumbres,2000,word,tfidf,5,nh0005,novela de costumbres,novela de costumbres,novela de costumbres,novela de costumbres,novela de costumbres,novela de costumbres,novela de costumbres,novela de costumbres,novela de costumbres,novela de costumbres,novela de costumbres
6043,subgenre-theme,novela sentimental,novela de costumbres,2000,word,tfidf,5,nh0006,novela sentimental,novela sentimental,novela sentimental,novela sentimental,novela sentimental,novela sentimental,novela sentimental,novela sentimental,novela sentimental,novela sentimental,novela sentimental
6044,subgenre-theme,novela sentimental,novela de costumbres,2000,word,tfidf,5,nh0008,novela de costumbres,novela de costumbres,novela de costumbres,novela de costumbres,novela de costumbres,novela de costumbres,novela de costumbres,novela de costumbres,novela de costumbres,novela de costumbres,novela de costumbres
6045,subgenre-theme,novela sentimental,novela de costumbres,2000,word,tfidf,5,nh0010,novela de costumbres,novela de costumbres,novela de costumbres,novela de costumbres,novela de costumbres,novela de costumbres,novela de costumbres,novela de costumbres,novela de costumbres,novela de costumbres,novela de costumbres
6046,subgenre-theme,novela sentimental,novela de costumbres,2000,word,tfidf,5,nh0013,novela sentimental,novela sentimental,novela sentimental,novela sentimental,novela sentimental,novela sentimental,novela sentimental,novela sentimental,novela sentimental,novela sentimental,novela sentimental
6047,subgenre-theme,novela sentimental,novela de costumbres,2000,word,tfidf,5,nh0014,novela sentimental,novela sentimental,novela sentimental,novela sentimental,novela sentimental,novela sentimental,novela sentimental,novela sentimental,novela sentimental,novela sentimental,novela sentimental
6048,subgenre-theme,novela sentimental,novela de costumbres,2000,word,tfidf,5,nh0018,novela sentimental,novela sentimental,novela sentimental,novela sentimental,novela sentimental,novela sentimental,novela sentimental,novela sentimental,novela sentimental,novela sentimental,novela sentimental
6049,subgenre-theme,novela sentimental,novela de costumbres,2000,word,tfidf,5,nh0021,novela sentimental,novela sentimental,novela sentimental,novela sentimental,novela sentimental,novela sentimental,novela sentimental,novela sentimental,novela sentimental,novela sentimental,novela sentimental
6050,subgenre-theme,novela sentimental,novela de costumbres,2000,word,tfidf,5,nh0027,novela de costumbres,novela de costumbres,novela de costumbres,novela de costumbres,novela de costumbres,novela de costumbres,novela de costumbres,novela de costumbres,novela de costumbres,novela de costumbres,novela de costumbres
6051,subgenre-theme,novela sentimental,novela de costumbres,2000,word,tfidf,5,nh0034,novela sentimental,novela sentimental,novela de costumbres,novela sentimental,novela sentimental,novela sentimental,novela sentimental,novela sentimental,novela sentimental,novela sentimental,novela sentimental
6052,subgenre-theme,novela sentimental,novela de costumbres,2000,word,tfidf,5,nh0036,novela de costumbres,novela de costumbres,novela sentimental,novela de costumbres,novela de costumbres,novela de costumbres,novela de costumbres,novela de costumbres,novela de costumbres,novela de costumbres,novela de costumbres
6053,subgenre-theme,novela sentimental,novela de costumbres,2000,word,tfidf,5,nh0039,novela de costumbres,novela de costumbres,novela de costumbres,novela de costumbres,novela de costumbres,novela de costumbres,novela de costumbres,novela de costumbres,novela de costumbres,novela de costumbres,novela de costumbres
6054,subgenre-theme,novela sentimental,novela de costumbres,2000,word,tfidf,5,nh0042,novela de costumbres,novela de costumbres,novela de costumbres,novela de costumbres,novela de costumbres,novela de costumbres,novela de costumbres,novela de costumbres,novela de costumbres,novela de costumbres,novela de costumbres
6055,subgenre-theme,novela sentimental,novela de costumbres,2000,word,tfidf,5,nh0043,novela sentimental,novela sentimental,novela sentimental,novela sentimental,novela sentimental,novela sentimental,novela sentimental,novela sentimental,novela sentimental,novela sentimental,novela sentimental
6056,subgenre-theme,novela sentimental,novela de costumbres,2000,word,tfidf,5,nh0045,novela sentimental,novela sentimental,novela de costumbres,novela sentimental,novela sentimental,novela sentimental,novela sentimental,novela sentimental,novela sentimental,novela sentimental,novela sentimental
6057,subgenre-theme,novela sentimental,novela de costumbres,2000,word,tfidf,5,nh0048,novela de costumbres,novela de costumbres,novela de costumbres,novela de costumbres,novela de costumbres,novela de costumbres,novela de costumbres,novela de costumbres,novela de costumbres,novela de costumbres,novela de costumbres
6058,subgenre-theme,novela sentimental,novela de costumbres,2000,word,tfidf,5,nh0050,novela de costumbres,novela de costumbres,novela de costumbres,novela de costumbres,novela de costumbres,novela de costumbres,novela de costumbres,novela de costumbres,novela de costumbres,novela de costumbres,novela de costumbres
6059,subgenre-theme,novela sentimental,novela de costumbres,2000,word,tfidf,5,nh0051,novela de costumbres,novela de costumbres,novela de costumbres,novela de costumbres,novela de costumbres,novela de costumbres,novela de costumbres,novela de costumbres,novela de costumbres,novela de costumbres,novela de costumbres
6060,subgenre-theme,novela sentimental,novela de costumbres,2000,word,tfidf,5,nh0057,novela de costumbres,novela de costumbres,novela de costumbres,novela de costumbres,novela de costumbres,novela de costumbres,novela de costumbres,novela de costumbres,novela de costumbres,novela de costumbres,novela de costumbres
6061,subgenre-theme,novela sentimental,novela de costumbres,2000,word,tfidf,5,nh0061,novela de costumbres,novela de costumbres,novela de costumbres,novela de costumbres,novela de costumbres,novela de costumbres,novela de costumbres,novela de costumbres,novela de costumbres,novela de costumbres,novela de costumbres
6062,subgenre-theme,novela sentimental,novela de costumbres,2000,word,tfidf,5,nh0062,novela de costumbres,novela de costumbres,novela de costumbres,novela sentimental,novela de costumbres,novela de costumbres,novela de costumbres,novela de costumbres,novela de costumbres,novela de costumbres,novela de costumbres
6063,subgenre-theme,novela sentimental,novela de costumbres,2000,word,tfidf,5,nh0063,novela de costumbres,novela de costumbres,novela de costumbres,novela de costumbres,novela de costumbres,novela de costumbres,novela de costumbres,novela de costumbres,novela de costumbres,novela de costumbres,novela de costumbres
6064,subgenre-theme,novela sentimental,novela de costumbres,2000,word,tfidf,5,nh0065,novela de costumbres,novela de costumbres,novela de costumbres,novela de costumbres,novela sentimental,novela de costumbres,novela de costumbres,novela de costumbres,novela de costumbres,novela de costumbres,novela de costumbres
6065,subgenre-theme,novela sentimental,novela de costumbres,2000,word,tfidf,5,nh0066,novela de costumbres,novela de costumbres,novela de costumbres,novela de costumbres,novela sentimental,novela de costumbres,novela de costumbres,novela de costumbres,novela de costumbres,novela de costumbres,novela de costumbres
6066,subgenre-theme,novela sentimental,novela de costumbres,2000,word,tfidf,5,nh0068,novela sentimental,novela sentimental,novela sentimental,novela sentimental,novela sentimental,novela sentimental,novela sentimental,novela sentimental,novela sentimental,novela sentimental,novela sentimental
6067,subgenre-theme,novela sentimental,novela de costumbres,2000,word,tfidf,5,nh0070,novela de costumbres,novela de costumbres,novela de costumbres,novela de costumbres,novela de costumbres,novela de costumbres,novela de costumbres,novela de costumbres,novela de costumbres,novela de costumbres,novela de costumbres
6068,subgenre-theme,novela sentimental,novela de costumbres,2000,word,tfidf,5,nh0071,novela de costumbres,novela de costumbres,novela de costumbres,novela de costumbres,novela de costumbres,novela de costumbres,novela de costumbres,novela de costumbres,novela de costumbres,novela de costumbres,novela de costumbres
6069,subgenre-theme,novela sentimental,novela de costumbres,2000,word,tfidf,5,nh0072,novela sentimental,novela sentimental,novela sentimental,novela de costumbres,novela sentimental,novela sentimental,novela sentimental,novela sentimental,novela sentimental,novela sentimental,novela sentimental
6070,subgenre-theme,novela sentimental,novela de costumbres,2000,word,tfidf,5,nh0073,novela de costumbres,novela de costumbres,novela de costumbres,novela de costumbres,novela sentimental,novela de costumbres,novela de costumbres,novela de costumbres,novela de costumbres,novela de costumbres,novela de costumbres
6071,subgenre-theme,novela sentimental,novela de costumbres,2000,word,tfidf,5,nh0076,novela sentimental,novela sentimental,novela sentimental,novela de costumbres,novela sentimental,novela sentimental,novela sentimental,novela sentimental,novela sentimental,novela sentimental,novela sentimental
6072,subgenre-theme,novela sentimental,novela de costumbres,2000,word,tfidf,5,nh0077,novela de costumbres,novela de costumbres,novela de costumbres,novela de costumbres,novela de costumbres,novela de costumbres,novela de costumbres,novela de costumbres,novela de costumbres,novela de costumbres,novela de costumbres
6073,subgenre-theme,novela sentimental,novela de costumbres,2000,word,tfidf,5,nh0078,novela de costumbres,novela de costumbres,novela de costumbres,novela de costumbres,novela de costumbres,novela de costumbres,novela de costumbres,novela de costumbres,novela de costumbres,novela de costumbres,novela de costumbres
6074,subgenre-theme,novela sentimental,novela de costumbres,2000,word,tfidf,5,nh0079,novela de costumbres,novela de costumbres,novela de costumbres,novela de costumbres,novela de costumbres,novela de costumbres,novela de costumbres,novela de costumbres,novela de costumbres,novela de costumbres,novela de costumbres
6075,subgenre-theme,novela sentimental,novela de costumbres,2000,word,tfidf,5,nh0082,novela sentimental,novela sentimental,novela sentimental,novela sentimental,novela sentimental,novela sentimental,novela sentimental,novela sentimental,novela sentimental,novela sentimental,novela sentimental
6076,subgenre-theme,novela sentimental,novela de costumbres,2000,word,tfidf,5,nh0087,novela sentimental,novela sentimental,novela sentimental,novela sentimental,novela sentimental,novela sentimental,novela sentimental,novela sentimental,novela sentimental,novela sentimental,novela sentimental
6077,subgenre-theme,novela sentimental,novela de costumbres,2000,word,tfidf,5,nh0089,novela sentimental,novela sentimental,novela sentimental,novela sentimental,novela sentimental,novela sentimental,novela sentimental,novela sentimental,novela sentimental,novela sentimental,novela sentimental
6078,subgenre-theme,novela sentimental,novela de costumbres,2000,word,tfidf,5,nh0090,novela de costumbres,novela de costumbres,novela de costumbres,novela de costumbres,novela de costumbres,novela de costumbres,novela de costumbres,novela de costumbres,novela de costumbres,novela de costumbres,novela de costumbres
6079,subgenre-theme,novela sentimental,novela de costumbres,2000,word,tfidf,5,nh0092,novela sentimental,novela sentimental,novela sentimental,novela sentimental,novela sentimental,novela sentimental,novela sentimental,novela sentimental,novela sentimental,novela sentimental,novela sentimental
6080,subgenre-theme,novela sentimental,novela de costumbres,2000,word,tfidf,5,nh0093,novela de costumbres,novela de costumbres,novela de costumbres,novela de costumbres,novela de costumbres,novela de costumbres,novela de costumbres,novela de costumbres,novela de costumbres,novela de costumbres,novela de costumbres
6081,subgenre-theme,novela sentimental,novela de costumbres,2000,word,tfidf,5,nh0096,novela sentimental,novela sentimental,novela sentimental,novela sentimental,novela sentimental,novela sentimental,novela sentimental,novela sentimental,novela sentimental,novela sentimental,novela sentimental
6082,subgenre-theme,novela sentimental,novela de costumbres,2000,word,tfidf,5,nh0098,novela sentimental,novela sentimental,novela sentimental,novela sentimental,novela sentimental,novela sentimental,novela sentimental,novela sentimental,novela sentimental,novela sentimental,novela sentimental
6083,subgenre-theme,novela sentimental,novela de costumbres,2000,word,tfidf,5,nh0099,novela sentimental,novela sentimental,novela sentimental,novela sentimental,novela de costumbres,novela sentimental,novela sentimental,novela sentimental,novela sentimental,novela sentimental,novela sentimental
6084,subgenre-theme,novela sentimental,novela de costumbres,2000,word,tfidf,5,nh0101,novela de costumbres,novela de costumbres,novela de costumbres,novela de costumbres,novela de costumbres,novela de costumbres,novela de costumbres,novela de costumbres,novela de costumbres,novela de costumbres,novela de costumbres
6085,subgenre-theme,novela sentimental,novela de costumbres,2000,word,tfidf,5,nh0102,novela sentimental,novela sentimental,novela sentimental,novela sentimental,novela sentimental,novela sentimental,novela sentimental,novela sentimental,novela sentimental,novela sentimental,novela sentimental
6086,subgenre-theme,novela sentimental,novela de costumbres,2000,word,tfidf,5,nh0104,novela sentimental,novela sentimental,novela sentimental,novela sentimental,novela sentimental,novela sentimental,novela sentimental,novela sentimental,novela sentimental,novela sentimental,novela sentimental
6087,subgenre-theme,novela sentimental,novela de costumbres,2000,word,tfidf,5,nh0105,novela de costumbres,novela de costumbres,novela de costumbres,novela de costumbres,novela de costumbres,novela de costumbres,novela de costumbres,novela de costumbres,novela de costumbres,novela de costumbres,novela de costumbres
6088,subgenre-theme,novela sentimental,novela de costumbres,2000,word,tfidf,5,nh0118,novela de costumbres,novela de costumbres,novela de costumbres,novela de costumbres,novela de costumbres,novela de costumbres,novela de costumbres,novela de costumbres,novela de costumbres,novela de costumbres,novela de costumbres
6089,subgenre-theme,novela sentimental,novela de costumbres,2000,word,tfidf,5,nh0119,novela sentimental,novela sentimental,novela sentimental,novela sentimental,novela sentimental,novela sentimental,novela sentimental,novela sentimental,novela sentimental,novela sentimental,novela sentimental
6090,subgenre-theme,novela sentimental,novela de costumbres,2000,word,tfidf,5,nh0120,novela de costumbres,novela de costumbres,novela de costumbres,novela de costumbres,novela de costumbres,novela de costumbres,novela de costumbres,novela de costumbres,novela de costumbres,novela de costumbres,novela de costumbres
6091,subgenre-theme,novela sentimental,novela de costumbres,2000,word,tfidf,5,nh0123,novela sentimental,novela sentimental,novela sentimental,novela sentimental,novela sentimental,novela de costumbres,novela sentimental,novela sentimental,novela sentimental,novela sentimental,novela sentimental
6092,subgenre-theme,novela sentimental,novela de costumbres,2000,word,tfidf,5,nh0129,novela de costumbres,novela de costumbres,novela de costumbres,novela de costumbres,novela de costumbres,novela de costumbres,novela de costumbres,novela de costumbres,novela de costumbres,novela de costumbres,novela de costumbres
6093,subgenre-theme,novela sentimental,novela de costumbres,2000,word,tfidf,5,nh0130,novela sentimental,novela sentimental,novela sentimental,novela sentimental,novela sentimental,novela de costumbres,novela sentimental,novela sentimental,novela sentimental,novela sentimental,novela sentimental
6094,subgenre-theme,novela sentimental,novela de costumbres,2000,word,tfidf,5,nh0131,novela de costumbres,novela de costumbres,novela de costumbres,novela de costumbres,novela de costumbres,novela de costumbres,novela de costumbres,novela de costumbres,novela de costumbres,novela de costumbres,novela de costumbres
6095,subgenre-theme,novela sentimental,novela de costumbres,2000,word,tfidf,5,nh0132,novela sentimental,novela sentimental,novela sentimental,novela sentimental,novela sentimental,novela de costumbres,novela sentimental,novela sentimental,novela sentimental,novela sentimental,novela sentimental
6096,subgenre-theme,novela sentimental,novela de costumbres,2000,word,tfidf,5,nh0133,novela de costumbres,novela de costumbres,novela de costumbres,novela de costumbres,novela de costumbres,novela de costumbres,novela de costumbres,novela de costumbres,novela de costumbres,novela de costumbres,novela de costumbres
6097,subgenre-theme,novela sentimental,novela de costumbres,2000,word,tfidf,5,nh0135,novela de costumbres,novela de costumbres,novela de costumbres,novela de costumbres,novela de costumbres,novela de costumbres,novela de costumbres,novela sentimental,novela de costumbres,novela de costumbres,novela de costumbres
6098,subgenre-theme,novela sentimental,novela de costumbres,2000,word,tfidf,5,nh0136,novela sentimental,novela sentimental,novela sentimental,novela sentimental,novela sentimental,novela sentimental,novela sentimental,novela sentimental,novela sentimental,novela sentimental,novela sentimental
6099,subgenre-theme,novela sentimental,novela de costumbres,2000,word,tfidf,5,nh0137,novela de costumbres,novela de costumbres,novela de costumbres,novela de costumbres,novela de costumbres,novela de costumbres,novela de costumbres,novela de costumbres,novela de costumbres,novela de costumbres,novela de costumbres
6100,subgenre-theme,novela sentimental,novela de costumbres,2000,word,tfidf,5,nh0138,novela de costumbres,novela de costumbres,novela de costumbres,novela de costumbres,novela de costumbres,novela de costumbres,novela de costumbres,novela de costumbres,novela de costumbres,novela de costumbres,novela de costumbres
6101,subgenre-theme,novela sentimental,novela de costumbres,2000,word,tfidf,5,nh0141,novela de costumbres,novela de costumbres,novela de costumbres,novela de costumbres,novela de costumbres,novela de costumbres,novela de costumbres,novela de costumbres,novela de costumbres,novela de costumbres,novela de costumbres
6102,subgenre-theme,novela sentimental,novela de costumbres,2000,word,tfidf,5,nh0144,novela de costumbres,novela de costumbres,novela de costumbres,novela de costumbres,novela de costumbres,novela de costumbres,novela de costumbres,novela de costumbres,novela de costumbres,novela de costumbres,novela de costumbres
6103,subgenre-theme,novela sentimental,novela de costumbres,2000,word,tfidf,5,nh0146,novela sentimental,novela sentimental,novela sentimental,novela sentimental,novela sentimental,novela sentimental,novela sentimental,novela sentimental,novela sentimental,novela sentimental,novela sentimental
6104,subgenre-theme,novela sentimental,novela de costumbres,2000,word,tfidf,5,nh0147,novela de costumbres,novela de costumbres,novela de costumbres,novela de costumbres,novela de costumbres,novela de costumbres,novela de costumbres,novela de costumbres,novela de costumbres,novela de costumbres,novela de costumbres
6105,subgenre-theme,novela sentimental,novela de costumbres,2000,word,tfidf,5,nh0151,novela sentimental,novela sentimental,novela sentimental,novela sentimental,novela sentimental,novela sentimental,novela sentimental,novela sentimental,novela sentimental,novela sentimental,novela sentimental
6106,subgenre-theme,novela sentimental,novela de costumbres,2000,word,tfidf,5,nh0156,novela sentimental,novela sentimental,novela sentimental,novela sentimental,novela sentimental,novela sentimental,novela sentimental,novela sentimental,novela sentimental,novela sentimental,novela sentimental
6107,subgenre-theme,novela sentimental,novela de costumbres,2000,word,tfidf,5,nh0162,novela sentimental,novela sentimental,novela sentimental,novela sentimental,novela sentimental,novela sentimental,novela de costumbres,novela sentimental,novela sentimental,novela sentimental,novela sentimental
6108,subgenre-theme,novela sentimental,novela de costumbres,2000,word,tfidf,5,nh0164,novela de costumbres,novela de costumbres,novela de costumbres,novela de costumbres,novela de costumbres,novela de costumbres,novela de costumbres,novela de costumbres,novela sentimental,novela de costumbres,novela de costumbres
6109,subgenre-theme,novela sentimental,novela de costumbres,2000,word,tfidf,5,nh0171,novela sentimental,novela sentimental,novela sentimental,novela sentimental,novela sentimental,novela sentimental,novela sentimental,novela sentimental,novela sentimental,novela sentimental,novela sentimental
6110,subgenre-theme,novela sentimental,novela de costumbres,2000,word,tfidf,5,nh0172,novela de costumbres,novela de costumbres,novela de costumbres,novela de costumbres,novela de costumbres,novela de costumbres,novela de costumbres,novela de costumbres,novela sentimental,novela de costumbres,novela de costumbres
6111,subgenre-theme,novela sentimental,novela de costumbres,2000,word,tfidf,5,nh0179,novela de costumbres,novela de costumbres,novela de costumbres,novela de costumbres,novela de costumbres,novela de costumbres,novela de costumbres,novela de costumbres,novela de costumbres,novela de costumbres,novela de costumbres
6112,subgenre-theme,novela sentimental,novela de costumbres,2000,word,tfidf,5,nh0183,novela sentimental,novela sentimental,novela sentimental,novela sentimental,novela sentimental,novela sentimental,novela sentimental,novela sentimental,novela sentimental,novela sentimental,novela sentimental
6113,subgenre-theme,novela sentimental,novela de costumbres,2000,word,tfidf,5,nh0188,novela sentimental,novela sentimental,novela sentimental,novela sentimental,novela sentimental,novela sentimental,novela sentimental,novela de costumbres,novela sentimental,novela sentimental,novela sentimental
6114,subgenre-theme,novela sentimental,novela de costumbres,2000,word,tfidf,5,nh0195,novela sentimental,novela sentimental,novela sentimental,novela sentimental,novela sentimental,novela sentimental,novela sentimental,novela sentimental,novela sentimental,novela sentimental,novela sentimental
6115,subgenre-theme,novela sentimental,novela de costumbres,2000,word,tfidf,5,nh0197,novela de costumbres,novela de costumbres,novela de costumbres,novela de costumbres,novela de costumbres,novela de costumbres,novela de costumbres,novela de costumbres,novela de costumbres,novela de costumbres,novela de costumbres
6116,subgenre-theme,novela sentimental,novela de costumbres,2000,word,tfidf,5,nh0199,novela de costumbres,novela de costumbres,novela de costumbres,novela de costumbres,novela de costumbres,novela de costumbres,novela de costumbres,novela de costumbres,novela de costumbres,novela de costumbres,novela de costumbres
6117,subgenre-theme,novela sentimental,novela de costumbres,2000,word,tfidf,5,nh0202,novela sentimental,novela sentimental,novela sentimental,novela sentimental,novela sentimental,novela sentimental,novela sentimental,novela de costumbres,novela sentimental,novela sentimental,novela sentimental
6118,subgenre-theme,novela sentimental,novela de costumbres,2000,word,tfidf,5,nh0207,novela sentimental,novela sentimental,novela sentimental,novela sentimental,novela sentimental,novela sentimental,novela sentimental,novela sentimental,novela sentimental,novela sentimental,novela sentimental
6119,subgenre-theme,novela sentimental,novela de costumbres,2000,word,tfidf,5,nh0209,novela sentimental,novela sentimental,novela sentimental,novela sentimental,novela sentimental,novela sentimental,novela sentimental,novela sentimental,novela sentimental,novela sentimental,novela sentimental
6120,subgenre-theme,novela sentimental,novela de costumbres,2000,word,tfidf,5,nh0212,novela sentimental,novela sentimental,novela sentimental,novela sentimental,novela sentimental,novela sentimental,novela sentimental,novela sentimental,novela sentimental,novela sentimental,novela sentimental
6121,subgenre-theme,novela sentimental,novela de costumbres,2000,word,tfidf,5,nh0213,novela de costumbres,novela de costumbres,novela de costumbres,novela de costumbres,novela de costumbres,novela de costumbres,novela de costumbres,novela de costumbres,novela de costumbres,novela de costumbres,novela de costumbres
6122,subgenre-theme,novela sentimental,novela de costumbres,2000,word,tfidf,5,nh0214,novela de costumbres,novela de costumbres,novela de costumbres,novela de costumbres,novela de costumbres,novela de costumbres,novela de costumbres,novela de costumbres,novela de costumbres,novela de costumbres,novela de costumbres
6123,subgenre-theme,novela sentimental,novela de costumbres,2000,word,tfidf,5,nh0217,novela de costumbres,novela de costumbres,novela de costumbres,novela de costumbres,novela de costumbres,novela de costumbres,novela de costumbres,novela de costumbres,novela de costumbres,novela de costumbres,novela de costumbres
6124,subgenre-theme,novela sentimental,novela de costumbres,2000,word,tfidf,5,nh0218,novela sentimental,novela sentimental,novela sentimental,novela sentimental,novela sentimental,novela sentimental,novela sentimental,novela sentimental,novela sentimental,novela sentimental,novela sentimental
6125,subgenre-theme,novela sentimental,novela de costumbres,2000,word,tfidf,5,nh0219,novela sentimental,novela sentimental,novela sentimental,novela sentimental,novela sentimental,novela sentimental,novela sentimental,novela sentimental,novela de costumbres,novela sentimental,novela sentimental
6126,subgenre-theme,novela sentimental,novela de costumbres,2000,word,tfidf,5,nh0220,novela de costumbres,novela de costumbres,novela de costumbres,novela de costumbres,novela de costumbres,novela de costumbres,novela de costumbres,novela de costumbres,novela de costumbres,novela de costumbres,novela sentimental
6127,subgenre-theme,novela sentimental,novela de costumbres,2000,word,tfidf,5,nh0228,novela sentimental,novela sentimental,novela sentimental,novela sentimental,novela sentimental,novela sentimental,novela sentimental,novela sentimental,novela sentimental,novela de costumbres,novela sentimental
6128,subgenre-theme,novela sentimental,novela de costumbres,2000,word,tfidf,5,nh0230,novela sentimental,novela sentimental,novela sentimental,novela sentimental,novela sentimental,novela sentimental,novela sentimental,novela sentimental,novela sentimental,novela de costumbres,novela sentimental
6129,subgenre-theme,novela sentimental,novela de costumbres,2000,word,tfidf,5,nh0233,novela sentimental,novela sentimental,novela sentimental,novela sentimental,novela sentimental,novela sentimental,novela sentimental,novela sentimental,novela sentimental,novela de costumbres,novela sentimental
6130,subgenre-theme,novela sentimental,novela de costumbres,2000,word,tfidf,5,nh0237,novela sentimental,novela sentimental,novela sentimental,novela sentimental,novela sentimental,novela sentimental,novela sentimental,novela sentimental,novela sentimental,novela sentimental,novela sentimental
6131,subgenre-theme,novela sentimental,novela de costumbres,2000,word,tfidf,5,nh0238,novela de costumbres,novela de costumbres,novela de costumbres,novela de costumbres,novela de costumbres,novela de costumbres,novela de costumbres,novela de costumbres,novela de costumbres,novela de costumbres,novela sentimental
6132,subgenre-theme,novela sentimental,novela de costumbres,2000,word,tfidf,5,nh0241,novela sentimental,novela sentimental,novela sentimental,novela sentimental,novela sentimental,novela sentimental,novela sentimental,novela sentimental,novela sentimental,novela sentimental,novela sentimental
6133,subgenre-theme,novela sentimental,novela de costumbres,2000,word,tfidf,5,nh0242,novela de costumbres,novela de costumbres,novela de costumbres,novela de costumbres,novela de costumbres,novela de costumbres,novela de costumbres,novela de costumbres,novela de costumbres,novela de costumbres,novela sentimental
6134,subgenre-theme,novela sentimental,novela de costumbres,2000,word,tfidf,5,nh0245,novela sentimental,novela sentimental,novela sentimental,novela sentimental,novela sentimental,novela sentimental,novela sentimental,novela sentimental,novela sentimental,novela sentimental,novela sentimental
6135,subgenre-theme,novela sentimental,novela de costumbres,2000,word,tfidf,5,nh0246,novela de costumbres,novela de costumbres,novela de costumbres,novela de costumbres,novela de costumbres,novela de costumbres,novela de costumbres,novela de costumbres,novela de costumbres,novela de costumbres,novela sentimental
6136,subgenre-theme,novela sentimental,novela de costumbres,2000,word,tfidf,5,nh0250,novela sentimental,novela sentimental,novela sentimental,novela sentimental,novela sentimental,novela sentimental,novela sentimental,novela sentimental,novela sentimental,novela sentimental,novela sentimental
6137,subgenre-theme,novela sentimental,novela de costumbres,2000,word,tfidf,5,nh0251,novela sentimental,novela sentimental,novela sentimental,novela sentimental,novela sentimental,novela sentimental,novela sentimental,novela sentimental,novela sentimental,novela sentimental,novela sentimental
6138,subgenre-theme,novela sentimental,novela de costumbres,2000,word,tfidf,5,nh0252,novela sentimental,novela sentimental,novela sentimental,novela sentimental,novela sentimental,novela sentimental,novela sentimental,novela sentimental,novela sentimental,novela sentimental,novela sentimental
6139,subgenre-theme,novela sentimental,novela de costumbres,2000,word,tfidf,5,nh0254,novela sentimental,novela sentimental,novela sentimental,novela sentimental,novela sentimental,novela sentimental,novela sentimental,novela sentimental,novela sentimental,novela sentimental,novela sentimental
6140,subgenre-theme,novela sentimental,novela de costumbres,2000,word,tfidf,6,nh0001,novela de costumbres,novela de costumbres,novela de costumbres,novela de costumbres,novela de costumbres,novela de costumbres,novela de costumbres,novela de costumbres,novela de costumbres,novela de costumbres,novela de costumbres
6141,subgenre-theme,novela sentimental,novela de costumbres,2000,word,tfidf,6,nh0005,novela de costumbres,novela de costumbres,novela de costumbres,novela de costumbres,novela de costumbres,novela de costumbres,novela de costumbres,novela de costumbres,novela de costumbres,novela de costumbres,novela de costumbres
6142,subgenre-theme,novela sentimental,novela de costumbres,2000,word,tfidf,6,nh0006,novela sentimental,novela sentimental,novela sentimental,novela sentimental,novela sentimental,novela sentimental,novela sentimental,novela sentimental,novela sentimental,novela sentimental,novela sentimental
6143,subgenre-theme,novela sentimental,novela de costumbres,2000,word,tfidf,6,nh0008,novela de costumbres,novela de costumbres,novela de costumbres,novela de costumbres,novela de costumbres,novela de costumbres,novela de costumbres,novela de costumbres,novela de costumbres,novela de costumbres,novela de costumbres
6144,subgenre-theme,novela sentimental,novela de costumbres,2000,word,tfidf,6,nh0010,novela de costumbres,novela de costumbres,novela de costumbres,novela de costumbres,novela de costumbres,novela de costumbres,novela de costumbres,novela de costumbres,novela de costumbres,novela de costumbres,novela de costumbres
6145,subgenre-theme,novela sentimental,novela de costumbres,2000,word,tfidf,6,nh0013,novela sentimental,novela sentimental,novela sentimental,novela sentimental,novela sentimental,novela sentimental,novela sentimental,novela sentimental,novela sentimental,novela sentimental,novela sentimental
6146,subgenre-theme,novela sentimental,novela de costumbres,2000,word,tfidf,6,nh0014,novela sentimental,novela sentimental,novela sentimental,novela sentimental,novela sentimental,novela sentimental,novela sentimental,novela sentimental,novela sentimental,novela sentimental,novela sentimental
6147,subgenre-theme,novela sentimental,novela de costumbres,2000,word,tfidf,6,nh0018,novela sentimental,novela sentimental,novela sentimental,novela sentimental,novela sentimental,novela sentimental,novela sentimental,novela sentimental,novela sentimental,novela sentimental,novela sentimental
6148,subgenre-theme,novela sentimental,novela de costumbres,2000,word,tfidf,6,nh0021,novela sentimental,novela sentimental,novela sentimental,novela sentimental,novela sentimental,novela sentimental,novela sentimental,novela sentimental,novela sentimental,novela sentimental,novela sentimental
6149,subgenre-theme,novela sentimental,novela de costumbres,2000,word,tfidf,6,nh0027,novela de costumbres,novela de costumbres,novela de costumbres,novela de costumbres,novela de costumbres,novela de costumbres,novela de costumbres,novela de costumbres,novela de costumbres,novela de costumbres,novela de costumbres
6150,subgenre-theme,novela sentimental,novela de costumbres,2000,word,tfidf,6,nh0034,novela sentimental,novela sentimental,novela de costumbres,novela sentimental,novela sentimental,novela sentimental,novela sentimental,novela sentimental,novela sentimental,novela sentimental,novela sentimental
6151,subgenre-theme,novela sentimental,novela de costumbres,2000,word,tfidf,6,nh0036,novela de costumbres,novela de costumbres,novela sentimental,novela de costumbres,novela de costumbres,novela de costumbres,novela de costumbres,novela de costumbres,novela de costumbres,novela de costumbres,novela de costumbres
6152,subgenre-theme,novela sentimental,novela de costumbres,2000,word,tfidf,6,nh0039,novela de costumbres,novela de costumbres,novela de costumbres,novela de costumbres,novela de costumbres,novela de costumbres,novela de costumbres,novela de costumbres,novela de costumbres,novela de costumbres,novela de costumbres
6153,subgenre-theme,novela sentimental,novela de costumbres,2000,word,tfidf,6,nh0042,novela de costumbres,novela de costumbres,novela de costumbres,novela de costumbres,novela de costumbres,novela de costumbres,novela de costumbres,novela de costumbres,novela de costumbres,novela de costumbres,novela de costumbres
6154,subgenre-theme,novela sentimental,novela de costumbres,2000,word,tfidf,6,nh0043,novela sentimental,novela sentimental,novela sentimental,novela sentimental,novela sentimental,novela sentimental,novela sentimental,novela sentimental,novela sentimental,novela sentimental,novela sentimental
6155,subgenre-theme,novela sentimental,novela de costumbres,2000,word,tfidf,6,nh0045,novela sentimental,novela sentimental,novela de costumbres,novela sentimental,novela sentimental,novela sentimental,novela sentimental,novela sentimental,novela sentimental,novela sentimental,novela sentimental
6156,subgenre-theme,novela sentimental,novela de costumbres,2000,word,tfidf,6,nh0048,novela de costumbres,novela de costumbres,novela de costumbres,novela de costumbres,novela de costumbres,novela de costumbres,novela de costumbres,novela de costumbres,novela de costumbres,novela de costumbres,novela de costumbres
6157,subgenre-theme,novela sentimental,novela de costumbres,2000,word,tfidf,6,nh0050,novela de costumbres,novela de costumbres,novela de costumbres,novela de costumbres,novela de costumbres,novela de costumbres,novela de costumbres,novela de costumbres,novela de costumbres,novela de costumbres,novela de costumbres
6158,subgenre-theme,novela sentimental,novela de costumbres,2000,word,tfidf,6,nh0051,novela de costumbres,novela de costumbres,novela de costumbres,novela de costumbres,novela de costumbres,novela de costumbres,novela de costumbres,novela de costumbres,novela de costumbres,novela de costumbres,novela de costumbres
6159,subgenre-theme,novela sentimental,novela de costumbres,2000,word,tfidf,6,nh0057,novela de costumbres,novela de costumbres,novela de costumbres,novela de costumbres,novela de costumbres,novela de costumbres,novela de costumbres,novela de costumbres,novela de costumbres,novela de costumbres,novela de costumbres
6160,subgenre-theme,novela sentimental,novela de costumbres,2000,word,tfidf,6,nh0061,novela de costumbres,novela de costumbres,novela de costumbres,novela de costumbres,novela de costumbres,novela de costumbres,novela de costumbres,novela de costumbres,novela de costumbres,novela de costumbres,novela de costumbres
6161,subgenre-theme,novela sentimental,novela de costumbres,2000,word,tfidf,6,nh0062,novela de costumbres,novela de costumbres,novela de costumbres,novela sentimental,novela de costumbres,novela de costumbres,novela de costumbres,novela de costumbres,novela de costumbres,novela de costumbres,novela de costumbres
6162,subgenre-theme,novela sentimental,novela de costumbres,2000,word,tfidf,6,nh0063,novela de costumbres,novela de costumbres,novela de costumbres,novela de costumbres,novela de costumbres,novela de costumbres,novela de costumbres,novela de costumbres,novela de costumbres,novela de costumbres,novela de costumbres
6163,subgenre-theme,novela sentimental,novela de costumbres,2000,word,tfidf,6,nh0065,novela de costumbres,novela de costumbres,novela de costumbres,novela de costumbres,novela sentimental,novela de costumbres,novela de costumbres,novela de costumbres,novela de costumbres,novela de costumbres,novela de costumbres
6164,subgenre-theme,novela sentimental,novela de costumbres,2000,word,tfidf,6,nh0066,novela de costumbres,novela de costumbres,novela de costumbres,novela de costumbres,novela sentimental,novela de costumbres,novela de costumbres,novela de costumbres,novela de costumbres,novela de costumbres,novela de costumbres
6165,subgenre-theme,novela sentimental,novela de costumbres,2000,word,tfidf,6,nh0070,novela de costumbres,novela de costumbres,novela de costumbres,novela de costumbres,novela de costumbres,novela de costumbres,novela de costumbres,novela de costumbres,novela de costumbres,novela de costumbres,novela de costumbres
6166,subgenre-theme,novela sentimental,novela de costumbres,2000,word,tfidf,6,nh0071,novela de costumbres,novela de costumbres,novela de costumbres,novela de costumbres,novela sentimental,novela de costumbres,novela de costumbres,novela de costumbres,novela de costumbres,novela de costumbres,novela de costumbres
6167,subgenre-theme,novela sentimental,novela de costumbres,2000,word,tfidf,6,nh0072,novela sentimental,novela sentimental,novela de costumbres,novela sentimental,novela sentimental,novela sentimental,novela sentimental,novela sentimental,novela sentimental,novela sentimental,novela sentimental
6168,subgenre-theme,novela sentimental,novela de costumbres,2000,word,tfidf,6,nh0073,novela de costumbres,novela de costumbres,novela de costumbres,novela de costumbres,novela sentimental,novela de costumbres,novela de costumbres,novela de costumbres,novela de costumbres,novela de costumbres,novela de costumbres
6169,subgenre-theme,novela sentimental,novela de costumbres,2000,word,tfidf,6,nh0076,novela sentimental,novela sentimental,novela de costumbres,novela sentimental,novela sentimental,novela sentimental,novela sentimental,novela sentimental,novela sentimental,novela sentimental,novela sentimental
6170,subgenre-theme,novela sentimental,novela de costumbres,2000,word,tfidf,6,nh0077,novela de costumbres,novela de costumbres,novela de costumbres,novela de costumbres,novela de costumbres,novela de costumbres,novela de costumbres,novela de costumbres,novela de costumbres,novela de costumbres,novela de costumbres
6171,subgenre-theme,novela sentimental,novela de costumbres,2000,word,tfidf,6,nh0078,novela de costumbres,novela de costumbres,novela de costumbres,novela de costumbres,novela de costumbres,novela de costumbres,novela de costumbres,novela de costumbres,novela de costumbres,novela de costumbres,novela de costumbres
6172,subgenre-theme,novela sentimental,novela de costumbres,2000,word,tfidf,6,nh0079,novela de costumbres,novela de costumbres,novela de costumbres,novela de costumbres,novela de costumbres,novela de costumbres,novela de costumbres,novela de costumbres,novela de costumbres,novela de costumbres,novela de costumbres
6173,subgenre-theme,novela sentimental,novela de costumbres,2000,word,tfidf,6,nh0082,novela sentimental,novela sentimental,novela sentimental,novela sentimental,novela sentimental,novela sentimental,novela sentimental,novela sentimental,novela sentimental,novela sentimental,novela sentimental
6174,subgenre-theme,novela sentimental,novela de costumbres,2000,word,tfidf,6,nh0087,novela sentimental,novela sentimental,novela sentimental,novela sentimental,novela sentimental,novela sentimental,novela sentimental,novela sentimental,novela sentimental,novela sentimental,novela sentimental
6175,subgenre-theme,novela sentimental,novela de costumbres,2000,word,tfidf,6,nh0089,novela sentimental,novela sentimental,novela sentimental,novela de costumbres,novela sentimental,novela sentimental,novela sentimental,novela sentimental,novela sentimental,novela sentimental,novela sentimental
6176,subgenre-theme,novela sentimental,novela de costumbres,2000,word,tfidf,6,nh0090,novela de costumbres,novela de costumbres,novela de costumbres,novela de costumbres,novela de costumbres,novela de costumbres,novela de costumbres,novela de costumbres,novela de costumbres,novela de costumbres,novela de costumbres
6177,subgenre-theme,novela sentimental,novela de costumbres,2000,word,tfidf,6,nh0092,novela sentimental,novela sentimental,novela sentimental,novela sentimental,novela sentimental,novela sentimental,novela sentimental,novela sentimental,novela sentimental,novela sentimental,novela sentimental
6178,subgenre-theme,novela sentimental,novela de costumbres,2000,word,tfidf,6,nh0093,novela de costumbres,novela de costumbres,novela de costumbres,novela de costumbres,novela de costumbres,novela de costumbres,novela de costumbres,novela de costumbres,novela de costumbres,novela de costumbres,novela de costumbres
6179,subgenre-theme,novela sentimental,novela de costumbres,2000,word,tfidf,6,nh0098,novela sentimental,novela sentimental,novela sentimental,novela sentimental,novela sentimental,novela sentimental,novela sentimental,novela sentimental,novela sentimental,novela sentimental,novela sentimental
6180,subgenre-theme,novela sentimental,novela de costumbres,2000,word,tfidf,6,nh0099,novela sentimental,novela sentimental,novela sentimental,novela sentimental,novela de costumbres,novela sentimental,novela sentimental,novela sentimental,novela sentimental,novela sentimental,novela sentimental
6181,subgenre-theme,novela sentimental,novela de costumbres,2000,word,tfidf,6,nh0101,novela de costumbres,novela de costumbres,novela de costumbres,novela de costumbres,novela de costumbres,novela de costumbres,novela de costumbres,novela de costumbres,novela de costumbres,novela de costumbres,novela de costumbres
6182,subgenre-theme,novela sentimental,novela de costumbres,2000,word,tfidf,6,nh0102,novela sentimental,novela sentimental,novela sentimental,novela sentimental,novela sentimental,novela sentimental,novela sentimental,novela sentimental,novela sentimental,novela sentimental,novela sentimental
6183,subgenre-theme,novela sentimental,novela de costumbres,2000,word,tfidf,6,nh0104,novela sentimental,novela sentimental,novela sentimental,novela sentimental,novela sentimental,novela sentimental,novela sentimental,novela sentimental,novela sentimental,novela sentimental,novela sentimental
6184,subgenre-theme,novela sentimental,novela de costumbres,2000,word,tfidf,6,nh0105,novela de costumbres,novela de costumbres,novela de costumbres,novela de costumbres,novela de costumbres,novela de costumbres,novela de costumbres,novela de costumbres,novela de costumbres,novela de costumbres,novela de costumbres
6185,subgenre-theme,novela sentimental,novela de costumbres,2000,word,tfidf,6,nh0118,novela de costumbres,novela de costumbres,novela de costumbres,novela de costumbres,novela de costumbres,novela de costumbres,novela de costumbres,novela de costumbres,novela de costumbres,novela de costumbres,novela de costumbres
6186,subgenre-theme,novela sentimental,novela de costumbres,2000,word,tfidf,6,nh0119,novela sentimental,novela sentimental,novela sentimental,novela sentimental,novela de costumbres,novela sentimental,novela sentimental,novela sentimental,novela sentimental,novela sentimental,novela sentimental
6187,subgenre-theme,novela sentimental,novela de costumbres,2000,word,tfidf,6,nh0120,novela de costumbres,novela de costumbres,novela de costumbres,novela de costumbres,novela de costumbres,novela de costumbres,novela de costumbres,novela de costumbres,novela de costumbres,novela de costumbres,novela de costumbres
6188,subgenre-theme,novela sentimental,novela de costumbres,2000,word,tfidf,6,nh0123,novela sentimental,novela sentimental,novela sentimental,novela sentimental,novela de costumbres,novela sentimental,novela sentimental,novela sentimental,novela sentimental,novela sentimental,novela sentimental
6189,subgenre-theme,novela sentimental,novela de costumbres,2000,word,tfidf,6,nh0129,novela de costumbres,novela de costumbres,novela de costumbres,novela de costumbres,novela de costumbres,novela de costumbres,novela de costumbres,novela de costumbres,novela de costumbres,novela de costumbres,novela de costumbres
6190,subgenre-theme,novela sentimental,novela de costumbres,2000,word,tfidf,6,nh0130,novela sentimental,novela sentimental,novela sentimental,novela sentimental,novela sentimental,novela de costumbres,novela sentimental,novela sentimental,novela sentimental,novela sentimental,novela sentimental
6191,subgenre-theme,novela sentimental,novela de costumbres,2000,word,tfidf,6,nh0131,novela de costumbres,novela de costumbres,novela de costumbres,novela de costumbres,novela de costumbres,novela de costumbres,novela de costumbres,novela de costumbres,novela de costumbres,novela de costumbres,novela de costumbres
6192,subgenre-theme,novela sentimental,novela de costumbres,2000,word,tfidf,6,nh0132,novela sentimental,novela sentimental,novela sentimental,novela sentimental,novela sentimental,novela sentimental,novela sentimental,novela sentimental,novela sentimental,novela sentimental,novela sentimental
6193,subgenre-theme,novela sentimental,novela de costumbres,2000,word,tfidf,6,nh0133,novela de costumbres,novela de costumbres,novela de costumbres,novela de costumbres,novela de costumbres,novela de costumbres,novela de costumbres,novela de costumbres,novela de costumbres,novela de costumbres,novela de costumbres
6194,subgenre-theme,novela sentimental,novela de costumbres,2000,word,tfidf,6,nh0135,novela de costumbres,novela de costumbres,novela de costumbres,novela de costumbres,novela de costumbres,novela de costumbres,novela de costumbres,novela sentimental,novela de costumbres,novela de costumbres,novela de costumbres
6195,subgenre-theme,novela sentimental,novela de costumbres,2000,word,tfidf,6,nh0136,novela sentimental,novela sentimental,novela sentimental,novela sentimental,novela sentimental,novela sentimental,novela sentimental,novela sentimental,novela sentimental,novela sentimental,novela sentimental
6196,subgenre-theme,novela sentimental,novela de costumbres,2000,word,tfidf,6,nh0137,novela de costumbres,novela de costumbres,novela de costumbres,novela de costumbres,novela de costumbres,novela de costumbres,novela de costumbres,novela de costumbres,novela de costumbres,novela de costumbres,novela de costumbres
6197,subgenre-theme,novela sentimental,novela de costumbres,2000,word,tfidf,6,nh0138,novela de costumbres,novela de costumbres,novela de costumbres,novela de costumbres,novela de costumbres,novela de costumbres,novela de costumbres,novela de costumbres,novela de costumbres,novela de costumbres,novela de costumbres
6198,subgenre-theme,novela sentimental,novela de costumbres,2000,word,tfidf,6,nh0140,novela sentimental,novela sentimental,novela sentimental,novela sentimental,novela sentimental,novela sentimental,novela sentimental,novela sentimental,novela sentimental,novela sentimental,novela sentimental
6199,subgenre-theme,novela sentimental,novela de costumbres,2000,word,tfidf,6,nh0141,novela de costumbres,novela de costumbres,novela de costumbres,novela de costumbres,novela de costumbres,novela de costumbres,novela de costumbres,novela de costumbres,novela de costumbres,novela de costumbres,novela de costumbres
6200,subgenre-theme,novela sentimental,novela de costumbres,2000,word,tfidf,6,nh0144,novela de costumbres,novela de costumbres,novela de costumbres,novela de costumbres,novela de costumbres,novela de costumbres,novela de costumbres,novela de costumbres,novela de costumbres,novela de costumbres,novela de costumbres
6201,subgenre-theme,novela sentimental,novela de costumbres,2000,word,tfidf,6,nh0145,novela sentimental,novela sentimental,novela sentimental,novela sentimental,novela sentimental,novela de costumbres,novela sentimental,novela sentimental,novela sentimental,novela sentimental,novela sentimental
6202,subgenre-theme,novela sentimental,novela de costumbres,2000,word,tfidf,6,nh0146,novela sentimental,novela sentimental,novela sentimental,novela sentimental,novela sentimental,novela sentimental,novela sentimental,novela sentimental,novela sentimental,novela sentimental,novela sentimental
6203,subgenre-theme,novela sentimental,novela de costumbres,2000,word,tfidf,6,nh0147,novela de costumbres,novela de costumbres,novela de costumbres,novela de costumbres,novela de costumbres,novela de costumbres,novela de costumbres,novela de costumbres,novela de costumbres,novela de costumbres,novela de costumbres
6204,subgenre-theme,novela sentimental,novela de costumbres,2000,word,tfidf,6,nh0151,novela sentimental,novela sentimental,novela sentimental,novela sentimental,novela sentimental,novela sentimental,novela sentimental,novela sentimental,novela sentimental,novela sentimental,novela sentimental
6205,subgenre-theme,novela sentimental,novela de costumbres,2000,word,tfidf,6,nh0154,novela sentimental,novela sentimental,novela sentimental,novela sentimental,novela sentimental,novela sentimental,novela sentimental,novela sentimental,novela sentimental,novela sentimental,novela sentimental
6206,subgenre-theme,novela sentimental,novela de costumbres,2000,word,tfidf,6,nh0162,novela sentimental,novela sentimental,novela sentimental,novela sentimental,novela sentimental,novela sentimental,novela de costumbres,novela sentimental,novela sentimental,novela sentimental,novela sentimental
6207,subgenre-theme,novela sentimental,novela de costumbres,2000,word,tfidf,6,nh0164,novela de costumbres,novela de costumbres,novela de costumbres,novela de costumbres,novela de costumbres,novela de costumbres,novela de costumbres,novela de costumbres,novela sentimental,novela de costumbres,novela de costumbres
6208,subgenre-theme,novela sentimental,novela de costumbres,2000,word,tfidf,6,nh0171,novela sentimental,novela sentimental,novela sentimental,novela sentimental,novela sentimental,novela sentimental,novela sentimental,novela sentimental,novela sentimental,novela sentimental,novela sentimental
6209,subgenre-theme,novela sentimental,novela de costumbres,2000,word,tfidf,6,nh0172,novela de costumbres,novela de costumbres,novela de costumbres,novela de costumbres,novela de costumbres,novela de costumbres,novela de costumbres,novela de costumbres,novela sentimental,novela de costumbres,novela de costumbres
6210,subgenre-theme,novela sentimental,novela de costumbres,2000,word,tfidf,6,nh0179,novela de costumbres,novela de costumbres,novela de costumbres,novela de costumbres,novela de costumbres,novela de costumbres,novela de costumbres,novela de costumbres,novela de costumbres,novela de costumbres,novela de costumbres
6211,subgenre-theme,novela sentimental,novela de costumbres,2000,word,tfidf,6,nh0183,novela sentimental,novela sentimental,novela sentimental,novela sentimental,novela sentimental,novela sentimental,novela sentimental,novela sentimental,novela sentimental,novela sentimental,novela sentimental
6212,subgenre-theme,novela sentimental,novela de costumbres,2000,word,tfidf,6,nh0187,novela sentimental,novela sentimental,novela sentimental,novela sentimental,novela sentimental,novela sentimental,novela sentimental,novela sentimental,novela sentimental,novela sentimental,novela sentimental
6213,subgenre-theme,novela sentimental,novela de costumbres,2000,word,tfidf,6,nh0188,novela sentimental,novela sentimental,novela sentimental,novela sentimental,novela sentimental,novela sentimental,novela sentimental,novela de costumbres,novela sentimental,novela sentimental,novela sentimental
6214,subgenre-theme,novela sentimental,novela de costumbres,2000,word,tfidf,6,nh0195,novela sentimental,novela sentimental,novela sentimental,novela sentimental,novela sentimental,novela sentimental,novela sentimental,novela sentimental,novela sentimental,novela sentimental,novela sentimental
6215,subgenre-theme,novela sentimental,novela de costumbres,2000,word,tfidf,6,nh0197,novela de costumbres,novela de costumbres,novela de costumbres,novela de costumbres,novela de costumbres,novela de costumbres,novela de costumbres,novela de costumbres,novela de costumbres,novela de costumbres,novela de costumbres
6216,subgenre-theme,novela sentimental,novela de costumbres,2000,word,tfidf,6,nh0199,novela de costumbres,novela de costumbres,novela de costumbres,novela de costumbres,novela de costumbres,novela de costumbres,novela de costumbres,novela de costumbres,novela de costumbres,novela de costumbres,novela de costumbres
6217,subgenre-theme,novela sentimental,novela de costumbres,2000,word,tfidf,6,nh0202,novela sentimental,novela sentimental,novela sentimental,novela sentimental,novela sentimental,novela sentimental,novela sentimental,novela de costumbres,novela sentimental,novela sentimental,novela sentimental
6218,subgenre-theme,novela sentimental,novela de costumbres,2000,word,tfidf,6,nh0207,novela sentimental,novela sentimental,novela sentimental,novela sentimental,novela sentimental,novela sentimental,novela sentimental,novela sentimental,novela sentimental,novela sentimental,novela sentimental
6219,subgenre-theme,novela sentimental,novela de costumbres,2000,word,tfidf,6,nh0209,novela sentimental,novela sentimental,novela sentimental,novela sentimental,novela sentimental,novela sentimental,novela sentimental,novela sentimental,novela sentimental,novela sentimental,novela sentimental
6220,subgenre-theme,novela sentimental,novela de costumbres,2000,word,tfidf,6,nh0212,novela sentimental,novela sentimental,novela sentimental,novela sentimental,novela sentimental,novela sentimental,novela sentimental,novela sentimental,novela sentimental,novela sentimental,novela sentimental
6221,subgenre-theme,novela sentimental,novela de costumbres,2000,word,tfidf,6,nh0213,novela de costumbres,novela de costumbres,novela de costumbres,novela de costumbres,novela de costumbres,novela de costumbres,novela de costumbres,novela de costumbres,novela de costumbres,novela de costumbres,novela de costumbres
6222,subgenre-theme,novela sentimental,novela de costumbres,2000,word,tfidf,6,nh0214,novela de costumbres,novela de costumbres,novela de costumbres,novela de costumbres,novela de costumbres,novela de costumbres,novela de costumbres,novela de costumbres,novela de costumbres,novela de costumbres,novela de costumbres
6223,subgenre-theme,novela sentimental,novela de costumbres,2000,word,tfidf,6,nh0216,novela sentimental,novela sentimental,novela sentimental,novela sentimental,novela sentimental,novela sentimental,novela sentimental,novela sentimental,novela sentimental,novela sentimental,novela sentimental
6224,subgenre-theme,novela sentimental,novela de costumbres,2000,word,tfidf,6,nh0217,novela de costumbres,novela de costumbres,novela de costumbres,novela de costumbres,novela de costumbres,novela de costumbres,novela de costumbres,novela de costumbres,novela de costumbres,novela de costumbres,novela de costumbres
6225,subgenre-theme,novela sentimental,novela de costumbres,2000,word,tfidf,6,nh0218,novela sentimental,novela sentimental,novela sentimental,novela sentimental,novela sentimental,novela sentimental,novela sentimental,novela sentimental,novela sentimental,novela sentimental,novela sentimental
6226,subgenre-theme,novela sentimental,novela de costumbres,2000,word,tfidf,6,nh0219,novela sentimental,novela sentimental,novela sentimental,novela sentimental,novela sentimental,novela sentimental,novela sentimental,novela sentimental,novela sentimental,novela de costumbres,novela sentimental
6227,subgenre-theme,novela sentimental,novela de costumbres,2000,word,tfidf,6,nh0220,novela de costumbres,novela de costumbres,novela de costumbres,novela de costumbres,novela de costumbres,novela de costumbres,novela de costumbres,novela de costumbres,novela de costumbres,novela de costumbres,novela sentimental
6228,subgenre-theme,novela sentimental,novela de costumbres,2000,word,tfidf,6,nh0228,novela sentimental,novela sentimental,novela sentimental,novela sentimental,novela sentimental,novela sentimental,novela sentimental,novela sentimental,novela sentimental,novela de costumbres,novela sentimental
6229,subgenre-theme,novela sentimental,novela de costumbres,2000,word,tfidf,6,nh0230,novela sentimental,novela sentimental,novela sentimental,novela sentimental,novela sentimental,novela sentimental,novela sentimental,novela sentimental,novela sentimental,novela de costumbres,novela sentimental
6230,subgenre-theme,novela sentimental,novela de costumbres,2000,word,tfidf,6,nh0237,novela sentimental,novela sentimental,novela sentimental,novela sentimental,novela sentimental,novela sentimental,novela sentimental,novela sentimental,novela sentimental,novela sentimental,novela sentimental
6231,subgenre-theme,novela sentimental,novela de costumbres,2000,word,tfidf,6,nh0238,novela de costumbres,novela de costumbres,novela de costumbres,novela de costumbres,novela de costumbres,novela de costumbres,novela de costumbres,novela de costumbres,novela de costumbres,novela de costumbres,novela sentimental
6232,subgenre-theme,novela sentimental,novela de costumbres,2000,word,tfidf,6,nh0241,novela sentimental,novela sentimental,novela sentimental,novela sentimental,novela sentimental,novela sentimental,novela sentimental,novela sentimental,novela sentimental,novela sentimental,novela sentimental
6233,subgenre-theme,novela sentimental,novela de costumbres,2000,word,tfidf,6,nh0242,novela de costumbres,novela de costumbres,novela de costumbres,novela de costumbres,novela de costumbres,novela de costumbres,novela de costumbres,novela de costumbres,novela de costumbres,novela de costumbres,novela sentimental
6234,subgenre-theme,novela sentimental,novela de costumbres,2000,word,tfidf,6,nh0245,novela sentimental,novela sentimental,novela sentimental,novela sentimental,novela sentimental,novela sentimental,novela sentimental,novela sentimental,novela sentimental,novela sentimental,novela sentimental
6235,subgenre-theme,novela sentimental,novela de costumbres,2000,word,tfidf,6,nh0246,novela de costumbres,novela de costumbres,novela de costumbres,novela de costumbres,novela de costumbres,novela de costumbres,novela de costumbres,novela de costumbres,novela de costumbres,novela de costumbres,novela sentimental
6236,subgenre-theme,novela sentimental,novela de costumbres,2000,word,tfidf,6,nh0250,novela sentimental,novela sentimental,novela sentimental,novela sentimental,novela sentimental,novela sentimental,novela sentimental,novela sentimental,novela sentimental,novela sentimental,novela sentimental
6237,subgenre-theme,novela sentimental,novela de costumbres,2000,word,tfidf,6,nh0251,novela sentimental,novela sentimental,novela sentimental,novela sentimental,novela sentimental,novela sentimental,novela sentimental,novela sentimental,novela sentimental,novela sentimental,novela sentimental
6238,subgenre-theme,novela sentimental,novela de costumbres,2000,word,tfidf,6,nh0252,novela sentimental,novela sentimental,novela sentimental,novela sentimental,novela sentimental,novela sentimental,novela sentimental,novela sentimental,novela sentimental,novela sentimental,novela sentimental
6239,subgenre-theme,novela sentimental,novela de costumbres,2000,word,tfidf,6,nh0254,novela sentimental,novela sentimental,novela sentimental,novela sentimental,novela sentimental,novela sentimental,novela sentimental,novela sentimental,novela sentimental,novela sentimental,novela sentimental
6240,subgenre-theme,novela sentimental,novela de costumbres,2000,word,tfidf,7,nh0001,novela de costumbres,novela de costumbres,novela de costumbres,novela de costumbres,novela de costumbres,novela de costumbres,novela de costumbres,novela de costumbres,novela de costumbres,novela de costumbres,novela de costumbres
6241,subgenre-theme,novela sentimental,novela de costumbres,2000,word,tfidf,7,nh0003,novela sentimental,novela sentimental,novela sentimental,novela sentimental,novela sentimental,novela sentimental,novela sentimental,novela sentimental,novela sentimental,novela sentimental,novela sentimental
6242,subgenre-theme,novela sentimental,novela de costumbres,2000,word,tfidf,7,nh0005,novela de costumbres,novela de costumbres,novela de costumbres,novela de costumbres,novela de costumbres,novela de costumbres,novela de costumbres,novela de costumbres,novela de costumbres,novela de costumbres,novela de costumbres
6243,subgenre-theme,novela sentimental,novela de costumbres,2000,word,tfidf,7,nh0006,novela sentimental,novela sentimental,novela sentimental,novela sentimental,novela sentimental,novela sentimental,novela sentimental,novela sentimental,novela sentimental,novela sentimental,novela sentimental
6244,subgenre-theme,novela sentimental,novela de costumbres,2000,word,tfidf,7,nh0008,novela de costumbres,novela de costumbres,novela de costumbres,novela de costumbres,novela de costumbres,novela de costumbres,novela de costumbres,novela de costumbres,novela de costumbres,novela de costumbres,novela de costumbres
6245,subgenre-theme,novela sentimental,novela de costumbres,2000,word,tfidf,7,nh0010,novela de costumbres,novela de costumbres,novela de costumbres,novela de costumbres,novela de costumbres,novela de costumbres,novela de costumbres,novela de costumbres,novela de costumbres,novela de costumbres,novela de costumbres
6246,subgenre-theme,novela sentimental,novela de costumbres,2000,word,tfidf,7,nh0013,novela sentimental,novela sentimental,novela sentimental,novela sentimental,novela sentimental,novela sentimental,novela sentimental,novela sentimental,novela sentimental,novela sentimental,novela sentimental
6247,subgenre-theme,novela sentimental,novela de costumbres,2000,word,tfidf,7,nh0014,novela sentimental,novela sentimental,novela sentimental,novela sentimental,novela sentimental,novela sentimental,novela sentimental,novela sentimental,novela sentimental,novela sentimental,novela sentimental
6248,subgenre-theme,novela sentimental,novela de costumbres,2000,word,tfidf,7,nh0018,novela sentimental,novela sentimental,novela sentimental,novela sentimental,novela sentimental,novela sentimental,novela sentimental,novela sentimental,novela sentimental,novela sentimental,novela sentimental
6249,subgenre-theme,novela sentimental,novela de costumbres,2000,word,tfidf,7,nh0021,novela sentimental,novela sentimental,novela sentimental,novela sentimental,novela sentimental,novela sentimental,novela sentimental,novela sentimental,novela sentimental,novela sentimental,novela sentimental
6250,subgenre-theme,novela sentimental,novela de costumbres,2000,word,tfidf,7,nh0027,novela de costumbres,novela de costumbres,novela de costumbres,novela de costumbres,novela de costumbres,novela de costumbres,novela de costumbres,novela de costumbres,novela de costumbres,novela de costumbres,novela de costumbres
6251,subgenre-theme,novela sentimental,novela de costumbres,2000,word,tfidf,7,nh0034,novela sentimental,novela sentimental,novela de costumbres,novela sentimental,novela sentimental,novela sentimental,novela sentimental,novela sentimental,novela sentimental,novela sentimental,novela sentimental
6252,subgenre-theme,novela sentimental,novela de costumbres,2000,word,tfidf,7,nh0036,novela de costumbres,novela de costumbres,novela sentimental,novela de costumbres,novela de costumbres,novela de costumbres,novela de costumbres,novela de costumbres,novela de costumbres,novela de costumbres,novela de costumbres
6253,subgenre-theme,novela sentimental,novela de costumbres,2000,word,tfidf,7,nh0039,novela de costumbres,novela de costumbres,novela de costumbres,novela de costumbres,novela de costumbres,novela de costumbres,novela de costumbres,novela de costumbres,novela de costumbres,novela de costumbres,novela de costumbres
6254,subgenre-theme,novela sentimental,novela de costumbres,2000,word,tfidf,7,nh0042,novela de costumbres,novela de costumbres,novela de costumbres,novela de costumbres,novela de costumbres,novela de costumbres,novela de costumbres,novela de costumbres,novela de costumbres,novela de costumbres,novela de costumbres
6255,subgenre-theme,novela sentimental,novela de costumbres,2000,word,tfidf,7,nh0043,novela sentimental,novela sentimental,novela sentimental,novela sentimental,novela sentimental,novela sentimental,novela sentimental,novela sentimental,novela sentimental,novela sentimental,novela sentimental
6256,subgenre-theme,novela sentimental,novela de costumbres,2000,word,tfidf,7,nh0045,novela sentimental,novela sentimental,novela de costumbres,novela sentimental,novela sentimental,novela sentimental,novela sentimental,novela sentimental,novela sentimental,novela sentimental,novela sentimental
6257,subgenre-theme,novela sentimental,novela de costumbres,2000,word,tfidf,7,nh0048,novela de costumbres,novela de costumbres,novela de costumbres,novela de costumbres,novela de costumbres,novela de costumbres,novela de costumbres,novela de costumbres,novela de costumbres,novela de costumbres,novela de costumbres
6258,subgenre-theme,novela sentimental,novela de costumbres,2000,word,tfidf,7,nh0050,novela de costumbres,novela de costumbres,novela de costumbres,novela de costumbres,novela de costumbres,novela de costumbres,novela de costumbres,novela de costumbres,novela de costumbres,novela de costumbres,novela de costumbres
6259,subgenre-theme,novela sentimental,novela de costumbres,2000,word,tfidf,7,nh0051,novela de costumbres,novela de costumbres,novela de costumbres,novela de costumbres,novela de costumbres,novela de costumbres,novela de costumbres,novela de costumbres,novela de costumbres,novela de costumbres,novela de costumbres
6260,subgenre-theme,novela sentimental,novela de costumbres,2000,word,tfidf,7,nh0057,novela de costumbres,novela de costumbres,novela de costumbres,novela de costumbres,novela de costumbres,novela de costumbres,novela de costumbres,novela de costumbres,novela de costumbres,novela de costumbres,novela de costumbres
6261,subgenre-theme,novela sentimental,novela de costumbres,2000,word,tfidf,7,nh0061,novela de costumbres,novela de costumbres,novela de costumbres,novela de costumbres,novela de costumbres,novela de costumbres,novela de costumbres,novela de costumbres,novela de costumbres,novela de costumbres,novela de costumbres
6262,subgenre-theme,novela sentimental,novela de costumbres,2000,word,tfidf,7,nh0062,novela de costumbres,novela de costumbres,novela de costumbres,novela sentimental,novela de costumbres,novela de costumbres,novela de costumbres,novela de costumbres,novela de costumbres,novela de costumbres,novela de costumbres
6263,subgenre-theme,novela sentimental,novela de costumbres,2000,word,tfidf,7,nh0063,novela de costumbres,novela de costumbres,novela de costumbres,novela de costumbres,novela de costumbres,novela de costumbres,novela de costumbres,novela de costumbres,novela de costumbres,novela de costumbres,novela de costumbres
6264,subgenre-theme,novela sentimental,novela de costumbres,2000,word,tfidf,7,nh0065,novela de costumbres,novela de costumbres,novela de costumbres,novela de costumbres,novela sentimental,novela de costumbres,novela de costumbres,novela de costumbres,novela de costumbres,novela de costumbres,novela de costumbres
6265,subgenre-theme,novela sentimental,novela de costumbres,2000,word,tfidf,7,nh0066,novela de costumbres,novela de costumbres,novela de costumbres,novela de costumbres,novela sentimental,novela de costumbres,novela de costumbres,novela de costumbres,novela de costumbres,novela de costumbres,novela de costumbres
6266,subgenre-theme,novela sentimental,novela de costumbres,2000,word,tfidf,7,nh0068,novela sentimental,novela sentimental,novela sentimental,novela sentimental,novela sentimental,novela sentimental,novela sentimental,novela sentimental,novela sentimental,novela sentimental,novela sentimental
6267,subgenre-theme,novela sentimental,novela de costumbres,2000,word,tfidf,7,nh0070,novela de costumbres,novela de costumbres,novela de costumbres,novela de costumbres,novela de costumbres,novela de costumbres,novela de costumbres,novela de costumbres,novela de costumbres,novela de costumbres,novela de costumbres
6268,subgenre-theme,novela sentimental,novela de costumbres,2000,word,tfidf,7,nh0071,novela de costumbres,novela de costumbres,novela de costumbres,novela de costumbres,novela sentimental,novela de costumbres,novela de costumbres,novela de costumbres,novela de costumbres,novela de costumbres,novela de costumbres
6269,subgenre-theme,novela sentimental,novela de costumbres,2000,word,tfidf,7,nh0072,novela sentimental,novela sentimental,novela sentimental,novela de costumbres,novela sentimental,novela sentimental,novela sentimental,novela sentimental,novela sentimental,novela sentimental,novela sentimental
6270,subgenre-theme,novela sentimental,novela de costumbres,2000,word,tfidf,7,nh0073,novela de costumbres,novela de costumbres,novela de costumbres,novela de costumbres,novela sentimental,novela de costumbres,novela de costumbres,novela de costumbres,novela de costumbres,novela de costumbres,novela de costumbres
6271,subgenre-theme,novela sentimental,novela de costumbres,2000,word,tfidf,7,nh0076,novela sentimental,novela sentimental,novela sentimental,novela de costumbres,novela sentimental,novela sentimental,novela sentimental,novela sentimental,novela sentimental,novela sentimental,novela sentimental
6272,subgenre-theme,novela sentimental,novela de costumbres,2000,word,tfidf,7,nh0077,novela de costumbres,novela de costumbres,novela de costumbres,novela de costumbres,novela de costumbres,novela de costumbres,novela de costumbres,novela de costumbres,novela de costumbres,novela de costumbres,novela de costumbres
6273,subgenre-theme,novela sentimental,novela de costumbres,2000,word,tfidf,7,nh0078,novela de costumbres,novela de costumbres,novela de costumbres,novela de costumbres,novela de costumbres,novela de costumbres,novela de costumbres,novela de costumbres,novela de costumbres,novela de costumbres,novela de costumbres
6274,subgenre-theme,novela sentimental,novela de costumbres,2000,word,tfidf,7,nh0079,novela de costumbres,novela de costumbres,novela de costumbres,novela de costumbres,novela de costumbres,novela de costumbres,novela de costumbres,novela de costumbres,novela de costumbres,novela de costumbres,novela de costumbres
6275,subgenre-theme,novela sentimental,novela de costumbres,2000,word,tfidf,7,nh0082,novela sentimental,novela sentimental,novela sentimental,novela sentimental,novela sentimental,novela sentimental,novela sentimental,novela sentimental,novela sentimental,novela sentimental,novela sentimental
6276,subgenre-theme,novela sentimental,novela de costumbres,2000,word,tfidf,7,nh0087,novela sentimental,novela sentimental,novela sentimental,novela sentimental,novela sentimental,novela sentimental,novela sentimental,novela sentimental,novela sentimental,novela sentimental,novela sentimental
6277,subgenre-theme,novela sentimental,novela de costumbres,2000,word,tfidf,7,nh0089,novela sentimental,novela sentimental,novela sentimental,novela sentimental,novela sentimental,novela sentimental,novela sentimental,novela sentimental,novela sentimental,novela sentimental,novela sentimental
6278,subgenre-theme,novela sentimental,novela de costumbres,2000,word,tfidf,7,nh0090,novela de costumbres,novela de costumbres,novela de costumbres,novela de costumbres,novela de costumbres,novela de costumbres,novela de costumbres,novela de costumbres,novela de costumbres,novela de costumbres,novela de costumbres
6279,subgenre-theme,novela sentimental,novela de costumbres,2000,word,tfidf,7,nh0092,novela sentimental,novela sentimental,novela sentimental,novela sentimental,novela sentimental,novela sentimental,novela sentimental,novela sentimental,novela sentimental,novela sentimental,novela sentimental
6280,subgenre-theme,novela sentimental,novela de costumbres,2000,word,tfidf,7,nh0093,novela de costumbres,novela de costumbres,novela de costumbres,novela de costumbres,novela de costumbres,novela de costumbres,novela de costumbres,novela de costumbres,novela de costumbres,novela de costumbres,novela de costumbres
6281,subgenre-theme,novela sentimental,novela de costumbres,2000,word,tfidf,7,nh0096,novela sentimental,novela sentimental,novela sentimental,novela sentimental,novela sentimental,novela sentimental,novela sentimental,novela sentimental,novela sentimental,novela sentimental,novela sentimental
6282,subgenre-theme,novela sentimental,novela de costumbres,2000,word,tfidf,7,nh0098,novela sentimental,novela sentimental,novela sentimental,novela sentimental,novela sentimental,novela sentimental,novela sentimental,novela sentimental,novela sentimental,novela sentimental,novela sentimental
6283,subgenre-theme,novela sentimental,novela de costumbres,2000,word,tfidf,7,nh0099,novela sentimental,novela sentimental,novela sentimental,novela sentimental,novela de costumbres,novela sentimental,novela sentimental,novela sentimental,novela sentimental,novela sentimental,novela sentimental
6284,subgenre-theme,novela sentimental,novela de costumbres,2000,word,tfidf,7,nh0101,novela de costumbres,novela de costumbres,novela de costumbres,novela de costumbres,novela de costumbres,novela de costumbres,novela de costumbres,novela de costumbres,novela de costumbres,novela de costumbres,novela de costumbres
6285,subgenre-theme,novela sentimental,novela de costumbres,2000,word,tfidf,7,nh0102,novela sentimental,novela sentimental,novela sentimental,novela sentimental,novela de costumbres,novela sentimental,novela sentimental,novela sentimental,novela sentimental,novela sentimental,novela sentimental
6286,subgenre-theme,novela sentimental,novela de costumbres,2000,word,tfidf,7,nh0104,novela sentimental,novela sentimental,novela sentimental,novela sentimental,novela sentimental,novela sentimental,novela sentimental,novela sentimental,novela sentimental,novela sentimental,novela sentimental
6287,subgenre-theme,novela sentimental,novela de costumbres,2000,word,tfidf,7,nh0105,novela de costumbres,novela de costumbres,novela de costumbres,novela de costumbres,novela de costumbres,novela de costumbres,novela de costumbres,novela de costumbres,novela de costumbres,novela de costumbres,novela de costumbres
6288,subgenre-theme,novela sentimental,novela de costumbres,2000,word,tfidf,7,nh0118,novela de costumbres,novela de costumbres,novela de costumbres,novela de costumbres,novela de costumbres,novela de costumbres,novela de costumbres,novela de costumbres,novela de costumbres,novela de costumbres,novela de costumbres
6289,subgenre-theme,novela sentimental,novela de costumbres,2000,word,tfidf,7,nh0119,novela sentimental,novela sentimental,novela sentimental,novela sentimental,novela sentimental,novela sentimental,novela sentimental,novela sentimental,novela sentimental,novela sentimental,novela sentimental
6290,subgenre-theme,novela sentimental,novela de costumbres,2000,word,tfidf,7,nh0120,novela de costumbres,novela de costumbres,novela de costumbres,novela de costumbres,novela de costumbres,novela de costumbres,novela de costumbres,novela de costumbres,novela de costumbres,novela de costumbres,novela de costumbres
6291,subgenre-theme,novela sentimental,novela de costumbres,2000,word,tfidf,7,nh0123,novela sentimental,novela sentimental,novela sentimental,novela sentimental,novela sentimental,novela de costumbres,novela sentimental,novela sentimental,novela sentimental,novela sentimental,novela sentimental
6292,subgenre-theme,novela sentimental,novela de costumbres,2000,word,tfidf,7,nh0129,novela de costumbres,novela de costumbres,novela de costumbres,novela de costumbres,novela de costumbres,novela de costumbres,novela de costumbres,novela de costumbres,novela de costumbres,novela de costumbres,novela de costumbres
6293,subgenre-theme,novela sentimental,novela de costumbres,2000,word,tfidf,7,nh0130,novela sentimental,novela sentimental,novela sentimental,novela sentimental,novela sentimental,novela de costumbres,novela sentimental,novela sentimental,novela sentimental,novela sentimental,novela sentimental
6294,subgenre-theme,novela sentimental,novela de costumbres,2000,word,tfidf,7,nh0131,novela de costumbres,novela de costumbres,novela de costumbres,novela de costumbres,novela de costumbres,novela de costumbres,novela de costumbres,novela de costumbres,novela de costumbres,novela de costumbres,novela de costumbres
6295,subgenre-theme,novela sentimental,novela de costumbres,2000,word,tfidf,7,nh0132,novela sentimental,novela sentimental,novela sentimental,novela sentimental,novela sentimental,novela de costumbres,novela sentimental,novela sentimental,novela sentimental,novela sentimental,novela sentimental
6296,subgenre-theme,novela sentimental,novela de costumbres,2000,word,tfidf,7,nh0133,novela de costumbres,novela de costumbres,novela de costumbres,novela de costumbres,novela de costumbres,novela de costumbres,novela de costumbres,novela de costumbres,novela de costumbres,novela de costumbres,novela de costumbres
6297,subgenre-theme,novela sentimental,novela de costumbres,2000,word,tfidf,7,nh0135,novela de costumbres,novela de costumbres,novela de costumbres,novela de costumbres,novela de costumbres,novela de costumbres,novela de costumbres,novela sentimental,novela de costumbres,novela de costumbres,novela de costumbres
6298,subgenre-theme,novela sentimental,novela de costumbres,2000,word,tfidf,7,nh0136,novela sentimental,novela sentimental,novela sentimental,novela sentimental,novela sentimental,novela sentimental,novela sentimental,novela sentimental,novela sentimental,novela sentimental,novela sentimental
6299,subgenre-theme,novela sentimental,novela de costumbres,2000,word,tfidf,7,nh0137,novela de costumbres,novela de costumbres,novela de costumbres,novela de costumbres,novela de costumbres,novela de costumbres,novela de costumbres,novela de costumbres,novela de costumbres,novela de costumbres,novela de costumbres
6300,subgenre-theme,novela sentimental,novela de costumbres,2000,word,tfidf,7,nh0138,novela de costumbres,novela de costumbres,novela de costumbres,novela de costumbres,novela de costumbres,novela de costumbres,novela de costumbres,novela de costumbres,novela de costumbres,novela de costumbres,novela de costumbres
6301,subgenre-theme,novela sentimental,novela de costumbres,2000,word,tfidf,7,nh0140,novela sentimental,novela sentimental,novela sentimental,novela sentimental,novela sentimental,novela sentimental,novela sentimental,novela sentimental,novela sentimental,novela sentimental,novela sentimental
6302,subgenre-theme,novela sentimental,novela de costumbres,2000,word,tfidf,7,nh0141,novela de costumbres,novela de costumbres,novela de costumbres,novela de costumbres,novela de costumbres,novela de costumbres,novela de costumbres,novela de costumbres,novela de costumbres,novela de costumbres,novela de costumbres
6303,subgenre-theme,novela sentimental,novela de costumbres,2000,word,tfidf,7,nh0144,novela de costumbres,novela de costumbres,novela de costumbres,novela de costumbres,novela de costumbres,novela de costumbres,novela de costumbres,novela de costumbres,novela de costumbres,novela de costumbres,novela de costumbres
6304,subgenre-theme,novela sentimental,novela de costumbres,2000,word,tfidf,7,nh0145,novela sentimental,novela sentimental,novela sentimental,novela sentimental,novela sentimental,novela sentimental,novela de costumbres,novela sentimental,novela sentimental,novela sentimental,novela sentimental
6305,subgenre-theme,novela sentimental,novela de costumbres,2000,word,tfidf,7,nh0146,novela sentimental,novela sentimental,novela sentimental,novela sentimental,novela sentimental,novela sentimental,novela sentimental,novela sentimental,novela sentimental,novela sentimental,novela sentimental
6306,subgenre-theme,novela sentimental,novela de costumbres,2000,word,tfidf,7,nh0147,novela de costumbres,novela de costumbres,novela de costumbres,novela de costumbres,novela de costumbres,novela de costumbres,novela de costumbres,novela de costumbres,novela de costumbres,novela de costumbres,novela de costumbres
6307,subgenre-theme,novela sentimental,novela de costumbres,2000,word,tfidf,7,nh0151,novela sentimental,novela sentimental,novela sentimental,novela sentimental,novela sentimental,novela sentimental,novela sentimental,novela sentimental,novela sentimental,novela sentimental,novela sentimental
6308,subgenre-theme,novela sentimental,novela de costumbres,2000,word,tfidf,7,nh0154,novela sentimental,novela sentimental,novela sentimental,novela sentimental,novela sentimental,novela sentimental,novela sentimental,novela sentimental,novela sentimental,novela sentimental,novela sentimental
6309,subgenre-theme,novela sentimental,novela de costumbres,2000,word,tfidf,7,nh0156,novela sentimental,novela sentimental,novela sentimental,novela sentimental,novela sentimental,novela sentimental,novela sentimental,novela sentimental,novela sentimental,novela sentimental,novela sentimental
6310,subgenre-theme,novela sentimental,novela de costumbres,2000,word,tfidf,7,nh0162,novela sentimental,novela sentimental,novela sentimental,novela sentimental,novela sentimental,novela sentimental,novela sentimental,novela de costumbres,novela sentimental,novela sentimental,novela sentimental
6311,subgenre-theme,novela sentimental,novela de costumbres,2000,word,tfidf,7,nh0164,novela de costumbres,novela de costumbres,novela de costumbres,novela de costumbres,novela de costumbres,novela de costumbres,novela de costumbres,novela de costumbres,novela sentimental,novela de costumbres,novela de costumbres
6312,subgenre-theme,novela sentimental,novela de costumbres,2000,word,tfidf,7,nh0172,novela de costumbres,novela de costumbres,novela de costumbres,novela de costumbres,novela de costumbres,novela de costumbres,novela de costumbres,novela de costumbres,novela sentimental,novela de costumbres,novela de costumbres
6313,subgenre-theme,novela sentimental,novela de costumbres,2000,word,tfidf,7,nh0179,novela de costumbres,novela de costumbres,novela de costumbres,novela de costumbres,novela de costumbres,novela de costumbres,novela de costumbres,novela de costumbres,novela de costumbres,novela de costumbres,novela de costumbres
6314,subgenre-theme,novela sentimental,novela de costumbres,2000,word,tfidf,7,nh0183,novela sentimental,novela sentimental,novela sentimental,novela sentimental,novela sentimental,novela sentimental,novela sentimental,novela sentimental,novela sentimental,novela sentimental,novela sentimental
6315,subgenre-theme,novela sentimental,novela de costumbres,2000,word,tfidf,7,nh0187,novela sentimental,novela sentimental,novela sentimental,novela sentimental,novela sentimental,novela sentimental,novela sentimental,novela de costumbres,novela sentimental,novela sentimental,novela sentimental
6316,subgenre-theme,novela sentimental,novela de costumbres,2000,word,tfidf,7,nh0188,novela sentimental,novela sentimental,novela sentimental,novela sentimental,novela sentimental,novela sentimental,novela sentimental,novela sentimental,novela sentimental,novela sentimental,novela sentimental
6317,subgenre-theme,novela sentimental,novela de costumbres,2000,word,tfidf,7,nh0195,novela sentimental,novela sentimental,novela sentimental,novela sentimental,novela sentimental,novela sentimental,novela sentimental,novela sentimental,novela sentimental,novela sentimental,novela sentimental
6318,subgenre-theme,novela sentimental,novela de costumbres,2000,word,tfidf,7,nh0197,novela de costumbres,novela de costumbres,novela de costumbres,novela de costumbres,novela de costumbres,novela de costumbres,novela de costumbres,novela de costumbres,novela de costumbres,novela de costumbres,novela de costumbres
6319,subgenre-theme,novela sentimental,novela de costumbres,2000,word,tfidf,7,nh0199,novela de costumbres,novela de costumbres,novela de costumbres,novela de costumbres,novela de costumbres,novela de costumbres,novela de costumbres,novela de costumbres,novela de costumbres,novela de costumbres,novela de costumbres
6320,subgenre-theme,novela sentimental,novela de costumbres,2000,word,tfidf,7,nh0202,novela sentimental,novela sentimental,novela sentimental,novela sentimental,novela sentimental,novela sentimental,novela sentimental,novela sentimental,novela de costumbres,novela sentimental,novela sentimental
6321,subgenre-theme,novela sentimental,novela de costumbres,2000,word,tfidf,7,nh0207,novela sentimental,novela sentimental,novela sentimental,novela sentimental,novela sentimental,novela sentimental,novela sentimental,novela sentimental,novela sentimental,novela sentimental,novela sentimental
6322,subgenre-theme,novela sentimental,novela de costumbres,2000,word,tfidf,7,nh0213,novela de costumbres,novela de costumbres,novela de costumbres,novela de costumbres,novela de costumbres,novela de costumbres,novela de costumbres,novela de costumbres,novela de costumbres,novela de costumbres,novela de costumbres
6323,subgenre-theme,novela sentimental,novela de costumbres,2000,word,tfidf,7,nh0214,novela de costumbres,novela de costumbres,novela de costumbres,novela de costumbres,novela de costumbres,novela de costumbres,novela de costumbres,novela de costumbres,novela de costumbres,novela de costumbres,novela de costumbres
6324,subgenre-theme,novela sentimental,novela de costumbres,2000,word,tfidf,7,nh0216,novela sentimental,novela sentimental,novela sentimental,novela sentimental,novela sentimental,novela sentimental,novela sentimental,novela sentimental,novela sentimental,novela sentimental,novela sentimental
6325,subgenre-theme,novela sentimental,novela de costumbres,2000,word,tfidf,7,nh0217,novela de costumbres,novela de costumbres,novela de costumbres,novela de costumbres,novela de costumbres,novela de costumbres,novela de costumbres,novela de costumbres,novela de costumbres,novela de costumbres,novela de costumbres
6326,subgenre-theme,novela sentimental,novela de costumbres,2000,word,tfidf,7,nh0218,novela sentimental,novela sentimental,novela sentimental,novela sentimental,novela sentimental,novela sentimental,novela sentimental,novela sentimental,novela sentimental,novela sentimental,novela sentimental
6327,subgenre-theme,novela sentimental,novela de costumbres,2000,word,tfidf,7,nh0220,novela de costumbres,novela de costumbres,novela de costumbres,novela de costumbres,novela de costumbres,novela de costumbres,novela de costumbres,novela de costumbres,novela de costumbres,novela de costumbres,novela sentimental
6328,subgenre-theme,novela sentimental,novela de costumbres,2000,word,tfidf,7,nh0228,novela sentimental,novela sentimental,novela sentimental,novela sentimental,novela sentimental,novela sentimental,novela sentimental,novela sentimental,novela sentimental,novela de costumbres,novela sentimental
6329,subgenre-theme,novela sentimental,novela de costumbres,2000,word,tfidf,7,nh0230,novela sentimental,novela sentimental,novela sentimental,novela sentimental,novela sentimental,novela sentimental,novela sentimental,novela sentimental,novela sentimental,novela de costumbres,novela sentimental
6330,subgenre-theme,novela sentimental,novela de costumbres,2000,word,tfidf,7,nh0233,novela sentimental,novela sentimental,novela sentimental,novela sentimental,novela sentimental,novela sentimental,novela sentimental,novela sentimental,novela sentimental,novela de costumbres,novela sentimental
6331,subgenre-theme,novela sentimental,novela de costumbres,2000,word,tfidf,7,nh0238,novela de costumbres,novela de costumbres,novela de costumbres,novela de costumbres,novela de costumbres,novela de costumbres,novela de costumbres,novela de costumbres,novela de costumbres,novela de costumbres,novela de costumbres
6332,subgenre-theme,novela sentimental,novela de costumbres,2000,word,tfidf,7,nh0241,novela sentimental,novela sentimental,novela sentimental,novela sentimental,novela sentimental,novela sentimental,novela sentimental,novela sentimental,novela sentimental,novela de costumbres,novela sentimental
6333,subgenre-theme,novela sentimental,novela de costumbres,2000,word,tfidf,7,nh0242,novela de costumbres,novela de costumbres,novela de costumbres,novela de costumbres,novela de costumbres,novela de costumbres,novela de costumbres,novela de costumbres,novela de costumbres,novela de costumbres,novela sentimental
6334,subgenre-theme,novela sentimental,novela de costumbres,2000,word,tfidf,7,nh0245,novela sentimental,novela sentimental,novela sentimental,novela sentimental,novela sentimental,novela sentimental,novela sentimental,novela sentimental,novela sentimental,novela sentimental,novela sentimental
6335,subgenre-theme,novela sentimental,novela de costumbres,2000,word,tfidf,7,nh0246,novela de costumbres,novela de costumbres,novela de costumbres,novela de costumbres,novela de costumbres,novela de costumbres,novela de costumbres,novela de costumbres,novela de costumbres,novela de costumbres,novela sentimental
6336,subgenre-theme,novela sentimental,novela de costumbres,2000,word,tfidf,7,nh0250,novela sentimental,novela sentimental,novela sentimental,novela sentimental,novela sentimental,novela sentimental,novela sentimental,novela sentimental,novela sentimental,novela sentimental,novela sentimental
6337,subgenre-theme,novela sentimental,novela de costumbres,2000,word,tfidf,7,nh0251,novela sentimental,novela sentimental,novela sentimental,novela sentimental,novela sentimental,novela sentimental,novela sentimental,novela sentimental,novela sentimental,novela sentimental,novela sentimental
6338,subgenre-theme,novela sentimental,novela de costumbres,2000,word,tfidf,7,nh0252,novela sentimental,novela sentimental,novela sentimental,novela sentimental,novela sentimental,novela sentimental,novela sentimental,novela sentimental,novela sentimental,novela sentimental,novela sentimental
6339,subgenre-theme,novela sentimental,novela de costumbres,2000,word,tfidf,7,nh0254,novela sentimental,novela sentimental,novela sentimental,novela sentimental,novela sentimental,novela sentimental,novela sentimental,novela sentimental,novela sentimental,novela sentimental,novela sentimental
6340,subgenre-theme,novela sentimental,novela de costumbres,2000,word,tfidf,8,nh0001,novela de costumbres,novela de costumbres,novela de costumbres,novela de costumbres,novela de costumbres,novela de costumbres,novela de costumbres,novela de costumbres,novela de costumbres,novela de costumbres,novela de costumbres
6341,subgenre-theme,novela sentimental,novela de costumbres,2000,word,tfidf,8,nh0005,novela de costumbres,novela de costumbres,novela de costumbres,novela de costumbres,novela de costumbres,novela de costumbres,novela de costumbres,novela de costumbres,novela de costumbres,novela de costumbres,novela de costumbres
6342,subgenre-theme,novela sentimental,novela de costumbres,2000,word,tfidf,8,nh0006,novela sentimental,novela sentimental,novela sentimental,novela sentimental,novela sentimental,novela sentimental,novela sentimental,novela sentimental,novela sentimental,novela sentimental,novela sentimental
6343,subgenre-theme,novela sentimental,novela de costumbres,2000,word,tfidf,8,nh0008,novela de costumbres,novela de costumbres,novela de costumbres,novela de costumbres,novela de costumbres,novela de costumbres,novela de costumbres,novela de costumbres,novela de costumbres,novela de costumbres,novela de costumbres
6344,subgenre-theme,novela sentimental,novela de costumbres,2000,word,tfidf,8,nh0010,novela de costumbres,novela de costumbres,novela de costumbres,novela de costumbres,novela de costumbres,novela de costumbres,novela de costumbres,novela de costumbres,novela de costumbres,novela de costumbres,novela de costumbres
6345,subgenre-theme,novela sentimental,novela de costumbres,2000,word,tfidf,8,nh0013,novela sentimental,novela sentimental,novela sentimental,novela sentimental,novela sentimental,novela sentimental,novela sentimental,novela sentimental,novela sentimental,novela sentimental,novela sentimental
6346,subgenre-theme,novela sentimental,novela de costumbres,2000,word,tfidf,8,nh0014,novela sentimental,novela sentimental,novela sentimental,novela sentimental,novela sentimental,novela sentimental,novela sentimental,novela sentimental,novela sentimental,novela sentimental,novela sentimental
6347,subgenre-theme,novela sentimental,novela de costumbres,2000,word,tfidf,8,nh0018,novela sentimental,novela sentimental,novela sentimental,novela sentimental,novela sentimental,novela sentimental,novela sentimental,novela sentimental,novela sentimental,novela sentimental,novela sentimental
6348,subgenre-theme,novela sentimental,novela de costumbres,2000,word,tfidf,8,nh0021,novela sentimental,novela sentimental,novela sentimental,novela sentimental,novela sentimental,novela sentimental,novela sentimental,novela sentimental,novela sentimental,novela sentimental,novela sentimental
6349,subgenre-theme,novela sentimental,novela de costumbres,2000,word,tfidf,8,nh0027,novela de costumbres,novela de costumbres,novela de costumbres,novela de costumbres,novela de costumbres,novela de costumbres,novela de costumbres,novela de costumbres,novela de costumbres,novela de costumbres,novela de costumbres
6350,subgenre-theme,novela sentimental,novela de costumbres,2000,word,tfidf,8,nh0036,novela de costumbres,novela de costumbres,novela sentimental,novela de costumbres,novela de costumbres,novela de costumbres,novela de costumbres,novela de costumbres,novela de costumbres,novela de costumbres,novela de costumbres
6351,subgenre-theme,novela sentimental,novela de costumbres,2000,word,tfidf,8,nh0039,novela de costumbres,novela de costumbres,novela de costumbres,novela de costumbres,novela de costumbres,novela de costumbres,novela de costumbres,novela de costumbres,novela de costumbres,novela de costumbres,novela de costumbres
6352,subgenre-theme,novela sentimental,novela de costumbres,2000,word,tfidf,8,nh0042,novela de costumbres,novela de costumbres,novela de costumbres,novela de costumbres,novela de costumbres,novela de costumbres,novela de costumbres,novela de costumbres,novela de costumbres,novela de costumbres,novela de costumbres
6353,subgenre-theme,novela sentimental,novela de costumbres,2000,word,tfidf,8,nh0043,novela sentimental,novela sentimental,novela sentimental,novela sentimental,novela sentimental,novela sentimental,novela sentimental,novela sentimental,novela sentimental,novela sentimental,novela sentimental
6354,subgenre-theme,novela sentimental,novela de costumbres,2000,word,tfidf,8,nh0045,novela sentimental,novela sentimental,novela de costumbres,novela sentimental,novela sentimental,novela sentimental,novela sentimental,novela sentimental,novela sentimental,novela sentimental,novela sentimental
6355,subgenre-theme,novela sentimental,novela de costumbres,2000,word,tfidf,8,nh0048,novela de costumbres,novela de costumbres,novela de costumbres,novela de costumbres,novela de costumbres,novela de costumbres,novela de costumbres,novela de costumbres,novela de costumbres,novela de costumbres,novela de costumbres
6356,subgenre-theme,novela sentimental,novela de costumbres,2000,word,tfidf,8,nh0050,novela de costumbres,novela de costumbres,novela de costumbres,novela de costumbres,novela de costumbres,novela de costumbres,novela de costumbres,novela de costumbres,novela de costumbres,novela de costumbres,novela de costumbres
6357,subgenre-theme,novela sentimental,novela de costumbres,2000,word,tfidf,8,nh0051,novela de costumbres,novela de costumbres,novela de costumbres,novela de costumbres,novela de costumbres,novela de costumbres,novela de costumbres,novela de costumbres,novela de costumbres,novela de costumbres,novela de costumbres
6358,subgenre-theme,novela sentimental,novela de costumbres,2000,word,tfidf,8,nh0057,novela de costumbres,novela de costumbres,novela de costumbres,novela de costumbres,novela de costumbres,novela de costumbres,novela de costumbres,novela de costumbres,novela de costumbres,novela de costumbres,novela de costumbres
6359,subgenre-theme,novela sentimental,novela de costumbres,2000,word,tfidf,8,nh0061,novela de costumbres,novela de costumbres,novela de costumbres,novela de costumbres,novela de costumbres,novela de costumbres,novela de costumbres,novela de costumbres,novela de costumbres,novela de costumbres,novela de costumbres
6360,subgenre-theme,novela sentimental,novela de costumbres,2000,word,tfidf,8,nh0062,novela de costumbres,novela de costumbres,novela de costumbres,novela sentimental,novela de costumbres,novela de costumbres,novela de costumbres,novela de costumbres,novela de costumbres,novela de costumbres,novela de costumbres
6361,subgenre-theme,novela sentimental,novela de costumbres,2000,word,tfidf,8,nh0063,novela de costumbres,novela de costumbres,novela de costumbres,novela de costumbres,novela de costumbres,novela de costumbres,novela de costumbres,novela de costumbres,novela de costumbres,novela de costumbres,novela de costumbres
6362,subgenre-theme,novela sentimental,novela de costumbres,2000,word,tfidf,8,nh0065,novela de costumbres,novela de costumbres,novela de costumbres,novela de costumbres,novela sentimental,novela de costumbres,novela de costumbres,novela de costumbres,novela de costumbres,novela de costumbres,novela de costumbres
6363,subgenre-theme,novela sentimental,novela de costumbres,2000,word,tfidf,8,nh0066,novela de costumbres,novela de costumbres,novela de costumbres,novela de costumbres,novela sentimental,novela de costumbres,novela de costumbres,novela de costumbres,novela de costumbres,novela de costumbres,novela de costumbres
6364,subgenre-theme,novela sentimental,novela de costumbres,2000,word,tfidf,8,nh0068,novela sentimental,novela sentimental,novela sentimental,novela sentimental,novela sentimental,novela sentimental,novela sentimental,novela sentimental,novela sentimental,novela sentimental,novela sentimental
6365,subgenre-theme,novela sentimental,novela de costumbres,2000,word,tfidf,8,nh0070,novela de costumbres,novela de costumbres,novela de costumbres,novela de costumbres,novela de costumbres,novela de costumbres,novela de costumbres,novela de costumbres,novela de costumbres,novela de costumbres,novela de costumbres
6366,subgenre-theme,novela sentimental,novela de costumbres,2000,word,tfidf,8,nh0071,novela de costumbres,novela de costumbres,novela de costumbres,novela de costumbres,novela sentimental,novela de costumbres,novela de costumbres,novela de costumbres,novela de costumbres,novela de costumbres,novela de costumbres
6367,subgenre-theme,novela sentimental,novela de costumbres,2000,word,tfidf,8,nh0073,novela de costumbres,novela de costumbres,novela de costumbres,novela de costumbres,novela sentimental,novela de costumbres,novela de costumbres,novela de costumbres,novela de costumbres,novela de costumbres,novela de costumbres
6368,subgenre-theme,novela sentimental,novela de costumbres,2000,word,tfidf,8,nh0076,novela sentimental,novela sentimental,novela de costumbres,novela sentimental,novela sentimental,novela sentimental,novela sentimental,novela sentimental,novela sentimental,novela sentimental,novela sentimental
6369,subgenre-theme,novela sentimental,novela de costumbres,2000,word,tfidf,8,nh0077,novela de costumbres,novela de costumbres,novela de costumbres,novela de costumbres,novela de costumbres,novela de costumbres,novela de costumbres,novela de costumbres,novela de costumbres,novela de costumbres,novela de costumbres
6370,subgenre-theme,novela sentimental,novela de costumbres,2000,word,tfidf,8,nh0078,novela de costumbres,novela de costumbres,novela de costumbres,novela de costumbres,novela de costumbres,novela de costumbres,novela de costumbres,novela de costumbres,novela de costumbres,novela de costumbres,novela de costumbres
6371,subgenre-theme,novela sentimental,novela de costumbres,2000,word,tfidf,8,nh0079,novela de costumbres,novela de costumbres,novela de costumbres,novela de costumbres,novela de costumbres,novela de costumbres,novela de costumbres,novela de costumbres,novela de costumbres,novela de costumbres,novela de costumbres
6372,subgenre-theme,novela sentimental,novela de costumbres,2000,word,tfidf,8,nh0082,novela sentimental,novela sentimental,novela sentimental,novela sentimental,novela sentimental,novela sentimental,novela sentimental,novela sentimental,novela sentimental,novela sentimental,novela sentimental
6373,subgenre-theme,novela sentimental,novela de costumbres,2000,word,tfidf,8,nh0087,novela sentimental,novela sentimental,novela sentimental,novela sentimental,novela sentimental,novela sentimental,novela sentimental,novela sentimental,novela sentimental,novela sentimental,novela sentimental
6374,subgenre-theme,novela sentimental,novela de costumbres,2000,word,tfidf,8,nh0089,novela sentimental,novela sentimental,novela sentimental,novela sentimental,novela sentimental,novela sentimental,novela sentimental,novela sentimental,novela sentimental,novela sentimental,novela sentimental
6375,subgenre-theme,novela sentimental,novela de costumbres,2000,word,tfidf,8,nh0090,novela de costumbres,novela de costumbres,novela de costumbres,novela de costumbres,novela de costumbres,novela de costumbres,novela de costumbres,novela de costumbres,novela de costumbres,novela de costumbres,novela de costumbres
6376,subgenre-theme,novela sentimental,novela de costumbres,2000,word,tfidf,8,nh0092,novela sentimental,novela sentimental,novela sentimental,novela sentimental,novela sentimental,novela sentimental,novela sentimental,novela sentimental,novela sentimental,novela sentimental,novela sentimental
6377,subgenre-theme,novela sentimental,novela de costumbres,2000,word,tfidf,8,nh0093,novela de costumbres,novela de costumbres,novela de costumbres,novela de costumbres,novela de costumbres,novela de costumbres,novela de costumbres,novela de costumbres,novela de costumbres,novela de costumbres,novela de costumbres
6378,subgenre-theme,novela sentimental,novela de costumbres,2000,word,tfidf,8,nh0096,novela sentimental,novela sentimental,novela sentimental,novela sentimental,novela sentimental,novela sentimental,novela sentimental,novela sentimental,novela sentimental,novela sentimental,novela sentimental
6379,subgenre-theme,novela sentimental,novela de costumbres,2000,word,tfidf,8,nh0098,novela sentimental,novela sentimental,novela sentimental,novela sentimental,novela sentimental,novela sentimental,novela sentimental,novela sentimental,novela sentimental,novela sentimental,novela sentimental
6380,subgenre-theme,novela sentimental,novela de costumbres,2000,word,tfidf,8,nh0099,novela sentimental,novela sentimental,novela sentimental,novela sentimental,novela de costumbres,novela sentimental,novela sentimental,novela sentimental,novela sentimental,novela sentimental,novela sentimental
6381,subgenre-theme,novela sentimental,novela de costumbres,2000,word,tfidf,8,nh0101,novela de costumbres,novela de costumbres,novela de costumbres,novela de costumbres,novela de costumbres,novela de costumbres,novela de costumbres,novela de costumbres,novela de costumbres,novela de costumbres,novela de costumbres
6382,subgenre-theme,novela sentimental,novela de costumbres,2000,word,tfidf,8,nh0102,novela sentimental,novela sentimental,novela sentimental,novela sentimental,novela de costumbres,novela sentimental,novela sentimental,novela sentimental,novela sentimental,novela sentimental,novela sentimental
6383,subgenre-theme,novela sentimental,novela de costumbres,2000,word,tfidf,8,nh0104,novela sentimental,novela sentimental,novela sentimental,novela sentimental,novela sentimental,novela sentimental,novela sentimental,novela sentimental,novela sentimental,novela sentimental,novela sentimental
6384,subgenre-theme,novela sentimental,novela de costumbres,2000,word,tfidf,8,nh0105,novela de costumbres,novela de costumbres,novela de costumbres,novela de costumbres,novela de costumbres,novela de costumbres,novela de costumbres,novela de costumbres,novela de costumbres,novela de costumbres,novela de costumbres
6385,subgenre-theme,novela sentimental,novela de costumbres,2000,word,tfidf,8,nh0118,novela de costumbres,novela de costumbres,novela de costumbres,novela de costumbres,novela de costumbres,novela de costumbres,novela de costumbres,novela de costumbres,novela de costumbres,novela de costumbres,novela de costumbres
6386,subgenre-theme,novela sentimental,novela de costumbres,2000,word,tfidf,8,nh0119,novela sentimental,novela sentimental,novela sentimental,novela sentimental,novela sentimental,novela sentimental,novela sentimental,novela sentimental,novela sentimental,novela sentimental,novela sentimental
6387,subgenre-theme,novela sentimental,novela de costumbres,2000,word,tfidf,8,nh0120,novela de costumbres,novela de costumbres,novela de costumbres,novela de costumbres,novela de costumbres,novela de costumbres,novela de costumbres,novela de costumbres,novela de costumbres,novela de costumbres,novela de costumbres
6388,subgenre-theme,novela sentimental,novela de costumbres,2000,word,tfidf,8,nh0123,novela sentimental,novela sentimental,novela sentimental,novela sentimental,novela de costumbres,novela sentimental,novela sentimental,novela sentimental,novela sentimental,novela sentimental,novela sentimental
6389,subgenre-theme,novela sentimental,novela de costumbres,2000,word,tfidf,8,nh0129,novela de costumbres,novela de costumbres,novela de costumbres,novela de costumbres,novela de costumbres,novela de costumbres,novela de costumbres,novela de costumbres,novela de costumbres,novela de costumbres,novela de costumbres
6390,subgenre-theme,novela sentimental,novela de costumbres,2000,word,tfidf,8,nh0130,novela sentimental,novela sentimental,novela sentimental,novela sentimental,novela sentimental,novela de costumbres,novela sentimental,novela sentimental,novela sentimental,novela sentimental,novela sentimental
6391,subgenre-theme,novela sentimental,novela de costumbres,2000,word,tfidf,8,nh0131,novela de costumbres,novela de costumbres,novela de costumbres,novela de costumbres,novela de costumbres,novela de costumbres,novela de costumbres,novela de costumbres,novela de costumbres,novela de costumbres,novela de costumbres
6392,subgenre-theme,novela sentimental,novela de costumbres,2000,word,tfidf,8,nh0132,novela sentimental,novela sentimental,novela sentimental,novela sentimental,novela sentimental,novela sentimental,novela sentimental,novela sentimental,novela sentimental,novela sentimental,novela sentimental
6393,subgenre-theme,novela sentimental,novela de costumbres,2000,word,tfidf,8,nh0133,novela de costumbres,novela de costumbres,novela de costumbres,novela de costumbres,novela de costumbres,novela de costumbres,novela de costumbres,novela de costumbres,novela de costumbres,novela de costumbres,novela de costumbres
6394,subgenre-theme,novela sentimental,novela de costumbres,2000,word,tfidf,8,nh0135,novela de costumbres,novela de costumbres,novela de costumbres,novela de costumbres,novela de costumbres,novela de costumbres,novela de costumbres,novela sentimental,novela de costumbres,novela de costumbres,novela de costumbres
6395,subgenre-theme,novela sentimental,novela de costumbres,2000,word,tfidf,8,nh0136,novela sentimental,novela sentimental,novela sentimental,novela sentimental,novela sentimental,novela sentimental,novela sentimental,novela sentimental,novela sentimental,novela sentimental,novela sentimental
6396,subgenre-theme,novela sentimental,novela de costumbres,2000,word,tfidf,8,nh0137,novela de costumbres,novela de costumbres,novela de costumbres,novela de costumbres,novela de costumbres,novela de costumbres,novela de costumbres,novela de costumbres,novela de costumbres,novela de costumbres,novela de costumbres
6397,subgenre-theme,novela sentimental,novela de costumbres,2000,word,tfidf,8,nh0138,novela de costumbres,novela de costumbres,novela de costumbres,novela de costumbres,novela de costumbres,novela de costumbres,novela de costumbres,novela de costumbres,novela de costumbres,novela de costumbres,novela de costumbres
6398,subgenre-theme,novela sentimental,novela de costumbres,2000,word,tfidf,8,nh0140,novela sentimental,novela sentimental,novela sentimental,novela sentimental,novela sentimental,novela sentimental,novela sentimental,novela sentimental,novela sentimental,novela sentimental,novela sentimental
6399,subgenre-theme,novela sentimental,novela de costumbres,2000,word,tfidf,8,nh0141,novela de costumbres,novela de costumbres,novela de costumbres,novela de costumbres,novela de costumbres,novela de costumbres,novela de costumbres,novela de costumbres,novela de costumbres,novela de costumbres,novela de costumbres
6400,subgenre-theme,novela sentimental,novela de costumbres,2000,word,tfidf,8,nh0144,novela de costumbres,novela de costumbres,novela de costumbres,novela de costumbres,novela de costumbres,novela de costumbres,novela de costumbres,novela de costumbres,novela de costumbres,novela de costumbres,novela de costumbres
6401,subgenre-theme,novela sentimental,novela de costumbres,2000,word,tfidf,8,nh0145,novela sentimental,novela sentimental,novela sentimental,novela sentimental,novela sentimental,novela de costumbres,novela sentimental,novela sentimental,novela sentimental,novela sentimental,novela sentimental
6402,subgenre-theme,novela sentimental,novela de costumbres,2000,word,tfidf,8,nh0146,novela sentimental,novela sentimental,novela sentimental,novela sentimental,novela sentimental,novela sentimental,novela sentimental,novela sentimental,novela sentimental,novela sentimental,novela sentimental
6403,subgenre-theme,novela sentimental,novela de costumbres,2000,word,tfidf,8,nh0147,novela de costumbres,novela de costumbres,novela de costumbres,novela de costumbres,novela de costumbres,novela de costumbres,novela de costumbres,novela de costumbres,novela de costumbres,novela de costumbres,novela de costumbres
6404,subgenre-theme,novela sentimental,novela de costumbres,2000,word,tfidf,8,nh0151,novela sentimental,novela sentimental,novela sentimental,novela sentimental,novela sentimental,novela sentimental,novela sentimental,novela sentimental,novela sentimental,novela sentimental,novela sentimental
6405,subgenre-theme,novela sentimental,novela de costumbres,2000,word,tfidf,8,nh0154,novela sentimental,novela sentimental,novela sentimental,novela sentimental,novela sentimental,novela sentimental,novela sentimental,novela sentimental,novela sentimental,novela sentimental,novela sentimental
6406,subgenre-theme,novela sentimental,novela de costumbres,2000,word,tfidf,8,nh0156,novela sentimental,novela sentimental,novela sentimental,novela sentimental,novela sentimental,novela sentimental,novela sentimental,novela sentimental,novela sentimental,novela sentimental,novela sentimental
6407,subgenre-theme,novela sentimental,novela de costumbres,2000,word,tfidf,8,nh0162,novela sentimental,novela sentimental,novela sentimental,novela sentimental,novela sentimental,novela sentimental,novela de costumbres,novela sentimental,novela sentimental,novela sentimental,novela sentimental
6408,subgenre-theme,novela sentimental,novela de costumbres,2000,word,tfidf,8,nh0164,novela de costumbres,novela de costumbres,novela de costumbres,novela de costumbres,novela de costumbres,novela de costumbres,novela de costumbres,novela de costumbres,novela sentimental,novela de costumbres,novela de costumbres
6409,subgenre-theme,novela sentimental,novela de costumbres,2000,word,tfidf,8,nh0171,novela sentimental,novela sentimental,novela sentimental,novela sentimental,novela sentimental,novela sentimental,novela sentimental,novela sentimental,novela sentimental,novela sentimental,novela sentimental
6410,subgenre-theme,novela sentimental,novela de costumbres,2000,word,tfidf,8,nh0172,novela de costumbres,novela de costumbres,novela de costumbres,novela de costumbres,novela de costumbres,novela de costumbres,novela de costumbres,novela de costumbres,novela sentimental,novela de costumbres,novela de costumbres
6411,subgenre-theme,novela sentimental,novela de costumbres,2000,word,tfidf,8,nh0179,novela de costumbres,novela de costumbres,novela de costumbres,novela de costumbres,novela de costumbres,novela de costumbres,novela de costumbres,novela de costumbres,novela de costumbres,novela de costumbres,novela de costumbres
6412,subgenre-theme,novela sentimental,novela de costumbres,2000,word,tfidf,8,nh0183,novela sentimental,novela sentimental,novela sentimental,novela sentimental,novela sentimental,novela sentimental,novela sentimental,novela sentimental,novela sentimental,novela sentimental,novela sentimental
6413,subgenre-theme,novela sentimental,novela de costumbres,2000,word,tfidf,8,nh0187,novela sentimental,novela sentimental,novela sentimental,novela sentimental,novela sentimental,novela sentimental,novela sentimental,novela sentimental,novela sentimental,novela sentimental,novela sentimental
6414,subgenre-theme,novela sentimental,novela de costumbres,2000,word,tfidf,8,nh0188,novela sentimental,novela sentimental,novela sentimental,novela sentimental,novela sentimental,novela sentimental,novela sentimental,novela de costumbres,novela sentimental,novela sentimental,novela sentimental
6415,subgenre-theme,novela sentimental,novela de costumbres,2000,word,tfidf,8,nh0195,novela sentimental,novela sentimental,novela sentimental,novela sentimental,novela sentimental,novela sentimental,novela sentimental,novela sentimental,novela sentimental,novela sentimental,novela sentimental
6416,subgenre-theme,novela sentimental,novela de costumbres,2000,word,tfidf,8,nh0197,novela de costumbres,novela de costumbres,novela de costumbres,novela de costumbres,novela de costumbres,novela de costumbres,novela de costumbres,novela de costumbres,novela de costumbres,novela de costumbres,novela de costumbres
6417,subgenre-theme,novela sentimental,novela de costumbres,2000,word,tfidf,8,nh0199,novela de costumbres,novela de costumbres,novela de costumbres,novela de costumbres,novela de costumbres,novela de costumbres,novela de costumbres,novela de costumbres,novela de costumbres,novela de costumbres,novela de costumbres
6418,subgenre-theme,novela sentimental,novela de costumbres,2000,word,tfidf,8,nh0202,novela sentimental,novela sentimental,novela sentimental,novela sentimental,novela sentimental,novela sentimental,novela sentimental,novela sentimental,novela de costumbres,novela sentimental,novela sentimental
6419,subgenre-theme,novela sentimental,novela de costumbres,2000,word,tfidf,8,nh0207,novela sentimental,novela sentimental,novela sentimental,novela sentimental,novela sentimental,novela sentimental,novela sentimental,novela sentimental,novela sentimental,novela sentimental,novela sentimental
6420,subgenre-theme,novela sentimental,novela de costumbres,2000,word,tfidf,8,nh0209,novela sentimental,novela sentimental,novela sentimental,novela sentimental,novela sentimental,novela sentimental,novela sentimental,novela sentimental,novela sentimental,novela sentimental,novela sentimental
6421,subgenre-theme,novela sentimental,novela de costumbres,2000,word,tfidf,8,nh0213,novela de costumbres,novela de costumbres,novela de costumbres,novela de costumbres,novela de costumbres,novela de costumbres,novela de costumbres,novela de costumbres,novela de costumbres,novela de costumbres,novela de costumbres
6422,subgenre-theme,novela sentimental,novela de costumbres,2000,word,tfidf,8,nh0214,novela de costumbres,novela de costumbres,novela de costumbres,novela de costumbres,novela de costumbres,novela de costumbres,novela de costumbres,novela de costumbres,novela de costumbres,novela de costumbres,novela de costumbres
6423,subgenre-theme,novela sentimental,novela de costumbres,2000,word,tfidf,8,nh0216,novela sentimental,novela sentimental,novela sentimental,novela sentimental,novela sentimental,novela sentimental,novela sentimental,novela sentimental,novela sentimental,novela sentimental,novela sentimental
6424,subgenre-theme,novela sentimental,novela de costumbres,2000,word,tfidf,8,nh0217,novela de costumbres,novela de costumbres,novela de costumbres,novela de costumbres,novela de costumbres,novela de costumbres,novela de costumbres,novela de costumbres,novela de costumbres,novela de costumbres,novela de costumbres
6425,subgenre-theme,novela sentimental,novela de costumbres,2000,word,tfidf,8,nh0218,novela sentimental,novela sentimental,novela sentimental,novela sentimental,novela sentimental,novela sentimental,novela sentimental,novela sentimental,novela sentimental,novela sentimental,novela sentimental
6426,subgenre-theme,novela sentimental,novela de costumbres,2000,word,tfidf,8,nh0219,novela sentimental,novela sentimental,novela sentimental,novela sentimental,novela sentimental,novela sentimental,novela sentimental,novela sentimental,novela sentimental,novela de costumbres,novela sentimental
6427,subgenre-theme,novela sentimental,novela de costumbres,2000,word,tfidf,8,nh0220,novela de costumbres,novela de costumbres,novela de costumbres,novela de costumbres,novela de costumbres,novela de costumbres,novela de costumbres,novela de costumbres,novela de costumbres,novela de costumbres,novela sentimental
6428,subgenre-theme,novela sentimental,novela de costumbres,2000,word,tfidf,8,nh0228,novela sentimental,novela sentimental,novela sentimental,novela sentimental,novela sentimental,novela sentimental,novela sentimental,novela sentimental,novela sentimental,novela de costumbres,novela sentimental
6429,subgenre-theme,novela sentimental,novela de costumbres,2000,word,tfidf,8,nh0230,novela sentimental,novela sentimental,novela sentimental,novela sentimental,novela sentimental,novela sentimental,novela sentimental,novela sentimental,novela sentimental,novela de costumbres,novela sentimental
6430,subgenre-theme,novela sentimental,novela de costumbres,2000,word,tfidf,8,nh0233,novela sentimental,novela sentimental,novela sentimental,novela sentimental,novela sentimental,novela sentimental,novela sentimental,novela sentimental,novela sentimental,novela de costumbres,novela sentimental
6431,subgenre-theme,novela sentimental,novela de costumbres,2000,word,tfidf,8,nh0237,novela sentimental,novela sentimental,novela sentimental,novela sentimental,novela sentimental,novela sentimental,novela sentimental,novela sentimental,novela sentimental,novela sentimental,novela sentimental
6432,subgenre-theme,novela sentimental,novela de costumbres,2000,word,tfidf,8,nh0238,novela de costumbres,novela de costumbres,novela de costumbres,novela de costumbres,novela de costumbres,novela de costumbres,novela de costumbres,novela de costumbres,novela de costumbres,novela de costumbres,novela sentimental
6433,subgenre-theme,novela sentimental,novela de costumbres,2000,word,tfidf,8,nh0241,novela sentimental,novela sentimental,novela sentimental,novela sentimental,novela sentimental,novela sentimental,novela sentimental,novela sentimental,novela sentimental,novela sentimental,novela sentimental
6434,subgenre-theme,novela sentimental,novela de costumbres,2000,word,tfidf,8,nh0242,novela de costumbres,novela de costumbres,novela de costumbres,novela de costumbres,novela de costumbres,novela de costumbres,novela de costumbres,novela de costumbres,novela de costumbres,novela de costumbres,novela sentimental
6435,subgenre-theme,novela sentimental,novela de costumbres,2000,word,tfidf,8,nh0245,novela sentimental,novela sentimental,novela sentimental,novela sentimental,novela sentimental,novela sentimental,novela sentimental,novela sentimental,novela sentimental,novela sentimental,novela sentimental
6436,subgenre-theme,novela sentimental,novela de costumbres,2000,word,tfidf,8,nh0246,novela de costumbres,novela de costumbres,novela de costumbres,novela de costumbres,novela de costumbres,novela de costumbres,novela de costumbres,novela de costumbres,novela de costumbres,novela de costumbres,novela sentimental
6437,subgenre-theme,novela sentimental,novela de costumbres,2000,word,tfidf,8,nh0250,novela sentimental,novela sentimental,novela sentimental,novela sentimental,novela sentimental,novela sentimental,novela sentimental,novela sentimental,novela sentimental,novela sentimental,novela sentimental
6438,subgenre-theme,novela sentimental,novela de costumbres,2000,word,tfidf,8,nh0252,novela sentimental,novela sentimental,novela sentimental,novela sentimental,novela sentimental,novela sentimental,novela sentimental,novela sentimental,novela sentimental,novela sentimental,novela sentimental
6439,subgenre-theme,novela sentimental,novela de costumbres,2000,word,tfidf,8,nh0254,novela sentimental,novela sentimental,novela sentimental,novela sentimental,novela sentimental,novela sentimental,novela sentimental,novela sentimental,novela sentimental,novela sentimental,novela sentimental
6440,subgenre-theme,novela sentimental,novela de costumbres,2000,word,tfidf,9,nh0001,novela de costumbres,novela de costumbres,novela de costumbres,novela de costumbres,novela de costumbres,novela de costumbres,novela de costumbres,novela de costumbres,novela de costumbres,novela de costumbres,novela de costumbres
6441,subgenre-theme,novela sentimental,novela de costumbres,2000,word,tfidf,9,nh0005,novela de costumbres,novela de costumbres,novela de costumbres,novela de costumbres,novela de costumbres,novela de costumbres,novela de costumbres,novela de costumbres,novela de costumbres,novela de costumbres,novela de costumbres
6442,subgenre-theme,novela sentimental,novela de costumbres,2000,word,tfidf,9,nh0006,novela sentimental,novela sentimental,novela sentimental,novela sentimental,novela sentimental,novela sentimental,novela sentimental,novela sentimental,novela sentimental,novela sentimental,novela sentimental
6443,subgenre-theme,novela sentimental,novela de costumbres,2000,word,tfidf,9,nh0008,novela de costumbres,novela de costumbres,novela de costumbres,novela de costumbres,novela de costumbres,novela de costumbres,novela de costumbres,novela de costumbres,novela de costumbres,novela de costumbres,novela de costumbres
6444,subgenre-theme,novela sentimental,novela de costumbres,2000,word,tfidf,9,nh0010,novela de costumbres,novela de costumbres,novela de costumbres,novela de costumbres,novela de costumbres,novela de costumbres,novela de costumbres,novela de costumbres,novela de costumbres,novela de costumbres,novela de costumbres
6445,subgenre-theme,novela sentimental,novela de costumbres,2000,word,tfidf,9,nh0013,novela sentimental,novela sentimental,novela sentimental,novela sentimental,novela sentimental,novela sentimental,novela sentimental,novela sentimental,novela sentimental,novela sentimental,novela sentimental
6446,subgenre-theme,novela sentimental,novela de costumbres,2000,word,tfidf,9,nh0014,novela sentimental,novela sentimental,novela sentimental,novela sentimental,novela sentimental,novela sentimental,novela sentimental,novela sentimental,novela sentimental,novela sentimental,novela sentimental
6447,subgenre-theme,novela sentimental,novela de costumbres,2000,word,tfidf,9,nh0018,novela sentimental,novela sentimental,novela sentimental,novela sentimental,novela sentimental,novela sentimental,novela sentimental,novela sentimental,novela sentimental,novela sentimental,novela sentimental
6448,subgenre-theme,novela sentimental,novela de costumbres,2000,word,tfidf,9,nh0021,novela sentimental,novela sentimental,novela sentimental,novela sentimental,novela sentimental,novela sentimental,novela sentimental,novela sentimental,novela sentimental,novela sentimental,novela sentimental
6449,subgenre-theme,novela sentimental,novela de costumbres,2000,word,tfidf,9,nh0027,novela de costumbres,novela de costumbres,novela de costumbres,novela de costumbres,novela de costumbres,novela de costumbres,novela de costumbres,novela de costumbres,novela de costumbres,novela de costumbres,novela de costumbres
6450,subgenre-theme,novela sentimental,novela de costumbres,2000,word,tfidf,9,nh0034,novela sentimental,novela sentimental,novela de costumbres,novela sentimental,novela sentimental,novela sentimental,novela sentimental,novela sentimental,novela sentimental,novela sentimental,novela sentimental
6451,subgenre-theme,novela sentimental,novela de costumbres,2000,word,tfidf,9,nh0036,novela de costumbres,novela de costumbres,novela sentimental,novela de costumbres,novela de costumbres,novela de costumbres,novela de costumbres,novela de costumbres,novela de costumbres,novela de costumbres,novela de costumbres
6452,subgenre-theme,novela sentimental,novela de costumbres,2000,word,tfidf,9,nh0039,novela de costumbres,novela de costumbres,novela de costumbres,novela de costumbres,novela de costumbres,novela de costumbres,novela de costumbres,novela de costumbres,novela de costumbres,novela de costumbres,novela de costumbres
6453,subgenre-theme,novela sentimental,novela de costumbres,2000,word,tfidf,9,nh0042,novela de costumbres,novela de costumbres,novela de costumbres,novela de costumbres,novela de costumbres,novela de costumbres,novela de costumbres,novela de costumbres,novela de costumbres,novela de costumbres,novela de costumbres
6454,subgenre-theme,novela sentimental,novela de costumbres,2000,word,tfidf,9,nh0043,novela sentimental,novela sentimental,novela sentimental,novela sentimental,novela sentimental,novela sentimental,novela sentimental,novela sentimental,novela sentimental,novela sentimental,novela sentimental
6455,subgenre-theme,novela sentimental,novela de costumbres,2000,word,tfidf,9,nh0045,novela sentimental,novela sentimental,novela de costumbres,novela sentimental,novela sentimental,novela sentimental,novela sentimental,novela sentimental,novela sentimental,novela sentimental,novela sentimental
6456,subgenre-theme,novela sentimental,novela de costumbres,2000,word,tfidf,9,nh0048,novela de costumbres,novela de costumbres,novela de costumbres,novela de costumbres,novela de costumbres,novela de costumbres,novela de costumbres,novela de costumbres,novela de costumbres,novela de costumbres,novela de costumbres
6457,subgenre-theme,novela sentimental,novela de costumbres,2000,word,tfidf,9,nh0050,novela de costumbres,novela de costumbres,novela de costumbres,novela de costumbres,novela de costumbres,novela de costumbres,novela de costumbres,novela de costumbres,novela de costumbres,novela de costumbres,novela de costumbres
6458,subgenre-theme,novela sentimental,novela de costumbres,2000,word,tfidf,9,nh0051,novela de costumbres,novela de costumbres,novela de costumbres,novela de costumbres,novela de costumbres,novela de costumbres,novela de costumbres,novela de costumbres,novela de costumbres,novela de costumbres,novela de costumbres
6459,subgenre-theme,novela sentimental,novela de costumbres,2000,word,tfidf,9,nh0057,novela de costumbres,novela de costumbres,novela de costumbres,novela de costumbres,novela de costumbres,novela de costumbres,novela de costumbres,novela de costumbres,novela de costumbres,novela de costumbres,novela de costumbres
6460,subgenre-theme,novela sentimental,novela de costumbres,2000,word,tfidf,9,nh0061,novela de costumbres,novela de costumbres,novela de costumbres,novela de costumbres,novela de costumbres,novela de costumbres,novela de costumbres,novela de costumbres,novela de costumbres,novela de costumbres,novela de costumbres
6461,subgenre-theme,novela sentimental,novela de costumbres,2000,word,tfidf,9,nh0062,novela de costumbres,novela de costumbres,novela de costumbres,novela sentimental,novela de costumbres,novela de costumbres,novela de costumbres,novela de costumbres,novela de costumbres,novela de costumbres,novela de costumbres
6462,subgenre-theme,novela sentimental,novela de costumbres,2000,word,tfidf,9,nh0063,novela de costumbres,novela de costumbres,novela de costumbres,novela de costumbres,novela de costumbres,novela de costumbres,novela de costumbres,novela de costumbres,novela de costumbres,novela de costumbres,novela de costumbres
6463,subgenre-theme,novela sentimental,novela de costumbres,2000,word,tfidf,9,nh0065,novela de costumbres,novela de costumbres,novela de costumbres,novela de costumbres,novela sentimental,novela de costumbres,novela de costumbres,novela de costumbres,novela de costumbres,novela de costumbres,novela de costumbres
6464,subgenre-theme,novela sentimental,novela de costumbres,2000,word,tfidf,9,nh0066,novela de costumbres,novela de costumbres,novela de costumbres,novela de costumbres,novela de costumbres,novela de costumbres,novela de costumbres,novela de costumbres,novela de costumbres,novela de costumbres,novela de costumbres
6465,subgenre-theme,novela sentimental,novela de costumbres,2000,word,tfidf,9,nh0068,novela sentimental,novela sentimental,novela sentimental,novela sentimental,novela sentimental,novela sentimental,novela sentimental,novela sentimental,novela sentimental,novela sentimental,novela sentimental
6466,subgenre-theme,novela sentimental,novela de costumbres,2000,word,tfidf,9,nh0070,novela de costumbres,novela de costumbres,novela de costumbres,novela de costumbres,novela de costumbres,novela de costumbres,novela de costumbres,novela de costumbres,novela de costumbres,novela de costumbres,novela de costumbres
6467,subgenre-theme,novela sentimental,novela de costumbres,2000,word,tfidf,9,nh0071,novela de costumbres,novela de costumbres,novela de costumbres,novela de costumbres,novela sentimental,novela de costumbres,novela de costumbres,novela de costumbres,novela de costumbres,novela de costumbres,novela de costumbres
6468,subgenre-theme,novela sentimental,novela de costumbres,2000,word,tfidf,9,nh0072,novela sentimental,novela sentimental,novela de costumbres,novela sentimental,novela sentimental,novela sentimental,novela sentimental,novela sentimental,novela sentimental,novela sentimental,novela sentimental
6469,subgenre-theme,novela sentimental,novela de costumbres,2000,word,tfidf,9,nh0073,novela de costumbres,novela de costumbres,novela de costumbres,novela de costumbres,novela de costumbres,novela de costumbres,novela de costumbres,novela de costumbres,novela de costumbres,novela de costumbres,novela de costumbres
6470,subgenre-theme,novela sentimental,novela de costumbres,2000,word,tfidf,9,nh0077,novela de costumbres,novela de costumbres,novela de costumbres,novela de costumbres,novela de costumbres,novela de costumbres,novela de costumbres,novela de costumbres,novela de costumbres,novela de costumbres,novela de costumbres
6471,subgenre-theme,novela sentimental,novela de costumbres,2000,word,tfidf,9,nh0078,novela de costumbres,novela de costumbres,novela de costumbres,novela de costumbres,novela de costumbres,novela de costumbres,novela de costumbres,novela de costumbres,novela de costumbres,novela de costumbres,novela de costumbres
6472,subgenre-theme,novela sentimental,novela de costumbres,2000,word,tfidf,9,nh0079,novela de costumbres,novela de costumbres,novela de costumbres,novela de costumbres,novela de costumbres,novela de costumbres,novela de costumbres,novela de costumbres,novela de costumbres,novela de costumbres,novela de costumbres
6473,subgenre-theme,novela sentimental,novela de costumbres,2000,word,tfidf,9,nh0082,novela sentimental,novela sentimental,novela sentimental,novela sentimental,novela sentimental,novela sentimental,novela sentimental,novela sentimental,novela sentimental,novela sentimental,novela sentimental
6474,subgenre-theme,novela sentimental,novela de costumbres,2000,word,tfidf,9,nh0087,novela sentimental,novela sentimental,novela sentimental,novela sentimental,novela sentimental,novela sentimental,novela sentimental,novela sentimental,novela sentimental,novela sentimental,novela sentimental
6475,subgenre-theme,novela sentimental,novela de costumbres,2000,word,tfidf,9,nh0089,novela sentimental,novela sentimental,novela sentimental,novela sentimental,novela sentimental,novela sentimental,novela sentimental,novela sentimental,novela sentimental,novela sentimental,novela sentimental
6476,subgenre-theme,novela sentimental,novela de costumbres,2000,word,tfidf,9,nh0090,novela de costumbres,novela de costumbres,novela de costumbres,novela de costumbres,novela de costumbres,novela de costumbres,novela de costumbres,novela de costumbres,novela de costumbres,novela de costumbres,novela de costumbres
6477,subgenre-theme,novela sentimental,novela de costumbres,2000,word,tfidf,9,nh0092,novela sentimental,novela sentimental,novela sentimental,novela sentimental,novela sentimental,novela sentimental,novela sentimental,novela sentimental,novela sentimental,novela sentimental,novela sentimental
6478,subgenre-theme,novela sentimental,novela de costumbres,2000,word,tfidf,9,nh0093,novela de costumbres,novela de costumbres,novela de costumbres,novela de costumbres,novela de costumbres,novela de costumbres,novela de costumbres,novela de costumbres,novela de costumbres,novela de costumbres,novela de costumbres
6479,subgenre-theme,novela sentimental,novela de costumbres,2000,word,tfidf,9,nh0096,novela sentimental,novela sentimental,novela sentimental,novela sentimental,novela sentimental,novela sentimental,novela sentimental,novela sentimental,novela sentimental,novela sentimental,novela sentimental
6480,subgenre-theme,novela sentimental,novela de costumbres,2000,word,tfidf,9,nh0099,novela sentimental,novela sentimental,novela sentimental,novela sentimental,novela de costumbres,novela sentimental,novela sentimental,novela sentimental,novela sentimental,novela sentimental,novela sentimental
6481,subgenre-theme,novela sentimental,novela de costumbres,2000,word,tfidf,9,nh0101,novela de costumbres,novela de costumbres,novela de costumbres,novela de costumbres,novela de costumbres,novela de costumbres,novela de costumbres,novela de costumbres,novela de costumbres,novela de costumbres,novela de costumbres
6482,subgenre-theme,novela sentimental,novela de costumbres,2000,word,tfidf,9,nh0102,novela sentimental,novela sentimental,novela sentimental,novela sentimental,novela de costumbres,novela sentimental,novela sentimental,novela sentimental,novela sentimental,novela sentimental,novela sentimental
6483,subgenre-theme,novela sentimental,novela de costumbres,2000,word,tfidf,9,nh0104,novela sentimental,novela sentimental,novela sentimental,novela sentimental,novela sentimental,novela sentimental,novela sentimental,novela sentimental,novela sentimental,novela sentimental,novela sentimental
6484,subgenre-theme,novela sentimental,novela de costumbres,2000,word,tfidf,9,nh0105,novela de costumbres,novela de costumbres,novela de costumbres,novela de costumbres,novela de costumbres,novela de costumbres,novela de costumbres,novela de costumbres,novela de costumbres,novela de costumbres,novela de costumbres
6485,subgenre-theme,novela sentimental,novela de costumbres,2000,word,tfidf,9,nh0118,novela de costumbres,novela de costumbres,novela de costumbres,novela de costumbres,novela de costumbres,novela de costumbres,novela de costumbres,novela de costumbres,novela de costumbres,novela de costumbres,novela de costumbres
6486,subgenre-theme,novela sentimental,novela de costumbres,2000,word,tfidf,9,nh0120,novela de costumbres,novela de costumbres,novela de costumbres,novela de costumbres,novela de costumbres,novela de costumbres,novela de costumbres,novela de costumbres,novela de costumbres,novela de costumbres,novela de costumbres
6487,subgenre-theme,novela sentimental,novela de costumbres,2000,word,tfidf,9,nh0123,novela sentimental,novela sentimental,novela sentimental,novela sentimental,novela de costumbres,novela sentimental,novela sentimental,novela sentimental,novela sentimental,novela sentimental,novela sentimental
6488,subgenre-theme,novela sentimental,novela de costumbres,2000,word,tfidf,9,nh0129,novela de costumbres,novela de costumbres,novela de costumbres,novela de costumbres,novela de costumbres,novela de costumbres,novela de costumbres,novela de costumbres,novela de costumbres,novela de costumbres,novela de costumbres
6489,subgenre-theme,novela sentimental,novela de costumbres,2000,word,tfidf,9,nh0130,novela sentimental,novela sentimental,novela sentimental,novela sentimental,novela de costumbres,novela sentimental,novela sentimental,novela sentimental,novela sentimental,novela sentimental,novela sentimental
6490,subgenre-theme,novela sentimental,novela de costumbres,2000,word,tfidf,9,nh0131,novela de costumbres,novela de costumbres,novela de costumbres,novela de costumbres,novela de costumbres,novela de costumbres,novela de costumbres,novela de costumbres,novela de costumbres,novela de costumbres,novela de costumbres
6491,subgenre-theme,novela sentimental,novela de costumbres,2000,word,tfidf,9,nh0132,novela sentimental,novela sentimental,novela sentimental,novela sentimental,novela sentimental,novela sentimental,novela sentimental,novela sentimental,novela sentimental,novela sentimental,novela sentimental
6492,subgenre-theme,novela sentimental,novela de costumbres,2000,word,tfidf,9,nh0133,novela de costumbres,novela de costumbres,novela de costumbres,novela de costumbres,novela de costumbres,novela de costumbres,novela de costumbres,novela de costumbres,novela de costumbres,novela de costumbres,novela de costumbres
6493,subgenre-theme,novela sentimental,novela de costumbres,2000,word,tfidf,9,nh0135,novela de costumbres,novela de costumbres,novela de costumbres,novela de costumbres,novela de costumbres,novela de costumbres,novela de costumbres,novela sentimental,novela de costumbres,novela de costumbres,novela de costumbres
6494,subgenre-theme,novela sentimental,novela de costumbres,2000,word,tfidf,9,nh0136,novela sentimental,novela sentimental,novela sentimental,novela sentimental,novela sentimental,novela sentimental,novela sentimental,novela sentimental,novela sentimental,novela sentimental,novela sentimental
6495,subgenre-theme,novela sentimental,novela de costumbres,2000,word,tfidf,9,nh0137,novela de costumbres,novela de costumbres,novela de costumbres,novela de costumbres,novela de costumbres,novela de costumbres,novela de costumbres,novela de costumbres,novela de costumbres,novela de costumbres,novela de costumbres
6496,subgenre-theme,novela sentimental,novela de costumbres,2000,word,tfidf,9,nh0138,novela de costumbres,novela de costumbres,novela de costumbres,novela de costumbres,novela de costumbres,novela de costumbres,novela de costumbres,novela de costumbres,novela de costumbres,novela de costumbres,novela de costumbres
6497,subgenre-theme,novela sentimental,novela de costumbres,2000,word,tfidf,9,nh0140,novela sentimental,novela sentimental,novela sentimental,novela sentimental,novela sentimental,novela sentimental,novela sentimental,novela sentimental,novela sentimental,novela sentimental,novela sentimental
6498,subgenre-theme,novela sentimental,novela de costumbres,2000,word,tfidf,9,nh0141,novela de costumbres,novela de costumbres,novela de costumbres,novela de costumbres,novela de costumbres,novela de costumbres,novela de costumbres,novela de costumbres,novela de costumbres,novela de costumbres,novela de costumbres
6499,subgenre-theme,novela sentimental,novela de costumbres,2000,word,tfidf,9,nh0144,novela de costumbres,novela de costumbres,novela de costumbres,novela de costumbres,novela de costumbres,novela de costumbres,novela de costumbres,novela de costumbres,novela de costumbres,novela de costumbres,novela de costumbres
6500,subgenre-theme,novela sentimental,novela de costumbres,2000,word,tfidf,9,nh0145,novela sentimental,novela sentimental,novela sentimental,novela sentimental,novela sentimental,novela de costumbres,novela sentimental,novela sentimental,novela sentimental,novela sentimental,novela sentimental
6501,subgenre-theme,novela sentimental,novela de costumbres,2000,word,tfidf,9,nh0146,novela sentimental,novela sentimental,novela sentimental,novela sentimental,novela sentimental,novela sentimental,novela sentimental,novela sentimental,novela sentimental,novela sentimental,novela sentimental
6502,subgenre-theme,novela sentimental,novela de costumbres,2000,word,tfidf,9,nh0147,novela de costumbres,novela de costumbres,novela de costumbres,novela de costumbres,novela de costumbres,novela de costumbres,novela de costumbres,novela de costumbres,novela de costumbres,novela de costumbres,novela de costumbres
6503,subgenre-theme,novela sentimental,novela de costumbres,2000,word,tfidf,9,nh0151,novela sentimental,novela sentimental,novela sentimental,novela sentimental,novela sentimental,novela sentimental,novela sentimental,novela sentimental,novela sentimental,novela sentimental,novela sentimental
6504,subgenre-theme,novela sentimental,novela de costumbres,2000,word,tfidf,9,nh0154,novela sentimental,novela sentimental,novela sentimental,novela sentimental,novela sentimental,novela sentimental,novela sentimental,novela sentimental,novela sentimental,novela sentimental,novela sentimental
6505,subgenre-theme,novela sentimental,novela de costumbres,2000,word,tfidf,9,nh0156,novela sentimental,novela sentimental,novela sentimental,novela sentimental,novela sentimental,novela sentimental,novela sentimental,novela sentimental,novela sentimental,novela sentimental,novela sentimental
6506,subgenre-theme,novela sentimental,novela de costumbres,2000,word,tfidf,9,nh0162,novela sentimental,novela sentimental,novela sentimental,novela sentimental,novela sentimental,novela sentimental,novela de costumbres,novela sentimental,novela sentimental,novela sentimental,novela sentimental
6507,subgenre-theme,novela sentimental,novela de costumbres,2000,word,tfidf,9,nh0164,novela de costumbres,novela de costumbres,novela de costumbres,novela de costumbres,novela de costumbres,novela de costumbres,novela de costumbres,novela de costumbres,novela sentimental,novela de costumbres,novela de costumbres
6508,subgenre-theme,novela sentimental,novela de costumbres,2000,word,tfidf,9,nh0171,novela sentimental,novela sentimental,novela sentimental,novela sentimental,novela sentimental,novela sentimental,novela sentimental,novela sentimental,novela sentimental,novela sentimental,novela sentimental
6509,subgenre-theme,novela sentimental,novela de costumbres,2000,word,tfidf,9,nh0172,novela de costumbres,novela de costumbres,novela de costumbres,novela de costumbres,novela de costumbres,novela de costumbres,novela de costumbres,novela de costumbres,novela sentimental,novela de costumbres,novela de costumbres
6510,subgenre-theme,novela sentimental,novela de costumbres,2000,word,tfidf,9,nh0179,novela de costumbres,novela de costumbres,novela de costumbres,novela de costumbres,novela de costumbres,novela de costumbres,novela de costumbres,novela de costumbres,novela de costumbres,novela de costumbres,novela de costumbres
6511,subgenre-theme,novela sentimental,novela de costumbres,2000,word,tfidf,9,nh0183,novela sentimental,novela sentimental,novela sentimental,novela sentimental,novela sentimental,novela sentimental,novela sentimental,novela sentimental,novela sentimental,novela sentimental,novela sentimental
6512,subgenre-theme,novela sentimental,novela de costumbres,2000,word,tfidf,9,nh0187,novela sentimental,novela sentimental,novela sentimental,novela sentimental,novela sentimental,novela sentimental,novela sentimental,novela sentimental,novela sentimental,novela sentimental,novela sentimental
6513,subgenre-theme,novela sentimental,novela de costumbres,2000,word,tfidf,9,nh0195,novela sentimental,novela sentimental,novela sentimental,novela sentimental,novela sentimental,novela sentimental,novela sentimental,novela sentimental,novela sentimental,novela sentimental,novela sentimental
6514,subgenre-theme,novela sentimental,novela de costumbres,2000,word,tfidf,9,nh0197,novela de costumbres,novela de costumbres,novela de costumbres,novela de costumbres,novela de costumbres,novela de costumbres,novela de costumbres,novela de costumbres,novela de costumbres,novela de costumbres,novela de costumbres
6515,subgenre-theme,novela sentimental,novela de costumbres,2000,word,tfidf,9,nh0199,novela de costumbres,novela de costumbres,novela de costumbres,novela de costumbres,novela de costumbres,novela de costumbres,novela de costumbres,novela de costumbres,novela de costumbres,novela de costumbres,novela de costumbres
6516,subgenre-theme,novela sentimental,novela de costumbres,2000,word,tfidf,9,nh0202,novela sentimental,novela sentimental,novela sentimental,novela sentimental,novela sentimental,novela sentimental,novela sentimental,novela de costumbres,novela sentimental,novela sentimental,novela sentimental
6517,subgenre-theme,novela sentimental,novela de costumbres,2000,word,tfidf,9,nh0207,novela sentimental,novela sentimental,novela sentimental,novela sentimental,novela sentimental,novela sentimental,novela sentimental,novela sentimental,novela sentimental,novela sentimental,novela sentimental
6518,subgenre-theme,novela sentimental,novela de costumbres,2000,word,tfidf,9,nh0209,novela sentimental,novela sentimental,novela sentimental,novela sentimental,novela sentimental,novela sentimental,novela sentimental,novela sentimental,novela sentimental,novela sentimental,novela sentimental
6519,subgenre-theme,novela sentimental,novela de costumbres,2000,word,tfidf,9,nh0212,novela sentimental,novela sentimental,novela sentimental,novela sentimental,novela sentimental,novela sentimental,novela sentimental,novela sentimental,novela sentimental,novela sentimental,novela sentimental
6520,subgenre-theme,novela sentimental,novela de costumbres,2000,word,tfidf,9,nh0213,novela de costumbres,novela de costumbres,novela de costumbres,novela de costumbres,novela de costumbres,novela de costumbres,novela de costumbres,novela de costumbres,novela de costumbres,novela de costumbres,novela de costumbres
6521,subgenre-theme,novela sentimental,novela de costumbres,2000,word,tfidf,9,nh0214,novela de costumbres,novela de costumbres,novela de costumbres,novela de costumbres,novela de costumbres,novela de costumbres,novela de costumbres,novela de costumbres,novela de costumbres,novela de costumbres,novela de costumbres
6522,subgenre-theme,novela sentimental,novela de costumbres,2000,word,tfidf,9,nh0216,novela sentimental,novela sentimental,novela sentimental,novela sentimental,novela sentimental,novela sentimental,novela sentimental,novela sentimental,novela sentimental,novela sentimental,novela sentimental
6523,subgenre-theme,novela sentimental,novela de costumbres,2000,word,tfidf,9,nh0217,novela de costumbres,novela de costumbres,novela de costumbres,novela de costumbres,novela de costumbres,novela de costumbres,novela de costumbres,novela de costumbres,novela de costumbres,novela de costumbres,novela de costumbres
6524,subgenre-theme,novela sentimental,novela de costumbres,2000,word,tfidf,9,nh0218,novela sentimental,novela sentimental,novela sentimental,novela sentimental,novela sentimental,novela sentimental,novela sentimental,novela sentimental,novela sentimental,novela sentimental,novela sentimental
6525,subgenre-theme,novela sentimental,novela de costumbres,2000,word,tfidf,9,nh0219,novela sentimental,novela sentimental,novela sentimental,novela sentimental,novela sentimental,novela sentimental,novela sentimental,novela sentimental,novela de costumbres,novela sentimental,novela sentimental
6526,subgenre-theme,novela sentimental,novela de costumbres,2000,word,tfidf,9,nh0220,novela de costumbres,novela de costumbres,novela de costumbres,novela de costumbres,novela de costumbres,novela de costumbres,novela de costumbres,novela de costumbres,novela de costumbres,novela de costumbres,novela sentimental
6527,subgenre-theme,novela sentimental,novela de costumbres,2000,word,tfidf,9,nh0228,novela sentimental,novela sentimental,novela sentimental,novela sentimental,novela sentimental,novela sentimental,novela sentimental,novela sentimental,novela sentimental,novela de costumbres,novela sentimental
6528,subgenre-theme,novela sentimental,novela de costumbres,2000,word,tfidf,9,nh0230,novela sentimental,novela sentimental,novela sentimental,novela sentimental,novela sentimental,novela sentimental,novela sentimental,novela sentimental,novela sentimental,novela de costumbres,novela sentimental
6529,subgenre-theme,novela sentimental,novela de costumbres,2000,word,tfidf,9,nh0233,novela sentimental,novela sentimental,novela sentimental,novela sentimental,novela sentimental,novela sentimental,novela sentimental,novela sentimental,novela sentimental,novela de costumbres,novela sentimental
6530,subgenre-theme,novela sentimental,novela de costumbres,2000,word,tfidf,9,nh0237,novela sentimental,novela sentimental,novela sentimental,novela sentimental,novela sentimental,novela sentimental,novela sentimental,novela sentimental,novela sentimental,novela sentimental,novela sentimental
6531,subgenre-theme,novela sentimental,novela de costumbres,2000,word,tfidf,9,nh0238,novela de costumbres,novela de costumbres,novela de costumbres,novela de costumbres,novela de costumbres,novela de costumbres,novela de costumbres,novela de costumbres,novela de costumbres,novela de costumbres,novela de costumbres
6532,subgenre-theme,novela sentimental,novela de costumbres,2000,word,tfidf,9,nh0241,novela sentimental,novela sentimental,novela sentimental,novela sentimental,novela sentimental,novela sentimental,novela sentimental,novela sentimental,novela sentimental,novela sentimental,novela sentimental
6533,subgenre-theme,novela sentimental,novela de costumbres,2000,word,tfidf,9,nh0242,novela de costumbres,novela de costumbres,novela de costumbres,novela de costumbres,novela de costumbres,novela de costumbres,novela de costumbres,novela de costumbres,novela de costumbres,novela de costumbres,novela de costumbres
6534,subgenre-theme,novela sentimental,novela de costumbres,2000,word,tfidf,9,nh0245,novela sentimental,novela sentimental,novela sentimental,novela sentimental,novela sentimental,novela sentimental,novela sentimental,novela sentimental,novela sentimental,novela sentimental,novela sentimental
6535,subgenre-theme,novela sentimental,novela de costumbres,2000,word,tfidf,9,nh0246,novela de costumbres,novela de costumbres,novela de costumbres,novela de costumbres,novela de costumbres,novela de costumbres,novela de costumbres,novela de costumbres,novela de costumbres,novela de costumbres,novela sentimental
6536,subgenre-theme,novela sentimental,novela de costumbres,2000,word,tfidf,9,nh0250,novela sentimental,novela sentimental,novela sentimental,novela sentimental,novela sentimental,novela sentimental,novela sentimental,novela sentimental,novela sentimental,novela sentimental,novela sentimental
6537,subgenre-theme,novela sentimental,novela de costumbres,2000,word,tfidf,9,nh0251,novela sentimental,novela sentimental,novela sentimental,novela sentimental,novela sentimental,novela sentimental,novela sentimental,novela sentimental,novela sentimental,novela sentimental,novela sentimental
6538,subgenre-theme,novela sentimental,novela de costumbres,2000,word,tfidf,9,nh0252,novela sentimental,novela sentimental,novela sentimental,novela sentimental,novela sentimental,novela sentimental,novela sentimental,novela sentimental,novela sentimental,novela sentimental,novela sentimental
6539,subgenre-theme,novela sentimental,novela de costumbres,2000,word,tfidf,9,nh0254,novela sentimental,novela sentimental,novela sentimental,novela sentimental,novela sentimental,novela sentimental,novela sentimental,novela sentimental,novela sentimental,novela sentimental,novela sentimental
