,call,fit_time,score_time,test_accuracy,test_f1,test_precision,test_recall,train_accuracy,train_f1,train_precision,train_recall,subgenre_level,class1,class2,mfw,token_unit,normalization,data_repetition
0,0,0.0015850067138671875,0.005035400390625,0.8823529411764706,0.8571428571428571,1.0,0.75,1.0,1.0,1.0,1.0,subgenre-current,novela romántica,other,200,word,tf,0
1,1,0.0034008026123046875,0.010136127471923828,0.7647058823529411,0.7142857142857143,0.8333333333333334,0.625,1.0,1.0,1.0,1.0,subgenre-current,novela romántica,other,200,word,tf,0
2,2,0.0016872882843017578,0.004957914352416992,0.7647058823529411,0.7142857142857143,0.8333333333333334,0.625,1.0,1.0,1.0,1.0,subgenre-current,novela romántica,other,200,word,tf,0
3,3,0.0016529560089111328,0.005257368087768555,0.8235294117647058,0.7692307692307693,1.0,0.625,1.0,1.0,1.0,1.0,subgenre-current,novela romántica,other,200,word,tf,0
4,4,0.0016551017761230469,0.005167484283447266,0.9411764705882353,0.9333333333333333,1.0,0.875,1.0,1.0,1.0,1.0,subgenre-current,novela romántica,other,200,word,tf,0
5,5,0.0016400814056396484,0.005004405975341797,0.8823529411764706,0.8750000000000001,1.0,0.7777777777777778,1.0,1.0,1.0,1.0,subgenre-current,novela romántica,other,200,word,tf,0
6,6,0.0016255378723144531,0.005170345306396484,0.7058823529411765,0.6666666666666667,0.8333333333333334,0.5555555555555556,1.0,1.0,1.0,1.0,subgenre-current,novela romántica,other,200,word,tf,0
7,7,0.002754688262939453,0.009847402572631836,0.9411764705882353,0.9411764705882353,1.0,0.8888888888888888,1.0,1.0,1.0,1.0,subgenre-current,novela romántica,other,200,word,tf,0
8,8,0.0025146007537841797,0.006287813186645508,0.8235294117647058,0.8421052631578948,0.8,0.8888888888888888,1.0,1.0,1.0,1.0,subgenre-current,novela romántica,other,200,word,tf,0
9,9,0.0017497539520263672,0.004943132400512695,0.9411764705882353,0.9411764705882353,1.0,0.8888888888888888,1.0,1.0,1.0,1.0,subgenre-current,novela romántica,other,200,word,tf,0
10,0,0.0015952587127685547,0.004953145980834961,0.9411764705882353,0.9333333333333333,1.0,0.875,1.0,1.0,1.0,1.0,subgenre-current,novela romántica,other,200,word,tf,1
11,1,0.0016658306121826172,0.0050318241119384766,0.7058823529411765,0.6666666666666666,0.7142857142857143,0.625,1.0,1.0,1.0,1.0,subgenre-current,novela romántica,other,200,word,tf,1
12,2,0.0016224384307861328,0.005040645599365234,0.7647058823529411,0.7142857142857143,0.8333333333333334,0.625,1.0,1.0,1.0,1.0,subgenre-current,novela romántica,other,200,word,tf,1
13,3,0.0016169548034667969,0.005025386810302734,0.8823529411764706,0.8571428571428571,1.0,0.75,1.0,1.0,1.0,1.0,subgenre-current,novela romántica,other,200,word,tf,1
14,4,0.0016465187072753906,0.004917621612548828,0.8823529411764706,0.8571428571428571,1.0,0.75,1.0,1.0,1.0,1.0,subgenre-current,novela romántica,other,200,word,tf,1
15,5,0.0016372203826904297,0.004887819290161133,0.9411764705882353,0.9411764705882353,1.0,0.8888888888888888,1.0,1.0,1.0,1.0,subgenre-current,novela romántica,other,200,word,tf,1
16,6,0.0016319751739501953,0.0048999786376953125,0.5882352941176471,0.46153846153846156,0.75,0.3333333333333333,1.0,1.0,1.0,1.0,subgenre-current,novela romántica,other,200,word,tf,1
17,7,0.0016198158264160156,0.004877805709838867,0.9411764705882353,0.9411764705882353,1.0,0.8888888888888888,1.0,1.0,1.0,1.0,subgenre-current,novela romántica,other,200,word,tf,1
18,8,0.001604318618774414,0.0049669742584228516,0.8823529411764706,0.9,0.8181818181818182,1.0,1.0,1.0,1.0,1.0,subgenre-current,novela romántica,other,200,word,tf,1
19,9,0.0016391277313232422,0.005165576934814453,0.8235294117647058,0.823529411764706,0.875,0.7777777777777778,1.0,1.0,1.0,1.0,subgenre-current,novela romántica,other,200,word,tf,1
20,0,0.0016164779663085938,0.005007505416870117,0.8235294117647058,0.8,1.0,0.6666666666666666,1.0,1.0,1.0,1.0,subgenre-current,novela romántica,other,200,word,tf,2
21,1,0.0016186237335205078,0.004968881607055664,0.7058823529411765,0.6666666666666667,0.8333333333333334,0.5555555555555556,1.0,1.0,1.0,1.0,subgenre-current,novela romántica,other,200,word,tf,2
22,2,0.001621246337890625,0.004885673522949219,0.8235294117647058,0.823529411764706,0.875,0.7777777777777778,1.0,1.0,1.0,1.0,subgenre-current,novela romántica,other,200,word,tf,2
23,3,0.0016145706176757812,0.0048999786376953125,0.9411764705882353,0.9411764705882353,1.0,0.8888888888888888,1.0,1.0,1.0,1.0,subgenre-current,novela romántica,other,200,word,tf,2
24,4,0.0016105175018310547,0.004907131195068359,0.9411764705882353,0.9411764705882353,1.0,0.8888888888888888,1.0,1.0,1.0,1.0,subgenre-current,novela romántica,other,200,word,tf,2
25,5,0.001720428466796875,0.005681753158569336,0.9411764705882353,0.9333333333333333,1.0,0.875,1.0,1.0,1.0,1.0,subgenre-current,novela romántica,other,200,word,tf,2
26,6,0.001661539077758789,0.004965066909790039,0.7647058823529411,0.7142857142857143,0.8333333333333334,0.625,1.0,1.0,1.0,1.0,subgenre-current,novela romántica,other,200,word,tf,2
27,7,0.0016148090362548828,0.004884958267211914,0.8235294117647058,0.7999999999999999,0.8571428571428571,0.75,1.0,1.0,1.0,1.0,subgenre-current,novela romántica,other,200,word,tf,2
28,8,0.001615285873413086,0.004914760589599609,0.7647058823529411,0.75,0.75,0.75,1.0,1.0,1.0,1.0,subgenre-current,novela romántica,other,200,word,tf,2
29,9,0.0016138553619384766,0.00497126579284668,1.0,1.0,1.0,1.0,1.0,1.0,1.0,1.0,subgenre-current,novela romántica,other,200,word,tf,2
30,0,0.0016169548034667969,0.00496983528137207,0.8823529411764706,0.8750000000000001,1.0,0.7777777777777778,1.0,1.0,1.0,1.0,subgenre-current,novela romántica,other,200,word,tf,3
31,1,0.001619100570678711,0.004973649978637695,0.7647058823529411,0.75,0.8571428571428571,0.6666666666666666,1.0,1.0,1.0,1.0,subgenre-current,novela romántica,other,200,word,tf,3
32,2,0.0016112327575683594,0.0049669742584228516,0.7647058823529411,0.75,0.8571428571428571,0.6666666666666666,1.0,1.0,1.0,1.0,subgenre-current,novela romántica,other,200,word,tf,3
33,3,0.001626729965209961,0.004866600036621094,0.8235294117647058,0.8,1.0,0.6666666666666666,1.0,1.0,1.0,1.0,subgenre-current,novela romántica,other,200,word,tf,3
34,4,0.001621246337890625,0.004889965057373047,0.8235294117647058,0.8,1.0,0.6666666666666666,1.0,1.0,1.0,1.0,subgenre-current,novela romántica,other,200,word,tf,3
35,5,0.001613616943359375,0.004878520965576172,0.8235294117647058,0.7692307692307693,1.0,0.625,1.0,1.0,1.0,1.0,subgenre-current,novela romántica,other,200,word,tf,3
36,6,0.0016543865203857422,0.00494837760925293,0.9411764705882353,0.9333333333333333,1.0,0.875,1.0,1.0,1.0,1.0,subgenre-current,novela romántica,other,200,word,tf,3
37,7,0.0016210079193115234,0.004930019378662109,0.9411764705882353,0.9411764705882353,0.8888888888888888,1.0,1.0,1.0,1.0,1.0,subgenre-current,novela romántica,other,200,word,tf,3
38,8,0.0016336441040039062,0.004905223846435547,0.8235294117647058,0.823529411764706,0.7777777777777778,0.875,1.0,1.0,1.0,1.0,subgenre-current,novela romántica,other,200,word,tf,3
39,9,0.001628875732421875,0.00486445426940918,0.9411764705882353,0.9333333333333333,1.0,0.875,1.0,1.0,1.0,1.0,subgenre-current,novela romántica,other,200,word,tf,3
40,0,0.0016353130340576172,0.004958391189575195,0.8823529411764706,0.8750000000000001,1.0,0.7777777777777778,1.0,1.0,1.0,1.0,subgenre-current,novela romántica,other,200,word,tf,4
41,1,0.001630544662475586,0.004895925521850586,0.7058823529411765,0.6666666666666667,0.8333333333333334,0.5555555555555556,1.0,1.0,1.0,1.0,subgenre-current,novela romántica,other,200,word,tf,4
42,2,0.001657247543334961,0.00526881217956543,0.7058823529411765,0.6666666666666667,0.8333333333333334,0.5555555555555556,1.0,1.0,1.0,1.0,subgenre-current,novela romántica,other,200,word,tf,4
43,3,0.0016219615936279297,0.0049343109130859375,0.8823529411764706,0.8750000000000001,1.0,0.7777777777777778,1.0,1.0,1.0,1.0,subgenre-current,novela romántica,other,200,word,tf,4
44,4,0.0016183853149414062,0.00494837760925293,1.0,1.0,1.0,1.0,1.0,1.0,1.0,1.0,subgenre-current,novela romántica,other,200,word,tf,4
45,5,0.0016224384307861328,0.004901885986328125,0.8823529411764706,0.8571428571428571,1.0,0.75,1.0,1.0,1.0,1.0,subgenre-current,novela romántica,other,200,word,tf,4
46,6,0.001611948013305664,0.004874467849731445,0.7647058823529411,0.6666666666666666,1.0,0.5,1.0,1.0,1.0,1.0,subgenre-current,novela romántica,other,200,word,tf,4
47,7,0.0016455650329589844,0.004950284957885742,0.8823529411764706,0.875,0.875,0.875,1.0,1.0,1.0,1.0,subgenre-current,novela romántica,other,200,word,tf,4
48,8,0.0016467571258544922,0.004945516586303711,0.7647058823529411,0.75,0.75,0.75,1.0,1.0,1.0,1.0,subgenre-current,novela romántica,other,200,word,tf,4
49,9,0.0016410350799560547,0.0049571990966796875,0.8823529411764706,0.875,0.875,0.875,1.0,1.0,1.0,1.0,subgenre-current,novela romántica,other,200,word,tf,4
50,0,0.001592874526977539,0.005088090896606445,0.7647058823529411,0.7142857142857143,1.0,0.5555555555555556,1.0,1.0,1.0,1.0,subgenre-current,novela romántica,other,200,word,tf,5
51,1,0.0016360282897949219,0.004981517791748047,0.8823529411764706,0.8888888888888888,0.8888888888888888,0.8888888888888888,1.0,1.0,1.0,1.0,subgenre-current,novela romántica,other,200,word,tf,5
52,2,0.00164031982421875,0.004935741424560547,0.7058823529411765,0.6666666666666667,0.8333333333333334,0.5555555555555556,1.0,1.0,1.0,1.0,subgenre-current,novela romántica,other,200,word,tf,5
53,3,0.0016412734985351562,0.004944324493408203,0.7647058823529411,0.7142857142857143,1.0,0.5555555555555556,1.0,1.0,1.0,1.0,subgenre-current,novela romántica,other,200,word,tf,5
54,4,0.001638174057006836,0.004923343658447266,0.8823529411764706,0.8750000000000001,1.0,0.7777777777777778,1.0,1.0,1.0,1.0,subgenre-current,novela romántica,other,200,word,tf,5
55,5,0.001650094985961914,0.004961490631103516,0.8823529411764706,0.8571428571428571,1.0,0.75,1.0,1.0,1.0,1.0,subgenre-current,novela romántica,other,200,word,tf,5
56,6,0.0017495155334472656,0.005528450012207031,0.7647058823529411,0.7142857142857143,0.8333333333333334,0.625,1.0,1.0,1.0,1.0,subgenre-current,novela romántica,other,200,word,tf,5
57,7,0.0017232894897460938,0.0050313472747802734,0.8235294117647058,0.7999999999999999,0.8571428571428571,0.75,1.0,1.0,1.0,1.0,subgenre-current,novela romántica,other,200,word,tf,5
58,8,0.0016973018646240234,0.004904031753540039,0.8823529411764706,0.888888888888889,0.8,1.0,1.0,1.0,1.0,1.0,subgenre-current,novela romántica,other,200,word,tf,5
59,9,0.0016720294952392578,0.004918098449707031,0.8823529411764706,0.875,0.875,0.875,1.0,1.0,1.0,1.0,subgenre-current,novela romántica,other,200,word,tf,5
60,0,0.001584768295288086,0.004956245422363281,0.8235294117647058,0.8,1.0,0.6666666666666666,1.0,1.0,1.0,1.0,subgenre-current,novela romántica,other,200,word,tf,6
61,1,0.0016396045684814453,0.0049440860748291016,0.7647058823529411,0.75,0.8571428571428571,0.6666666666666666,1.0,1.0,1.0,1.0,subgenre-current,novela romántica,other,200,word,tf,6
62,2,0.0016570091247558594,0.005212068557739258,0.8823529411764706,0.8888888888888888,0.8888888888888888,0.8888888888888888,1.0,1.0,1.0,1.0,subgenre-current,novela romántica,other,200,word,tf,6
63,3,0.0016357898712158203,0.004864215850830078,0.8235294117647058,0.8,1.0,0.6666666666666666,1.0,1.0,1.0,1.0,subgenre-current,novela romántica,other,200,word,tf,6
64,4,0.0016241073608398438,0.004885673522949219,0.7647058823529411,0.7142857142857143,1.0,0.5555555555555556,1.0,1.0,1.0,1.0,subgenre-current,novela romántica,other,200,word,tf,6
65,5,0.0016551017761230469,0.004883289337158203,0.9411764705882353,0.9333333333333333,1.0,0.875,1.0,1.0,1.0,1.0,subgenre-current,novela romántica,other,200,word,tf,6
66,6,0.0016636848449707031,0.005024433135986328,0.8235294117647058,0.7999999999999999,0.8571428571428571,0.75,1.0,1.0,1.0,1.0,subgenre-current,novela romántica,other,200,word,tf,6
67,7,0.0016608238220214844,0.004948139190673828,0.9411764705882353,0.9411764705882353,0.8888888888888888,1.0,1.0,1.0,1.0,1.0,subgenre-current,novela romántica,other,200,word,tf,6
68,8,0.0016131401062011719,0.004870891571044922,0.7647058823529411,0.75,0.75,0.75,1.0,1.0,1.0,1.0,subgenre-current,novela romántica,other,200,word,tf,6
69,9,0.0016105175018310547,0.004883527755737305,0.9411764705882353,0.9411764705882353,0.8888888888888888,1.0,1.0,1.0,1.0,1.0,subgenre-current,novela romántica,other,200,word,tf,6
70,0,0.0015816688537597656,0.00497889518737793,0.7647058823529411,0.7142857142857143,1.0,0.5555555555555556,1.0,1.0,1.0,1.0,subgenre-current,novela romántica,other,200,word,tf,7
71,1,0.0016167163848876953,0.00500035285949707,0.8235294117647058,0.823529411764706,0.875,0.7777777777777778,1.0,1.0,1.0,1.0,subgenre-current,novela romántica,other,200,word,tf,7
72,2,0.0016274452209472656,0.004927635192871094,0.8823529411764706,0.8888888888888888,0.8888888888888888,0.8888888888888888,1.0,1.0,1.0,1.0,subgenre-current,novela romántica,other,200,word,tf,7
73,3,0.001611948013305664,0.004965305328369141,0.7058823529411765,0.6153846153846153,1.0,0.4444444444444444,1.0,1.0,1.0,1.0,subgenre-current,novela romántica,other,200,word,tf,7
74,4,0.0016682147979736328,0.00496673583984375,0.8823529411764706,0.8750000000000001,1.0,0.7777777777777778,1.0,1.0,1.0,1.0,subgenre-current,novela romántica,other,200,word,tf,7
75,5,0.0016179084777832031,0.004914283752441406,0.9411764705882353,0.9333333333333333,1.0,0.875,1.0,1.0,1.0,1.0,subgenre-current,novela romántica,other,200,word,tf,7
76,6,0.0016167163848876953,0.0049343109130859375,0.7647058823529411,0.6666666666666666,1.0,0.5,1.0,1.0,1.0,1.0,subgenre-current,novela romántica,other,200,word,tf,7
77,7,0.00164794921875,0.004900455474853516,0.7647058823529411,0.7142857142857143,0.8333333333333334,0.625,1.0,1.0,1.0,1.0,subgenre-current,novela romántica,other,200,word,tf,7
78,8,0.001619100570678711,0.004979372024536133,0.7647058823529411,0.75,0.75,0.75,1.0,1.0,1.0,1.0,subgenre-current,novela romántica,other,200,word,tf,7
79,9,0.0016520023345947266,0.005233049392700195,0.9411764705882353,0.9333333333333333,1.0,0.875,1.0,1.0,1.0,1.0,subgenre-current,novela romántica,other,200,word,tf,7
80,0,0.0016193389892578125,0.004996776580810547,0.8823529411764706,0.8750000000000001,1.0,0.7777777777777778,1.0,1.0,1.0,1.0,subgenre-current,novela romántica,other,200,word,tf,8
81,1,0.00164794921875,0.004935264587402344,0.8823529411764706,0.8888888888888888,0.8888888888888888,0.8888888888888888,1.0,1.0,1.0,1.0,subgenre-current,novela romántica,other,200,word,tf,8
82,2,0.0016193389892578125,0.005211353302001953,0.7058823529411765,0.6666666666666667,0.8333333333333334,0.5555555555555556,1.0,1.0,1.0,1.0,subgenre-current,novela romántica,other,200,word,tf,8
83,3,0.001627206802368164,0.0048787593841552734,0.9411764705882353,0.9411764705882353,1.0,0.8888888888888888,1.0,1.0,1.0,1.0,subgenre-current,novela romántica,other,200,word,tf,8
84,4,0.001638174057006836,0.0052525997161865234,0.8823529411764706,0.8750000000000001,1.0,0.7777777777777778,1.0,1.0,1.0,1.0,subgenre-current,novela romántica,other,200,word,tf,8
85,5,0.0016179084777832031,0.005086660385131836,0.8235294117647058,0.7692307692307693,1.0,0.625,1.0,1.0,1.0,1.0,subgenre-current,novela romántica,other,200,word,tf,8
86,6,0.0016260147094726562,0.004877805709838867,0.8235294117647058,0.823529411764706,0.7777777777777778,0.875,1.0,1.0,1.0,1.0,subgenre-current,novela romántica,other,200,word,tf,8
87,7,0.0016150474548339844,0.004927396774291992,0.8823529411764706,0.875,0.875,0.875,1.0,1.0,1.0,1.0,subgenre-current,novela romántica,other,200,word,tf,8
88,8,0.0016121864318847656,0.004876613616943359,0.8235294117647058,0.823529411764706,0.7777777777777778,0.875,1.0,1.0,1.0,1.0,subgenre-current,novela romántica,other,200,word,tf,8
89,9,0.0016374588012695312,0.005039691925048828,0.9411764705882353,0.9333333333333333,1.0,0.875,1.0,1.0,1.0,1.0,subgenre-current,novela romántica,other,200,word,tf,8
90,0,0.001573801040649414,0.004975557327270508,0.8235294117647058,0.8,1.0,0.6666666666666666,1.0,1.0,1.0,1.0,subgenre-current,novela romántica,other,200,word,tf,9
91,1,0.0016071796417236328,0.00488734245300293,0.8235294117647058,0.823529411764706,0.875,0.7777777777777778,1.0,1.0,1.0,1.0,subgenre-current,novela romántica,other,200,word,tf,9
92,2,0.001611948013305664,0.0049152374267578125,0.7058823529411765,0.6666666666666667,0.8333333333333334,0.5555555555555556,1.0,1.0,1.0,1.0,subgenre-current,novela romántica,other,200,word,tf,9
93,3,0.00164031982421875,0.004934787750244141,0.8823529411764706,0.8750000000000001,1.0,0.7777777777777778,1.0,1.0,1.0,1.0,subgenre-current,novela romántica,other,200,word,tf,9
94,4,0.0016303062438964844,0.00486302375793457,0.8823529411764706,0.8750000000000001,1.0,0.7777777777777778,1.0,1.0,1.0,1.0,subgenre-current,novela romántica,other,200,word,tf,9
95,5,0.001634836196899414,0.004942178726196289,0.9411764705882353,0.9333333333333333,1.0,0.875,1.0,1.0,1.0,1.0,subgenre-current,novela romántica,other,200,word,tf,9
96,6,0.0016469955444335938,0.004954338073730469,0.6470588235294118,0.5,0.75,0.375,1.0,1.0,1.0,1.0,subgenre-current,novela romántica,other,200,word,tf,9
97,7,0.0016026496887207031,0.004937410354614258,0.9411764705882353,0.9411764705882353,0.8888888888888888,1.0,1.0,1.0,1.0,1.0,subgenre-current,novela romántica,other,200,word,tf,9
98,8,0.0016281604766845703,0.005357980728149414,0.8235294117647058,0.823529411764706,0.7777777777777778,0.875,1.0,1.0,1.0,1.0,subgenre-current,novela romántica,other,200,word,tf,9
99,9,0.0016758441925048828,0.005200624465942383,0.9411764705882353,0.9333333333333333,1.0,0.875,1.0,1.0,1.0,1.0,subgenre-current,novela romántica,other,200,word,tf,9
100,0,0.0010111331939697266,0.004246711730957031,0.5714285714285714,0.6666666666666665,0.6,0.75,1.0,1.0,1.0,1.0,subgenre-current,novela realista,other,200,word,tf,0
101,1,0.0009524822235107422,0.004137277603149414,0.7142857142857143,0.8,0.6666666666666666,1.0,1.0,1.0,1.0,1.0,subgenre-current,novela realista,other,200,word,tf,0
102,2,0.0009582042694091797,0.004536151885986328,0.8571428571428571,0.888888888888889,0.8,1.0,1.0,1.0,1.0,1.0,subgenre-current,novela realista,other,200,word,tf,0
103,3,0.0009877681732177734,0.0042040348052978516,1.0,1.0,1.0,1.0,1.0,1.0,1.0,1.0,subgenre-current,novela realista,other,200,word,tf,0
104,4,0.0009367465972900391,0.004160404205322266,0.8571428571428571,0.888888888888889,0.8,1.0,1.0,1.0,1.0,1.0,subgenre-current,novela realista,other,200,word,tf,0
105,5,0.0009694099426269531,0.004235029220581055,0.5714285714285714,0.6666666666666666,0.5,1.0,1.0,1.0,1.0,1.0,subgenre-current,novela realista,other,200,word,tf,0
106,6,0.0009913444519042969,0.004472255706787109,0.5714285714285714,0.6666666666666666,0.5,1.0,1.0,1.0,1.0,1.0,subgenre-current,novela realista,other,200,word,tf,0
107,7,0.0009706020355224609,0.004330873489379883,0.7142857142857143,0.7499999999999999,0.6,1.0,1.0,1.0,1.0,1.0,subgenre-current,novela realista,other,200,word,tf,0
108,8,0.0009813308715820312,0.004212141036987305,0.5714285714285714,0.5714285714285715,0.5,0.6666666666666666,1.0,1.0,1.0,1.0,subgenre-current,novela realista,other,200,word,tf,0
109,9,0.0009894371032714844,0.004248380661010742,0.42857142857142855,0.6,0.42857142857142855,1.0,1.0,1.0,1.0,1.0,subgenre-current,novela realista,other,200,word,tf,0
110,0,0.0009489059448242188,0.004227161407470703,0.5714285714285714,0.6666666666666665,0.6,0.75,1.0,1.0,1.0,1.0,subgenre-current,novela realista,other,200,word,tf,1
111,1,0.0009531974792480469,0.004131317138671875,0.8571428571428571,0.888888888888889,0.8,1.0,1.0,1.0,1.0,1.0,subgenre-current,novela realista,other,200,word,tf,1
112,2,0.0009474754333496094,0.004261970520019531,0.7142857142857143,0.8,0.6666666666666666,1.0,1.0,1.0,1.0,1.0,subgenre-current,novela realista,other,200,word,tf,1
113,3,0.0009853839874267578,0.004617929458618164,1.0,1.0,1.0,1.0,1.0,1.0,1.0,1.0,subgenre-current,novela realista,other,200,word,tf,1
114,4,0.0014443397521972656,0.004438638687133789,0.8571428571428571,0.888888888888889,0.8,1.0,1.0,1.0,1.0,1.0,subgenre-current,novela realista,other,200,word,tf,1
115,5,0.0009770393371582031,0.004454851150512695,0.2857142857142857,0.4444444444444444,0.3333333333333333,0.6666666666666666,1.0,1.0,1.0,1.0,subgenre-current,novela realista,other,200,word,tf,1
116,6,0.0009686946868896484,0.004218101501464844,0.5714285714285714,0.6666666666666666,0.5,1.0,1.0,1.0,1.0,1.0,subgenre-current,novela realista,other,200,word,tf,1
117,7,0.0009632110595703125,0.004233360290527344,0.8571428571428571,0.8571428571428571,0.75,1.0,1.0,1.0,1.0,1.0,subgenre-current,novela realista,other,200,word,tf,1
118,8,0.0009453296661376953,0.00413823127746582,0.42857142857142855,0.6,0.42857142857142855,1.0,1.0,1.0,1.0,1.0,subgenre-current,novela realista,other,200,word,tf,1
119,9,0.0009431838989257812,0.0043904781341552734,1.0,1.0,1.0,1.0,1.0,1.0,1.0,1.0,subgenre-current,novela realista,other,200,word,tf,1
120,0,0.0009675025939941406,0.004214048385620117,0.5714285714285714,0.7272727272727273,0.5714285714285714,1.0,1.0,1.0,1.0,1.0,subgenre-current,novela realista,other,200,word,tf,2
121,1,0.0009546279907226562,0.004197835922241211,0.5714285714285714,0.6666666666666665,0.6,0.75,1.0,1.0,1.0,1.0,subgenre-current,novela realista,other,200,word,tf,2
122,2,0.0009365081787109375,0.00443267822265625,1.0,1.0,1.0,1.0,1.0,1.0,1.0,1.0,subgenre-current,novela realista,other,200,word,tf,2
123,3,0.0009922981262207031,0.004155874252319336,0.5714285714285714,0.7272727272727273,0.5714285714285714,1.0,1.0,1.0,1.0,1.0,subgenre-current,novela realista,other,200,word,tf,2
124,4,0.0009477138519287109,0.004155874252319336,0.8571428571428571,0.888888888888889,0.8,1.0,1.0,1.0,1.0,1.0,subgenre-current,novela realista,other,200,word,tf,2
125,5,0.0011005401611328125,0.004604816436767578,0.7142857142857143,0.7499999999999999,0.6,1.0,1.0,1.0,1.0,1.0,subgenre-current,novela realista,other,200,word,tf,2
126,6,0.0010156631469726562,0.004195690155029297,0.42857142857142855,0.6,0.42857142857142855,1.0,1.0,1.0,1.0,1.0,subgenre-current,novela realista,other,200,word,tf,2
127,7,0.0009996891021728516,0.004154682159423828,0.42857142857142855,0.3333333333333333,0.3333333333333333,0.3333333333333333,1.0,1.0,1.0,1.0,subgenre-current,novela realista,other,200,word,tf,2
128,8,0.0009884834289550781,0.00422215461730957,0.7142857142857143,0.7499999999999999,0.6,1.0,1.0,1.0,1.0,1.0,subgenre-current,novela realista,other,200,word,tf,2
129,9,0.0009691715240478516,0.0041544437408447266,0.8571428571428571,0.8571428571428571,0.75,1.0,1.0,1.0,1.0,1.0,subgenre-current,novela realista,other,200,word,tf,2
130,0,0.0009322166442871094,0.004202604293823242,0.5714285714285714,0.7272727272727273,0.5714285714285714,1.0,1.0,1.0,1.0,1.0,subgenre-current,novela realista,other,200,word,tf,3
131,1,0.0009388923645019531,0.004197835922241211,1.0,1.0,1.0,1.0,1.0,1.0,1.0,1.0,subgenre-current,novela realista,other,200,word,tf,3
132,2,0.0009572505950927734,0.004090785980224609,0.7142857142857143,0.8,0.6666666666666666,1.0,1.0,1.0,1.0,1.0,subgenre-current,novela realista,other,200,word,tf,3
133,3,0.0009591579437255859,0.004154682159423828,0.5714285714285714,0.6666666666666665,0.6,0.75,1.0,1.0,1.0,1.0,subgenre-current,novela realista,other,200,word,tf,3
134,4,0.0009379386901855469,0.00415349006652832,0.7142857142857143,0.75,0.75,0.75,1.0,1.0,1.0,1.0,subgenre-current,novela realista,other,200,word,tf,3
135,5,0.0009477138519287109,0.004158973693847656,0.42857142857142855,0.6,0.42857142857142855,1.0,1.0,1.0,1.0,1.0,subgenre-current,novela realista,other,200,word,tf,3
136,6,0.0009539127349853516,0.004156589508056641,0.5714285714285714,0.6666666666666666,0.5,1.0,1.0,1.0,1.0,1.0,subgenre-current,novela realista,other,200,word,tf,3
137,7,0.0009632110595703125,0.004194021224975586,0.42857142857142855,0.6,0.42857142857142855,1.0,1.0,1.0,1.0,1.0,subgenre-current,novela realista,other,200,word,tf,3
138,8,0.0009398460388183594,0.0041539669036865234,0.8571428571428571,0.8571428571428571,0.75,1.0,1.0,1.0,1.0,1.0,subgenre-current,novela realista,other,200,word,tf,3
139,9,0.0009589195251464844,0.004132270812988281,0.8571428571428571,0.8571428571428571,0.75,1.0,1.0,1.0,1.0,1.0,subgenre-current,novela realista,other,200,word,tf,3
140,0,0.0009739398956298828,0.004194736480712891,0.5714285714285714,0.6666666666666665,0.6,0.75,1.0,1.0,1.0,1.0,subgenre-current,novela realista,other,200,word,tf,4
141,1,0.0010023117065429688,0.004186868667602539,1.0,1.0,1.0,1.0,1.0,1.0,1.0,1.0,subgenre-current,novela realista,other,200,word,tf,4
142,2,0.0009593963623046875,0.004177093505859375,0.5714285714285714,0.7272727272727273,0.5714285714285714,1.0,1.0,1.0,1.0,1.0,subgenre-current,novela realista,other,200,word,tf,4
143,3,0.0009589195251464844,0.004185914993286133,0.7142857142857143,0.8,0.6666666666666666,1.0,1.0,1.0,1.0,1.0,subgenre-current,novela realista,other,200,word,tf,4
144,4,0.0009398460388183594,0.004149913787841797,0.7142857142857143,0.8,0.6666666666666666,1.0,1.0,1.0,1.0,1.0,subgenre-current,novela realista,other,200,word,tf,4
145,5,0.0009517669677734375,0.00415802001953125,0.7142857142857143,0.7499999999999999,0.6,1.0,1.0,1.0,1.0,1.0,subgenre-current,novela realista,other,200,word,tf,4
146,6,0.0009615421295166016,0.004225730895996094,0.42857142857142855,0.6,0.42857142857142855,1.0,1.0,1.0,1.0,1.0,subgenre-current,novela realista,other,200,word,tf,4
147,7,0.0009703636169433594,0.0041522979736328125,0.7142857142857143,0.7499999999999999,0.6,1.0,1.0,1.0,1.0,1.0,subgenre-current,novela realista,other,200,word,tf,4
148,8,0.0009512901306152344,0.004147529602050781,0.7142857142857143,0.6666666666666666,0.6666666666666666,0.6666666666666666,1.0,1.0,1.0,1.0,subgenre-current,novela realista,other,200,word,tf,4
149,9,0.0009310245513916016,0.0042247772216796875,0.5714285714285714,0.6666666666666666,0.5,1.0,1.0,1.0,1.0,1.0,subgenre-current,novela realista,other,200,word,tf,4
150,0,0.0009672641754150391,0.004175424575805664,0.8571428571428571,0.888888888888889,0.8,1.0,1.0,1.0,1.0,1.0,subgenre-current,novela realista,other,200,word,tf,5
151,1,0.0009462833404541016,0.004281282424926758,0.5714285714285714,0.7272727272727273,0.5714285714285714,1.0,1.0,1.0,1.0,1.0,subgenre-current,novela realista,other,200,word,tf,5
152,2,0.0009441375732421875,0.004114866256713867,0.7142857142857143,0.8,0.6666666666666666,1.0,1.0,1.0,1.0,1.0,subgenre-current,novela realista,other,200,word,tf,5
153,3,0.0009434223175048828,0.004161357879638672,0.8571428571428571,0.888888888888889,0.8,1.0,1.0,1.0,1.0,1.0,subgenre-current,novela realista,other,200,word,tf,5
154,4,0.0009872913360595703,0.0041866302490234375,0.7142857142857143,0.75,0.75,0.75,1.0,1.0,1.0,1.0,subgenre-current,novela realista,other,200,word,tf,5
155,5,0.0009415149688720703,0.00416874885559082,1.0,1.0,1.0,1.0,1.0,1.0,1.0,1.0,subgenre-current,novela realista,other,200,word,tf,5
156,6,0.0009474754333496094,0.004126548767089844,0.42857142857142855,0.6,0.42857142857142855,1.0,1.0,1.0,1.0,1.0,subgenre-current,novela realista,other,200,word,tf,5
157,7,0.000978231430053711,0.00424504280090332,0.5714285714285714,0.6666666666666666,0.5,1.0,1.0,1.0,1.0,1.0,subgenre-current,novela realista,other,200,word,tf,5
158,8,0.0010554790496826172,0.004722118377685547,0.5714285714285714,0.6666666666666666,0.5,1.0,1.0,1.0,1.0,1.0,subgenre-current,novela realista,other,200,word,tf,5
159,9,0.0009484291076660156,0.0043790340423583984,0.7142857142857143,0.7499999999999999,0.6,1.0,1.0,1.0,1.0,1.0,subgenre-current,novela realista,other,200,word,tf,5
160,0,0.00096893310546875,0.004186868667602539,0.8571428571428571,0.888888888888889,0.8,1.0,1.0,1.0,1.0,1.0,subgenre-current,novela realista,other,200,word,tf,6
161,1,0.0009438991546630859,0.004171609878540039,0.7142857142857143,0.8,0.6666666666666666,1.0,1.0,1.0,1.0,1.0,subgenre-current,novela realista,other,200,word,tf,6
162,2,0.0009474754333496094,0.004140138626098633,0.8571428571428571,0.888888888888889,0.8,1.0,1.0,1.0,1.0,1.0,subgenre-current,novela realista,other,200,word,tf,6
163,3,0.0009534358978271484,0.004168272018432617,0.7142857142857143,0.8,0.6666666666666666,1.0,1.0,1.0,1.0,1.0,subgenre-current,novela realista,other,200,word,tf,6
164,4,0.0009419918060302734,0.004162311553955078,0.7142857142857143,0.75,0.75,0.75,1.0,1.0,1.0,1.0,subgenre-current,novela realista,other,200,word,tf,6
165,5,0.0009598731994628906,0.00415802001953125,0.8571428571428571,0.8571428571428571,0.75,1.0,1.0,1.0,1.0,1.0,subgenre-current,novela realista,other,200,word,tf,6
166,6,0.0009760856628417969,0.004202127456665039,0.42857142857142855,0.6,0.42857142857142855,1.0,1.0,1.0,1.0,1.0,subgenre-current,novela realista,other,200,word,tf,6
167,7,0.0009577274322509766,0.004161834716796875,0.5714285714285714,0.5714285714285715,0.5,0.6666666666666666,1.0,1.0,1.0,1.0,subgenre-current,novela realista,other,200,word,tf,6
168,8,0.000946044921875,0.0041141510009765625,0.7142857142857143,0.5,1.0,0.3333333333333333,1.0,1.0,1.0,1.0,subgenre-current,novela realista,other,200,word,tf,6
169,9,0.0009450912475585938,0.0041506290435791016,0.8571428571428571,0.8571428571428571,0.75,1.0,1.0,1.0,1.0,1.0,subgenre-current,novela realista,other,200,word,tf,6
170,0,0.0009248256683349609,0.004170656204223633,0.7142857142857143,0.8,0.6666666666666666,1.0,1.0,1.0,1.0,1.0,subgenre-current,novela realista,other,200,word,tf,7
171,1,0.0009543895721435547,0.0041277408599853516,0.7142857142857143,0.8,0.6666666666666666,1.0,1.0,1.0,1.0,1.0,subgenre-current,novela realista,other,200,word,tf,7
172,2,0.0009329319000244141,0.004117727279663086,1.0,1.0,1.0,1.0,1.0,1.0,1.0,1.0,subgenre-current,novela realista,other,200,word,tf,7
173,3,0.0009453296661376953,0.004130840301513672,0.8571428571428571,0.888888888888889,0.8,1.0,1.0,1.0,1.0,1.0,subgenre-current,novela realista,other,200,word,tf,7
174,4,0.0009458065032958984,0.004194974899291992,0.7142857142857143,0.75,0.75,0.75,1.0,1.0,1.0,1.0,subgenre-current,novela realista,other,200,word,tf,7
175,5,0.0009396076202392578,0.004166603088378906,0.7142857142857143,0.7499999999999999,0.6,1.0,1.0,1.0,1.0,1.0,subgenre-current,novela realista,other,200,word,tf,7
176,6,0.00093841552734375,0.004244804382324219,0.5714285714285714,0.6666666666666666,0.5,1.0,1.0,1.0,1.0,1.0,subgenre-current,novela realista,other,200,word,tf,7
177,7,0.0009486675262451172,0.0041408538818359375,0.42857142857142855,0.5,0.4,0.6666666666666666,1.0,1.0,1.0,1.0,subgenre-current,novela realista,other,200,word,tf,7
178,8,0.0009942054748535156,0.00423884391784668,0.42857142857142855,0.6,0.42857142857142855,1.0,1.0,1.0,1.0,1.0,subgenre-current,novela realista,other,200,word,tf,7
179,9,0.0009541511535644531,0.00438690185546875,0.8571428571428571,0.8571428571428571,0.75,1.0,1.0,1.0,1.0,1.0,subgenre-current,novela realista,other,200,word,tf,7
180,0,0.0009663105010986328,0.004281044006347656,1.0,1.0,1.0,1.0,1.0,1.0,1.0,1.0,subgenre-current,novela realista,other,200,word,tf,8
181,1,0.0009472370147705078,0.004290580749511719,1.0,1.0,1.0,1.0,1.0,1.0,1.0,1.0,subgenre-current,novela realista,other,200,word,tf,8
182,2,0.0009913444519042969,0.004166126251220703,0.8571428571428571,0.888888888888889,0.8,1.0,1.0,1.0,1.0,1.0,subgenre-current,novela realista,other,200,word,tf,8
183,3,0.0009589195251464844,0.004216909408569336,0.5714285714285714,0.6666666666666665,0.6,0.75,1.0,1.0,1.0,1.0,subgenre-current,novela realista,other,200,word,tf,8
184,4,0.000985860824584961,0.004196882247924805,0.7142857142857143,0.75,0.75,0.75,1.0,1.0,1.0,1.0,subgenre-current,novela realista,other,200,word,tf,8
185,5,0.0009827613830566406,0.004164457321166992,0.5714285714285714,0.6666666666666666,0.5,1.0,1.0,1.0,1.0,1.0,subgenre-current,novela realista,other,200,word,tf,8
186,6,0.0009527206420898438,0.0041925907135009766,0.5714285714285714,0.6666666666666666,0.5,1.0,1.0,1.0,1.0,1.0,subgenre-current,novela realista,other,200,word,tf,8
187,7,0.0009613037109375,0.0042994022369384766,0.7142857142857143,0.7499999999999999,0.6,1.0,1.0,1.0,1.0,1.0,subgenre-current,novela realista,other,200,word,tf,8
188,8,0.0009465217590332031,0.004228830337524414,0.7142857142857143,0.7499999999999999,0.6,1.0,1.0,1.0,1.0,1.0,subgenre-current,novela realista,other,200,word,tf,8
189,9,0.0009970664978027344,0.004210948944091797,0.42857142857142855,0.6,0.42857142857142855,1.0,1.0,1.0,1.0,1.0,subgenre-current,novela realista,other,200,word,tf,8
190,0,0.0009353160858154297,0.004265785217285156,1.0,1.0,1.0,1.0,1.0,1.0,1.0,1.0,subgenre-current,novela realista,other,200,word,tf,9
191,1,0.0009586811065673828,0.004204273223876953,0.7142857142857143,0.8,0.6666666666666666,1.0,1.0,1.0,1.0,1.0,subgenre-current,novela realista,other,200,word,tf,9
192,2,0.0009582042694091797,0.004147529602050781,0.7142857142857143,0.8,0.6666666666666666,1.0,1.0,1.0,1.0,1.0,subgenre-current,novela realista,other,200,word,tf,9
193,3,0.0009467601776123047,0.004256010055541992,0.8571428571428571,0.888888888888889,0.8,1.0,1.0,1.0,1.0,1.0,subgenre-current,novela realista,other,200,word,tf,9
194,4,0.0009679794311523438,0.004189252853393555,0.5714285714285714,0.6666666666666665,0.6,0.75,1.0,1.0,1.0,1.0,subgenre-current,novela realista,other,200,word,tf,9
195,5,0.0009539127349853516,0.004194974899291992,0.5714285714285714,0.6666666666666666,0.5,1.0,1.0,1.0,1.0,1.0,subgenre-current,novela realista,other,200,word,tf,9
196,6,0.0010123252868652344,0.004228830337524414,0.8571428571428571,0.8571428571428571,0.75,1.0,1.0,1.0,1.0,1.0,subgenre-current,novela realista,other,200,word,tf,9
197,7,0.0009572505950927734,0.0042476654052734375,0.7142857142857143,0.7499999999999999,0.6,1.0,1.0,1.0,1.0,1.0,subgenre-current,novela realista,other,200,word,tf,9
198,8,0.0009486675262451172,0.004216432571411133,0.7142857142857143,0.7499999999999999,0.6,1.0,1.0,1.0,1.0,1.0,subgenre-current,novela realista,other,200,word,tf,9
199,9,0.0009729862213134766,0.004423618316650391,1.0,1.0,1.0,1.0,1.0,1.0,1.0,1.0,subgenre-current,novela realista,other,200,word,tf,9
200,0,0.0010342597961425781,0.004374504089355469,1.0,1.0,1.0,1.0,1.0,1.0,1.0,1.0,subgenre-current,novela naturalista,other,200,word,tf,0
201,1,0.0010344982147216797,0.004293918609619141,0.7777777777777778,0.8,0.6666666666666666,1.0,1.0,1.0,1.0,1.0,subgenre-current,novela naturalista,other,200,word,tf,0
202,2,0.0010428428649902344,0.004324436187744141,0.6666666666666666,0.7272727272727273,0.5714285714285714,1.0,1.0,1.0,1.0,1.0,subgenre-current,novela naturalista,other,200,word,tf,0
203,3,0.0010311603546142578,0.0043125152587890625,0.7777777777777778,0.75,0.75,0.75,1.0,1.0,1.0,1.0,subgenre-current,novela naturalista,other,200,word,tf,0
204,4,0.0010368824005126953,0.0042667388916015625,0.6666666666666666,0.6666666666666665,0.6,0.75,1.0,1.0,1.0,1.0,subgenre-current,novela naturalista,other,200,word,tf,0
205,5,0.0010263919830322266,0.0042591094970703125,0.8888888888888888,0.9090909090909091,0.8333333333333334,1.0,1.0,1.0,1.0,1.0,subgenre-current,novela naturalista,other,200,word,tf,0
206,6,0.0010752677917480469,0.004329681396484375,0.7777777777777778,0.8000000000000002,0.8,0.8,1.0,1.0,1.0,1.0,subgenre-current,novela naturalista,other,200,word,tf,0
207,7,0.0010149478912353516,0.004331111907958984,0.7777777777777778,0.8000000000000002,0.8,0.8,1.0,1.0,1.0,1.0,subgenre-current,novela naturalista,other,200,word,tf,0
208,8,0.0010211467742919922,0.004240274429321289,0.6666666666666666,0.7272727272727272,0.6666666666666666,0.8,1.0,1.0,1.0,1.0,subgenre-current,novela naturalista,other,200,word,tf,0
209,9,0.0010251998901367188,0.004283905029296875,0.7777777777777778,0.8333333333333333,0.7142857142857143,1.0,1.0,1.0,1.0,1.0,subgenre-current,novela naturalista,other,200,word,tf,0
210,0,0.001028299331665039,0.004328012466430664,0.7777777777777778,0.8,0.6666666666666666,1.0,1.0,1.0,1.0,1.0,subgenre-current,novela naturalista,other,200,word,tf,1
211,1,0.001020193099975586,0.004336118698120117,0.7777777777777778,0.8,0.6666666666666666,1.0,1.0,1.0,1.0,1.0,subgenre-current,novela naturalista,other,200,word,tf,1
212,2,0.0010225772857666016,0.004271030426025391,0.8888888888888888,0.888888888888889,0.8,1.0,1.0,1.0,1.0,1.0,subgenre-current,novela naturalista,other,200,word,tf,1
213,3,0.0010223388671875,0.004279136657714844,0.7777777777777778,0.75,0.75,0.75,1.0,1.0,1.0,1.0,subgenre-current,novela naturalista,other,200,word,tf,1
214,4,0.0010323524475097656,0.0042645931243896484,0.8888888888888888,0.888888888888889,0.8,1.0,1.0,1.0,1.0,1.0,subgenre-current,novela naturalista,other,200,word,tf,1
215,5,0.0010564327239990234,0.004294633865356445,0.8888888888888888,0.9090909090909091,0.8333333333333334,1.0,1.0,1.0,1.0,1.0,subgenre-current,novela naturalista,other,200,word,tf,1
216,6,0.0010180473327636719,0.0043218135833740234,0.8888888888888888,0.888888888888889,1.0,0.8,1.0,1.0,1.0,1.0,subgenre-current,novela naturalista,other,200,word,tf,1
217,7,0.001024007797241211,0.004275321960449219,0.5555555555555556,0.6,0.6,0.6,1.0,1.0,1.0,1.0,subgenre-current,novela naturalista,other,200,word,tf,1
218,8,0.0010552406311035156,0.004282951354980469,0.7777777777777778,0.8000000000000002,0.8,0.8,1.0,1.0,1.0,1.0,subgenre-current,novela naturalista,other,200,word,tf,1
219,9,0.0010769367218017578,0.004858493804931641,1.0,1.0,1.0,1.0,1.0,1.0,1.0,1.0,subgenre-current,novela naturalista,other,200,word,tf,1
220,0,0.0010216236114501953,0.004371166229248047,0.8888888888888888,0.888888888888889,0.8,1.0,1.0,1.0,1.0,1.0,subgenre-current,novela naturalista,other,200,word,tf,2
221,1,0.0010242462158203125,0.004352569580078125,0.8888888888888888,0.8571428571428571,1.0,0.75,1.0,1.0,1.0,1.0,subgenre-current,novela naturalista,other,200,word,tf,2
222,2,0.001024007797241211,0.0043182373046875,1.0,1.0,1.0,1.0,1.0,1.0,1.0,1.0,subgenre-current,novela naturalista,other,200,word,tf,2
223,3,0.0010318756103515625,0.004308938980102539,0.6666666666666666,0.6666666666666665,0.6,0.75,1.0,1.0,1.0,1.0,subgenre-current,novela naturalista,other,200,word,tf,2
224,4,0.0010406970977783203,0.004270076751708984,0.7777777777777778,0.75,0.75,0.75,1.0,1.0,1.0,1.0,subgenre-current,novela naturalista,other,200,word,tf,2
225,5,0.0010285377502441406,0.004344463348388672,0.5555555555555556,0.6666666666666666,0.5714285714285714,0.8,1.0,1.0,1.0,1.0,subgenre-current,novela naturalista,other,200,word,tf,2
226,6,0.0010328292846679688,0.004228830337524414,1.0,1.0,1.0,1.0,1.0,1.0,1.0,1.0,subgenre-current,novela naturalista,other,200,word,tf,2
227,7,0.0010251998901367188,0.004288196563720703,0.4444444444444444,0.5454545454545454,0.5,0.6,1.0,1.0,1.0,1.0,subgenre-current,novela naturalista,other,200,word,tf,2
228,8,0.0010256767272949219,0.004532575607299805,0.6666666666666666,0.7272727272727272,0.6666666666666666,0.8,1.0,1.0,1.0,1.0,subgenre-current,novela naturalista,other,200,word,tf,2
229,9,0.0010154247283935547,0.004335641860961914,1.0,1.0,1.0,1.0,1.0,1.0,1.0,1.0,subgenre-current,novela naturalista,other,200,word,tf,2
230,0,0.001005411148071289,0.004365205764770508,0.7777777777777778,0.8,0.6666666666666666,1.0,1.0,1.0,1.0,1.0,subgenre-current,novela naturalista,other,200,word,tf,3
231,1,0.0010216236114501953,0.00430750846862793,0.5555555555555556,0.6,0.5,0.75,1.0,1.0,1.0,1.0,subgenre-current,novela naturalista,other,200,word,tf,3
232,2,0.0010302066802978516,0.004280567169189453,0.6666666666666666,0.7272727272727273,0.5714285714285714,1.0,1.0,1.0,1.0,1.0,subgenre-current,novela naturalista,other,200,word,tf,3
233,3,0.0010349750518798828,0.004273653030395508,0.6666666666666666,0.6666666666666665,0.6,0.75,1.0,1.0,1.0,1.0,subgenre-current,novela naturalista,other,200,word,tf,3
234,4,0.001003265380859375,0.00433349609375,0.6666666666666666,0.5714285714285715,0.6666666666666666,0.5,1.0,1.0,1.0,1.0,subgenre-current,novela naturalista,other,200,word,tf,3
235,5,0.001020669937133789,0.004274606704711914,1.0,1.0,1.0,1.0,1.0,1.0,1.0,1.0,subgenre-current,novela naturalista,other,200,word,tf,3
236,6,0.0010428428649902344,0.004300355911254883,0.7777777777777778,0.8000000000000002,0.8,0.8,1.0,1.0,1.0,1.0,subgenre-current,novela naturalista,other,200,word,tf,3
237,7,0.0010254383087158203,0.004271507263183594,0.5555555555555556,0.6666666666666666,0.5714285714285714,0.8,1.0,1.0,1.0,1.0,subgenre-current,novela naturalista,other,200,word,tf,3
238,8,0.0010139942169189453,0.0042934417724609375,0.6666666666666666,0.6666666666666665,0.75,0.6,1.0,1.0,1.0,1.0,subgenre-current,novela naturalista,other,200,word,tf,3
239,9,0.0010268688201904297,0.004546165466308594,0.8888888888888888,0.888888888888889,1.0,0.8,1.0,1.0,1.0,1.0,subgenre-current,novela naturalista,other,200,word,tf,3
240,0,0.0010366439819335938,0.0043375492095947266,0.7777777777777778,0.8,0.6666666666666666,1.0,1.0,1.0,1.0,1.0,subgenre-current,novela naturalista,other,200,word,tf,4
241,1,0.001068115234375,0.004235267639160156,0.6666666666666666,0.6666666666666665,0.6,0.75,1.0,1.0,1.0,1.0,subgenre-current,novela naturalista,other,200,word,tf,4
242,2,0.0010457038879394531,0.004242658615112305,0.6666666666666666,0.7272727272727273,0.5714285714285714,1.0,1.0,1.0,1.0,1.0,subgenre-current,novela naturalista,other,200,word,tf,4
243,3,0.0010135173797607422,0.00427556037902832,0.7777777777777778,0.75,0.75,0.75,1.0,1.0,1.0,1.0,subgenre-current,novela naturalista,other,200,word,tf,4
244,4,0.0010232925415039062,0.004254579544067383,0.5555555555555556,0.5,0.5,0.5,1.0,1.0,1.0,1.0,subgenre-current,novela naturalista,other,200,word,tf,4
245,5,0.0010290145874023438,0.0042569637298583984,1.0,1.0,1.0,1.0,1.0,1.0,1.0,1.0,subgenre-current,novela naturalista,other,200,word,tf,4
246,6,0.0010223388671875,0.004278421401977539,0.5555555555555556,0.6666666666666666,0.5714285714285714,0.8,1.0,1.0,1.0,1.0,subgenre-current,novela naturalista,other,200,word,tf,4
247,7,0.0010387897491455078,0.004284381866455078,0.7777777777777778,0.8000000000000002,0.8,0.8,1.0,1.0,1.0,1.0,subgenre-current,novela naturalista,other,200,word,tf,4
248,8,0.0010178089141845703,0.00423121452331543,0.7777777777777778,0.7499999999999999,1.0,0.6,1.0,1.0,1.0,1.0,subgenre-current,novela naturalista,other,200,word,tf,4
249,9,0.0010232925415039062,0.004244089126586914,0.8888888888888888,0.9090909090909091,0.8333333333333334,1.0,1.0,1.0,1.0,1.0,subgenre-current,novela naturalista,other,200,word,tf,4
250,0,0.0010180473327636719,0.004302263259887695,0.8888888888888888,0.888888888888889,0.8,1.0,1.0,1.0,1.0,1.0,subgenre-current,novela naturalista,other,200,word,tf,5
251,1,0.0010526180267333984,0.004316806793212891,0.7777777777777778,0.8,0.6666666666666666,1.0,1.0,1.0,1.0,1.0,subgenre-current,novela naturalista,other,200,word,tf,5
252,2,0.0010151863098144531,0.004256248474121094,0.8888888888888888,0.888888888888889,0.8,1.0,1.0,1.0,1.0,1.0,subgenre-current,novela naturalista,other,200,word,tf,5
253,3,0.0010161399841308594,0.004197597503662109,0.6666666666666666,0.6666666666666665,0.6,0.75,1.0,1.0,1.0,1.0,subgenre-current,novela naturalista,other,200,word,tf,5
254,4,0.0010242462158203125,0.004214048385620117,0.6666666666666666,0.6666666666666665,0.6,0.75,1.0,1.0,1.0,1.0,subgenre-current,novela naturalista,other,200,word,tf,5
255,5,0.0010552406311035156,0.004217386245727539,0.6666666666666666,0.7272727272727272,0.6666666666666666,0.8,1.0,1.0,1.0,1.0,subgenre-current,novela naturalista,other,200,word,tf,5
256,6,0.0010151863098144531,0.004235506057739258,1.0,1.0,1.0,1.0,1.0,1.0,1.0,1.0,subgenre-current,novela naturalista,other,200,word,tf,5
257,7,0.0010073184967041016,0.004281044006347656,0.6666666666666666,0.7272727272727272,0.6666666666666666,0.8,1.0,1.0,1.0,1.0,subgenre-current,novela naturalista,other,200,word,tf,5
258,8,0.0010223388671875,0.00424957275390625,0.6666666666666666,0.7272727272727272,0.6666666666666666,0.8,1.0,1.0,1.0,1.0,subgenre-current,novela naturalista,other,200,word,tf,5
259,9,0.001046895980834961,0.004512786865234375,0.8888888888888888,0.9090909090909091,0.8333333333333334,1.0,1.0,1.0,1.0,1.0,subgenre-current,novela naturalista,other,200,word,tf,5
260,0,0.001004934310913086,0.004303693771362305,0.8888888888888888,0.9090909090909091,0.8333333333333334,1.0,1.0,1.0,1.0,1.0,subgenre-current,novela naturalista,other,200,word,tf,6
261,1,0.0010118484497070312,0.0042378902435302734,0.5555555555555556,0.6666666666666666,0.5714285714285714,0.8,1.0,1.0,1.0,1.0,subgenre-current,novela naturalista,other,200,word,tf,6
262,2,0.001027822494506836,0.004349708557128906,0.8888888888888888,0.9090909090909091,0.8333333333333334,1.0,1.0,1.0,1.0,1.0,subgenre-current,novela naturalista,other,200,word,tf,6
263,3,0.0010437965393066406,0.0042383670806884766,0.5555555555555556,0.6666666666666666,0.5714285714285714,0.8,1.0,1.0,1.0,1.0,subgenre-current,novela naturalista,other,200,word,tf,6
264,4,0.0010094642639160156,0.0042934417724609375,0.7777777777777778,0.8000000000000002,0.8,0.8,1.0,1.0,1.0,1.0,subgenre-current,novela naturalista,other,200,word,tf,6
265,5,0.0010204315185546875,0.004251718521118164,0.6666666666666666,0.7272727272727273,0.5714285714285714,1.0,1.0,1.0,1.0,1.0,subgenre-current,novela naturalista,other,200,word,tf,6
266,6,0.0010135173797607422,0.004286289215087891,0.6666666666666666,0.7272727272727273,0.5714285714285714,1.0,1.0,1.0,1.0,1.0,subgenre-current,novela naturalista,other,200,word,tf,6
267,7,0.0010192394256591797,0.004243135452270508,0.8888888888888888,0.888888888888889,0.8,1.0,1.0,1.0,1.0,1.0,subgenre-current,novela naturalista,other,200,word,tf,6
268,8,0.0010080337524414062,0.004274845123291016,0.5555555555555556,0.6,0.5,0.75,1.0,1.0,1.0,1.0,subgenre-current,novela naturalista,other,200,word,tf,6
269,9,0.0010101795196533203,0.004277944564819336,0.8888888888888888,0.888888888888889,0.8,1.0,1.0,1.0,1.0,1.0,subgenre-current,novela naturalista,other,200,word,tf,6
270,0,0.0010018348693847656,0.004263162612915039,0.8888888888888888,0.888888888888889,0.8,1.0,1.0,1.0,1.0,1.0,subgenre-current,novela naturalista,other,200,word,tf,7
271,1,0.0010406970977783203,0.004248142242431641,0.5555555555555556,0.6,0.5,0.75,1.0,1.0,1.0,1.0,subgenre-current,novela naturalista,other,200,word,tf,7
272,2,0.0010433197021484375,0.004204988479614258,0.7777777777777778,0.8,0.6666666666666666,1.0,1.0,1.0,1.0,1.0,subgenre-current,novela naturalista,other,200,word,tf,7
273,3,0.0010101795196533203,0.004237174987792969,0.6666666666666666,0.6666666666666665,0.6,0.75,1.0,1.0,1.0,1.0,subgenre-current,novela naturalista,other,200,word,tf,7
274,4,0.0010361671447753906,0.004325389862060547,0.6666666666666666,0.5714285714285715,0.6666666666666666,0.5,1.0,1.0,1.0,1.0,subgenre-current,novela naturalista,other,200,word,tf,7
275,5,0.0010380744934082031,0.004317045211791992,0.7777777777777778,0.8333333333333333,0.7142857142857143,1.0,1.0,1.0,1.0,1.0,subgenre-current,novela naturalista,other,200,word,tf,7
276,6,0.0010519027709960938,0.004218578338623047,0.7777777777777778,0.8000000000000002,0.8,0.8,1.0,1.0,1.0,1.0,subgenre-current,novela naturalista,other,200,word,tf,7
277,7,0.0010368824005126953,0.004404306411743164,0.7777777777777778,0.8333333333333333,0.7142857142857143,1.0,1.0,1.0,1.0,1.0,subgenre-current,novela naturalista,other,200,word,tf,7
278,8,0.0010259151458740234,0.0045011043548583984,0.6666666666666666,0.6666666666666665,0.75,0.6,1.0,1.0,1.0,1.0,subgenre-current,novela naturalista,other,200,word,tf,7
279,9,0.0011341571807861328,0.004902362823486328,0.8888888888888888,0.888888888888889,1.0,0.8,1.0,1.0,1.0,1.0,subgenre-current,novela naturalista,other,200,word,tf,7
280,0,0.0010089874267578125,0.0043523311614990234,0.7777777777777778,0.8,0.6666666666666666,1.0,1.0,1.0,1.0,1.0,subgenre-current,novela naturalista,other,200,word,tf,8
281,1,0.0010330677032470703,0.004286527633666992,0.5555555555555556,0.6,0.5,0.75,1.0,1.0,1.0,1.0,subgenre-current,novela naturalista,other,200,word,tf,8
282,2,0.0010225772857666016,0.004331827163696289,0.7777777777777778,0.8,0.6666666666666666,1.0,1.0,1.0,1.0,1.0,subgenre-current,novela naturalista,other,200,word,tf,8
283,3,0.001018524169921875,0.004282712936401367,0.7777777777777778,0.75,0.75,0.75,1.0,1.0,1.0,1.0,subgenre-current,novela naturalista,other,200,word,tf,8
284,4,0.0010330677032470703,0.004268169403076172,0.7777777777777778,0.75,0.75,0.75,1.0,1.0,1.0,1.0,subgenre-current,novela naturalista,other,200,word,tf,8
285,5,0.0010764598846435547,0.004275798797607422,0.7777777777777778,0.8000000000000002,0.8,0.8,1.0,1.0,1.0,1.0,subgenre-current,novela naturalista,other,200,word,tf,8
286,6,0.0010535717010498047,0.00444483757019043,0.8888888888888888,0.888888888888889,1.0,0.8,1.0,1.0,1.0,1.0,subgenre-current,novela naturalista,other,200,word,tf,8
287,7,0.0010738372802734375,0.004345893859863281,0.7777777777777778,0.8000000000000002,0.8,0.8,1.0,1.0,1.0,1.0,subgenre-current,novela naturalista,other,200,word,tf,8
288,8,0.0010406970977783203,0.004294872283935547,0.4444444444444444,0.5454545454545454,0.5,0.6,1.0,1.0,1.0,1.0,subgenre-current,novela naturalista,other,200,word,tf,8
289,9,0.001024484634399414,0.0042765140533447266,1.0,1.0,1.0,1.0,1.0,1.0,1.0,1.0,subgenre-current,novela naturalista,other,200,word,tf,8
290,0,0.0010905265808105469,0.004334688186645508,0.7777777777777778,0.8,0.6666666666666666,1.0,1.0,1.0,1.0,1.0,subgenre-current,novela naturalista,other,200,word,tf,9
291,1,0.001039743423461914,0.004328012466430664,0.7777777777777778,0.8,0.6666666666666666,1.0,1.0,1.0,1.0,1.0,subgenre-current,novela naturalista,other,200,word,tf,9
292,2,0.0010232925415039062,0.004290580749511719,0.7777777777777778,0.8,0.6666666666666666,1.0,1.0,1.0,1.0,1.0,subgenre-current,novela naturalista,other,200,word,tf,9
293,3,0.001031637191772461,0.004295825958251953,0.6666666666666666,0.6666666666666665,0.6,0.75,1.0,1.0,1.0,1.0,subgenre-current,novela naturalista,other,200,word,tf,9
294,4,0.0010542869567871094,0.004316806793212891,0.7777777777777778,0.75,0.75,0.75,1.0,1.0,1.0,1.0,subgenre-current,novela naturalista,other,200,word,tf,9
295,5,0.0010111331939697266,0.004296302795410156,1.0,1.0,1.0,1.0,1.0,1.0,1.0,1.0,subgenre-current,novela naturalista,other,200,word,tf,9
296,6,0.0010275840759277344,0.004286766052246094,0.6666666666666666,0.7272727272727272,0.6666666666666666,0.8,1.0,1.0,1.0,1.0,subgenre-current,novela naturalista,other,200,word,tf,9
297,7,0.0010502338409423828,0.004968166351318359,0.6666666666666666,0.6666666666666665,0.75,0.6,1.0,1.0,1.0,1.0,subgenre-current,novela naturalista,other,200,word,tf,9
298,8,0.0011701583862304688,0.004603385925292969,0.5555555555555556,0.6666666666666666,0.5714285714285714,0.8,1.0,1.0,1.0,1.0,subgenre-current,novela naturalista,other,200,word,tf,9
299,9,0.001043558120727539,0.004859447479248047,1.0,1.0,1.0,1.0,1.0,1.0,1.0,1.0,subgenre-current,novela naturalista,other,200,word,tf,9
300,0,0.0009865760803222656,0.004311800003051758,0.8571428571428571,0.8571428571428571,1.0,0.75,1.0,1.0,1.0,1.0,subgenre-current,novela romántica,novela realista,200,word,tf,0
301,1,0.0009813308715820312,0.004265785217285156,0.8571428571428571,0.8571428571428571,1.0,0.75,1.0,1.0,1.0,1.0,subgenre-current,novela romántica,novela realista,200,word,tf,0
302,2,0.0009584426879882812,0.004178047180175781,0.8571428571428571,0.8571428571428571,1.0,0.75,1.0,1.0,1.0,1.0,subgenre-current,novela romántica,novela realista,200,word,tf,0
303,3,0.0009548664093017578,0.004227161407470703,0.8571428571428571,0.8571428571428571,1.0,0.75,1.0,1.0,1.0,1.0,subgenre-current,novela romántica,novela realista,200,word,tf,0
304,4,0.0009515285491943359,0.0042188167572021484,0.8571428571428571,0.8571428571428571,1.0,0.75,1.0,1.0,1.0,1.0,subgenre-current,novela romántica,novela realista,200,word,tf,0
305,5,0.0009808540344238281,0.004177093505859375,0.8571428571428571,0.8,1.0,0.6666666666666666,1.0,1.0,1.0,1.0,subgenre-current,novela romántica,novela realista,200,word,tf,0
306,6,0.0009603500366210938,0.004204988479614258,0.42857142857142855,0.0,0.0,0.0,1.0,1.0,1.0,1.0,subgenre-current,novela romántica,novela realista,200,word,tf,0
307,7,0.0009849071502685547,0.004240989685058594,0.8571428571428571,0.8,1.0,0.6666666666666666,1.0,1.0,1.0,1.0,subgenre-current,novela romántica,novela realista,200,word,tf,0
308,8,0.0009448528289794922,0.0042629241943359375,0.8571428571428571,0.8571428571428571,0.75,1.0,1.0,1.0,1.0,1.0,subgenre-current,novela romántica,novela realista,200,word,tf,0
309,9,0.000957489013671875,0.004189729690551758,0.8571428571428571,0.8,1.0,0.6666666666666666,1.0,1.0,1.0,1.0,subgenre-current,novela romántica,novela realista,200,word,tf,0
310,0,0.0009341239929199219,0.004255056381225586,0.8571428571428571,0.8,1.0,0.6666666666666666,1.0,1.0,1.0,1.0,subgenre-current,novela romántica,novela realista,200,word,tf,1
311,1,0.0009629726409912109,0.004195213317871094,0.8571428571428571,0.8,1.0,0.6666666666666666,1.0,1.0,1.0,1.0,subgenre-current,novela romántica,novela realista,200,word,tf,1
312,2,0.0009577274322509766,0.0042345523834228516,0.7142857142857143,0.5,1.0,0.3333333333333333,1.0,1.0,1.0,1.0,subgenre-current,novela romántica,novela realista,200,word,tf,1
313,3,0.0009570121765136719,0.0042493343353271484,1.0,1.0,1.0,1.0,1.0,1.0,1.0,1.0,subgenre-current,novela romántica,novela realista,200,word,tf,1
314,4,0.00096893310546875,0.0042324066162109375,1.0,1.0,1.0,1.0,1.0,1.0,1.0,1.0,subgenre-current,novela romántica,novela realista,200,word,tf,1
315,5,0.0009570121765136719,0.004185914993286133,0.8571428571428571,0.8571428571428571,1.0,0.75,1.0,1.0,1.0,1.0,subgenre-current,novela romántica,novela realista,200,word,tf,1
316,6,0.0009450912475585938,0.004235267639160156,0.8571428571428571,0.8571428571428571,1.0,0.75,1.0,1.0,1.0,1.0,subgenre-current,novela romántica,novela realista,200,word,tf,1
317,7,0.0009491443634033203,0.004181861877441406,0.5714285714285714,0.5714285714285715,0.6666666666666666,0.5,1.0,1.0,1.0,1.0,subgenre-current,novela romántica,novela realista,200,word,tf,1
318,8,0.0009593963623046875,0.004189252853393555,0.7142857142857143,0.6666666666666666,1.0,0.5,1.0,1.0,1.0,1.0,subgenre-current,novela romántica,novela realista,200,word,tf,1
319,9,0.0009865760803222656,0.004498481750488281,1.0,1.0,1.0,1.0,1.0,1.0,1.0,1.0,subgenre-current,novela romántica,novela realista,200,word,tf,1
320,0,0.0009407997131347656,0.004302263259887695,0.8571428571428571,0.8,1.0,0.6666666666666666,1.0,1.0,1.0,1.0,subgenre-current,novela romántica,novela realista,200,word,tf,2
321,1,0.0009591579437255859,0.004225730895996094,1.0,1.0,1.0,1.0,1.0,1.0,1.0,1.0,subgenre-current,novela romántica,novela realista,200,word,tf,2
322,2,0.0009441375732421875,0.0041811466217041016,0.8571428571428571,0.8,1.0,0.6666666666666666,1.0,1.0,1.0,1.0,subgenre-current,novela romántica,novela realista,200,word,tf,2
323,3,0.0009527206420898438,0.004235982894897461,0.8571428571428571,0.8,1.0,0.6666666666666666,1.0,1.0,1.0,1.0,subgenre-current,novela romántica,novela realista,200,word,tf,2
324,4,0.0009682178497314453,0.004190683364868164,0.7142857142857143,0.6666666666666666,0.6666666666666666,0.6666666666666666,1.0,1.0,1.0,1.0,subgenre-current,novela romántica,novela realista,200,word,tf,2
325,5,0.0009584426879882812,0.004220724105834961,1.0,1.0,1.0,1.0,1.0,1.0,1.0,1.0,subgenre-current,novela romántica,novela realista,200,word,tf,2
326,6,0.0009582042694091797,0.0041828155517578125,0.7142857142857143,0.6666666666666666,1.0,0.5,1.0,1.0,1.0,1.0,subgenre-current,novela romántica,novela realista,200,word,tf,2
327,7,0.0009570121765136719,0.004209756851196289,0.7142857142857143,0.75,0.75,0.75,1.0,1.0,1.0,1.0,subgenre-current,novela romántica,novela realista,200,word,tf,2
328,8,0.0009932518005371094,0.004245758056640625,0.7142857142857143,0.6666666666666666,1.0,0.5,1.0,1.0,1.0,1.0,subgenre-current,novela romántica,novela realista,200,word,tf,2
329,9,0.0009548664093017578,0.004387378692626953,0.7142857142857143,0.6666666666666666,1.0,0.5,1.0,1.0,1.0,1.0,subgenre-current,novela romántica,novela realista,200,word,tf,2
330,0,0.0009443759918212891,0.0042743682861328125,0.7142857142857143,0.5,1.0,0.3333333333333333,1.0,1.0,1.0,1.0,subgenre-current,novela romántica,novela realista,200,word,tf,3
331,1,0.0009541511535644531,0.004258632659912109,0.5714285714285714,0.4,0.5,0.3333333333333333,1.0,1.0,1.0,1.0,subgenre-current,novela romántica,novela realista,200,word,tf,3
332,2,0.0009562969207763672,0.004230976104736328,0.8571428571428571,0.8,1.0,0.6666666666666666,1.0,1.0,1.0,1.0,subgenre-current,novela romántica,novela realista,200,word,tf,3
333,3,0.0009701251983642578,0.0041806697845458984,0.8571428571428571,0.8571428571428571,0.75,1.0,1.0,1.0,1.0,1.0,subgenre-current,novela romántica,novela realista,200,word,tf,3
334,4,0.0009775161743164062,0.004312753677368164,0.7142857142857143,0.5,1.0,0.3333333333333333,1.0,1.0,1.0,1.0,subgenre-current,novela romántica,novela realista,200,word,tf,3
335,5,0.0009500980377197266,0.0041921138763427734,0.7142857142857143,0.6666666666666666,1.0,0.5,1.0,1.0,1.0,1.0,subgenre-current,novela romántica,novela realista,200,word,tf,3
336,6,0.0009570121765136719,0.004175662994384766,1.0,1.0,1.0,1.0,1.0,1.0,1.0,1.0,subgenre-current,novela romántica,novela realista,200,word,tf,3
337,7,0.000989675521850586,0.004212141036987305,0.8571428571428571,0.8571428571428571,1.0,0.75,1.0,1.0,1.0,1.0,subgenre-current,novela romántica,novela realista,200,word,tf,3
338,8,0.0009455680847167969,0.004235029220581055,0.8571428571428571,0.8571428571428571,1.0,0.75,1.0,1.0,1.0,1.0,subgenre-current,novela romántica,novela realista,200,word,tf,3
339,9,0.0009739398956298828,0.004511833190917969,0.7142857142857143,0.6666666666666666,1.0,0.5,1.0,1.0,1.0,1.0,subgenre-current,novela romántica,novela realista,200,word,tf,3
340,0,0.000946044921875,0.004309892654418945,0.7142857142857143,0.6666666666666666,1.0,0.5,1.0,1.0,1.0,1.0,subgenre-current,novela romántica,novela realista,200,word,tf,4
341,1,0.0009920597076416016,0.004235506057739258,0.5714285714285714,0.4,1.0,0.25,1.0,1.0,1.0,1.0,subgenre-current,novela romántica,novela realista,200,word,tf,4
342,2,0.0009555816650390625,0.0042057037353515625,0.7142857142857143,0.6666666666666666,1.0,0.5,1.0,1.0,1.0,1.0,subgenre-current,novela romántica,novela realista,200,word,tf,4
343,3,0.0009911060333251953,0.004196882247924805,0.8571428571428571,0.8571428571428571,1.0,0.75,1.0,1.0,1.0,1.0,subgenre-current,novela romántica,novela realista,200,word,tf,4
344,4,0.0009522438049316406,0.004168272018432617,0.7142857142857143,0.6666666666666666,1.0,0.5,1.0,1.0,1.0,1.0,subgenre-current,novela romántica,novela realista,200,word,tf,4
345,5,0.0009815692901611328,0.004220724105834961,0.8571428571428571,0.8,1.0,0.6666666666666666,1.0,1.0,1.0,1.0,subgenre-current,novela romántica,novela realista,200,word,tf,4
346,6,0.0009920597076416016,0.0042722225189208984,0.7142857142857143,0.5,1.0,0.3333333333333333,1.0,1.0,1.0,1.0,subgenre-current,novela romántica,novela realista,200,word,tf,4
347,7,0.000946044921875,0.0042569637298583984,1.0,1.0,1.0,1.0,1.0,1.0,1.0,1.0,subgenre-current,novela romántica,novela realista,200,word,tf,4
348,8,0.0009589195251464844,0.0041866302490234375,0.7142857142857143,0.6666666666666666,0.6666666666666666,0.6666666666666666,1.0,1.0,1.0,1.0,subgenre-current,novela romántica,novela realista,200,word,tf,4
349,9,0.0009593963623046875,0.004206657409667969,1.0,1.0,1.0,1.0,1.0,1.0,1.0,1.0,subgenre-current,novela romántica,novela realista,200,word,tf,4
350,0,0.0009324550628662109,0.004261970520019531,0.8571428571428571,0.8,1.0,0.6666666666666666,1.0,1.0,1.0,1.0,subgenre-current,novela romántica,novela realista,200,word,tf,5
351,1,0.0009562969207763672,0.004250526428222656,0.7142857142857143,0.5,1.0,0.3333333333333333,1.0,1.0,1.0,1.0,subgenre-current,novela romántica,novela realista,200,word,tf,5
352,2,0.0009765625,0.004192352294921875,0.8571428571428571,0.8,1.0,0.6666666666666666,1.0,1.0,1.0,1.0,subgenre-current,novela romántica,novela realista,200,word,tf,5
353,3,0.0009605884552001953,0.004177570343017578,1.0,1.0,1.0,1.0,1.0,1.0,1.0,1.0,subgenre-current,novela romántica,novela realista,200,word,tf,5
354,4,0.0009605884552001953,0.004206180572509766,1.0,1.0,1.0,1.0,1.0,1.0,1.0,1.0,subgenre-current,novela romántica,novela realista,200,word,tf,5
355,5,0.0009613037109375,0.004186868667602539,0.5714285714285714,0.4,1.0,0.25,1.0,1.0,1.0,1.0,subgenre-current,novela romántica,novela realista,200,word,tf,5
356,6,0.0009722709655761719,0.004293918609619141,0.5714285714285714,0.4,1.0,0.25,1.0,1.0,1.0,1.0,subgenre-current,novela romántica,novela realista,200,word,tf,5
357,7,0.0009815692901611328,0.004244565963745117,0.42857142857142855,0.3333333333333333,0.5,0.25,1.0,1.0,1.0,1.0,subgenre-current,novela romántica,novela realista,200,word,tf,5
358,8,0.0009868144989013672,0.00421452522277832,0.8571428571428571,0.8571428571428571,1.0,0.75,1.0,1.0,1.0,1.0,subgenre-current,novela romántica,novela realista,200,word,tf,5
359,9,0.0009725093841552734,0.004578351974487305,0.5714285714285714,0.4,1.0,0.25,1.0,1.0,1.0,1.0,subgenre-current,novela romántica,novela realista,200,word,tf,5
360,0,0.0009598731994628906,0.004307985305786133,0.7142857142857143,0.5,1.0,0.3333333333333333,1.0,1.0,1.0,1.0,subgenre-current,novela romántica,novela realista,200,word,tf,6
361,1,0.0009989738464355469,0.00430607795715332,1.0,1.0,1.0,1.0,1.0,1.0,1.0,1.0,subgenre-current,novela romántica,novela realista,200,word,tf,6
362,2,0.0009684562683105469,0.0042111873626708984,0.8571428571428571,0.8,1.0,0.6666666666666666,1.0,1.0,1.0,1.0,subgenre-current,novela romántica,novela realista,200,word,tf,6
363,3,0.000957489013671875,0.004163980484008789,0.7142857142857143,0.5,1.0,0.3333333333333333,1.0,1.0,1.0,1.0,subgenre-current,novela romántica,novela realista,200,word,tf,6
364,4,0.0009598731994628906,0.004194498062133789,0.8571428571428571,0.8,1.0,0.6666666666666666,1.0,1.0,1.0,1.0,subgenre-current,novela romántica,novela realista,200,word,tf,6
365,5,0.0010023117065429688,0.004187583923339844,0.7142857142857143,0.6666666666666666,1.0,0.5,1.0,1.0,1.0,1.0,subgenre-current,novela romántica,novela realista,200,word,tf,6
366,6,0.0009412765502929688,0.004233121871948242,0.7142857142857143,0.6666666666666666,1.0,0.5,1.0,1.0,1.0,1.0,subgenre-current,novela romántica,novela realista,200,word,tf,6
367,7,0.0009562969207763672,0.004204511642456055,0.7142857142857143,0.75,0.75,0.75,1.0,1.0,1.0,1.0,subgenre-current,novela romántica,novela realista,200,word,tf,6
368,8,0.0009715557098388672,0.004184722900390625,0.7142857142857143,0.6666666666666666,1.0,0.5,1.0,1.0,1.0,1.0,subgenre-current,novela romántica,novela realista,200,word,tf,6
369,9,0.0009672641754150391,0.004212141036987305,1.0,1.0,1.0,1.0,1.0,1.0,1.0,1.0,subgenre-current,novela romántica,novela realista,200,word,tf,6
370,0,0.0009865760803222656,0.00423121452331543,0.8571428571428571,0.8,1.0,0.6666666666666666,1.0,1.0,1.0,1.0,subgenre-current,novela romántica,novela realista,200,word,tf,7
371,1,0.0009815692901611328,0.004267692565917969,0.8571428571428571,0.8,1.0,0.6666666666666666,1.0,1.0,1.0,1.0,subgenre-current,novela romántica,novela realista,200,word,tf,7
372,2,0.0009608268737792969,0.004160642623901367,1.0,1.0,1.0,1.0,1.0,1.0,1.0,1.0,subgenre-current,novela romántica,novela realista,200,word,tf,7
373,3,0.0009744167327880859,0.004145145416259766,0.7142857142857143,0.5,1.0,0.3333333333333333,1.0,1.0,1.0,1.0,subgenre-current,novela romántica,novela realista,200,word,tf,7
374,4,0.0009565353393554688,0.0041844844818115234,0.7142857142857143,0.5,1.0,0.3333333333333333,1.0,1.0,1.0,1.0,subgenre-current,novela romántica,novela realista,200,word,tf,7
375,5,0.000949859619140625,0.0041658878326416016,0.7142857142857143,0.6666666666666666,1.0,0.5,1.0,1.0,1.0,1.0,subgenre-current,novela romántica,novela realista,200,word,tf,7
376,6,0.0009944438934326172,0.00449371337890625,0.7142857142857143,0.6666666666666666,1.0,0.5,1.0,1.0,1.0,1.0,subgenre-current,novela romántica,novela realista,200,word,tf,7
377,7,0.0009682178497314453,0.00417327880859375,0.7142857142857143,0.6666666666666666,1.0,0.5,1.0,1.0,1.0,1.0,subgenre-current,novela romántica,novela realista,200,word,tf,7
378,8,0.0009331703186035156,0.004147052764892578,0.7142857142857143,0.6666666666666666,1.0,0.5,1.0,1.0,1.0,1.0,subgenre-current,novela romántica,novela realista,200,word,tf,7
379,9,0.0009691715240478516,0.005041360855102539,1.0,1.0,1.0,1.0,1.0,1.0,1.0,1.0,subgenre-current,novela romántica,novela realista,200,word,tf,7
380,0,0.0009591579437255859,0.0042378902435302734,1.0,1.0,1.0,1.0,1.0,1.0,1.0,1.0,subgenre-current,novela romántica,novela realista,200,word,tf,8
381,1,0.00095367431640625,0.00417780876159668,0.7142857142857143,0.5,1.0,0.3333333333333333,1.0,1.0,1.0,1.0,subgenre-current,novela romántica,novela realista,200,word,tf,8
382,2,0.0009593963623046875,0.004132509231567383,0.8571428571428571,0.8,1.0,0.6666666666666666,1.0,1.0,1.0,1.0,subgenre-current,novela romántica,novela realista,200,word,tf,8
383,3,0.0009319782257080078,0.004133462905883789,0.8571428571428571,0.8,1.0,0.6666666666666666,1.0,1.0,1.0,1.0,subgenre-current,novela romántica,novela realista,200,word,tf,8
384,4,0.00096893310546875,0.004147052764892578,1.0,1.0,1.0,1.0,1.0,1.0,1.0,1.0,subgenre-current,novela romántica,novela realista,200,word,tf,8
385,5,0.0009524822235107422,0.004158735275268555,0.7142857142857143,0.6666666666666666,1.0,0.5,1.0,1.0,1.0,1.0,subgenre-current,novela romántica,novela realista,200,word,tf,8
386,6,0.0009729862213134766,0.00424647331237793,0.7142857142857143,0.6666666666666666,1.0,0.5,1.0,1.0,1.0,1.0,subgenre-current,novela romántica,novela realista,200,word,tf,8
387,7,0.0009577274322509766,0.0041081905364990234,0.8571428571428571,0.888888888888889,0.8,1.0,1.0,1.0,1.0,1.0,subgenre-current,novela romántica,novela realista,200,word,tf,8
388,8,0.0009524822235107422,0.004114389419555664,1.0,1.0,1.0,1.0,1.0,1.0,1.0,1.0,subgenre-current,novela romántica,novela realista,200,word,tf,8
389,9,0.0009491443634033203,0.0041501522064208984,1.0,1.0,1.0,1.0,1.0,1.0,1.0,1.0,subgenre-current,novela romántica,novela realista,200,word,tf,8
390,0,0.0009305477142333984,0.004226207733154297,1.0,1.0,1.0,1.0,1.0,1.0,1.0,1.0,subgenre-current,novela romántica,novela realista,200,word,tf,9
391,1,0.0009868144989013672,0.0041544437408447266,1.0,1.0,1.0,1.0,1.0,1.0,1.0,1.0,subgenre-current,novela romántica,novela realista,200,word,tf,9
392,2,0.0009431838989257812,0.004145145416259766,0.7142857142857143,0.5,1.0,0.3333333333333333,1.0,1.0,1.0,1.0,subgenre-current,novela romántica,novela realista,200,word,tf,9
393,3,0.0009410381317138672,0.00416254997253418,1.0,1.0,1.0,1.0,1.0,1.0,1.0,1.0,subgenre-current,novela romántica,novela realista,200,word,tf,9
394,4,0.0009546279907226562,0.0041561126708984375,1.0,1.0,1.0,1.0,1.0,1.0,1.0,1.0,subgenre-current,novela romántica,novela realista,200,word,tf,9
395,5,0.0009317398071289062,0.004284381866455078,0.42857142857142855,0.0,0.0,0.0,1.0,1.0,1.0,1.0,subgenre-current,novela romántica,novela realista,200,word,tf,9
396,6,0.0009632110595703125,0.004460811614990234,1.0,1.0,1.0,1.0,1.0,1.0,1.0,1.0,subgenre-current,novela romántica,novela realista,200,word,tf,9
397,7,0.0009682178497314453,0.00422978401184082,0.42857142857142855,0.3333333333333333,0.5,0.25,1.0,1.0,1.0,1.0,subgenre-current,novela romántica,novela realista,200,word,tf,9
398,8,0.0010209083557128906,0.004252433776855469,0.8571428571428571,0.8571428571428571,1.0,0.75,1.0,1.0,1.0,1.0,subgenre-current,novela romántica,novela realista,200,word,tf,9
399,9,0.0009534358978271484,0.004500865936279297,0.7142857142857143,0.6666666666666666,1.0,0.5,1.0,1.0,1.0,1.0,subgenre-current,novela romántica,novela realista,200,word,tf,9
400,0,0.0012004375457763672,0.004565238952636719,0.8888888888888888,0.888888888888889,1.0,0.8,1.0,1.0,1.0,1.0,subgenre-current,novela romántica,novela naturalista,200,word,tf,0
401,1,0.0010700225830078125,0.004361152648925781,0.6666666666666666,0.6666666666666665,0.75,0.6,1.0,1.0,1.0,1.0,subgenre-current,novela romántica,novela naturalista,200,word,tf,0
402,2,0.0010440349578857422,0.0043141841888427734,0.8888888888888888,0.888888888888889,1.0,0.8,1.0,1.0,1.0,1.0,subgenre-current,novela romántica,novela naturalista,200,word,tf,0
403,3,0.0010349750518798828,0.004285335540771484,0.5555555555555556,0.5,0.6666666666666666,0.4,1.0,1.0,1.0,1.0,subgenre-current,novela romántica,novela naturalista,200,word,tf,0
404,4,0.0010287761688232422,0.004672050476074219,0.7777777777777778,0.7499999999999999,1.0,0.6,1.0,1.0,1.0,1.0,subgenre-current,novela romántica,novela naturalista,200,word,tf,0
405,5,0.0010831356048583984,0.004299163818359375,0.8888888888888888,0.8571428571428571,1.0,0.75,1.0,1.0,1.0,1.0,subgenre-current,novela romántica,novela naturalista,200,word,tf,0
406,6,0.001020669937133789,0.004325389862060547,0.8888888888888888,0.8571428571428571,1.0,0.75,1.0,1.0,1.0,1.0,subgenre-current,novela romántica,novela naturalista,200,word,tf,0
407,7,0.0010251998901367188,0.0044078826904296875,0.8888888888888888,0.888888888888889,0.8,1.0,1.0,1.0,1.0,1.0,subgenre-current,novela romántica,novela naturalista,200,word,tf,0
408,8,0.001046895980834961,0.0043087005615234375,0.5555555555555556,0.3333333333333333,0.5,0.25,1.0,1.0,1.0,1.0,subgenre-current,novela romántica,novela naturalista,200,word,tf,0
409,9,0.0010466575622558594,0.004291534423828125,0.8888888888888888,0.8571428571428571,1.0,0.75,1.0,1.0,1.0,1.0,subgenre-current,novela romántica,novela naturalista,200,word,tf,0
410,0,0.0010218620300292969,0.004415035247802734,0.8888888888888888,0.888888888888889,1.0,0.8,1.0,1.0,1.0,1.0,subgenre-current,novela romántica,novela naturalista,200,word,tf,1
411,1,0.0010271072387695312,0.004388570785522461,0.7777777777777778,0.8000000000000002,0.8,0.8,1.0,1.0,1.0,1.0,subgenre-current,novela romántica,novela naturalista,200,word,tf,1
412,2,0.0010650157928466797,0.0043125152587890625,0.8888888888888888,0.888888888888889,1.0,0.8,1.0,1.0,1.0,1.0,subgenre-current,novela romántica,novela naturalista,200,word,tf,1
413,3,0.001039743423461914,0.004338264465332031,0.6666666666666666,0.6666666666666665,0.75,0.6,1.0,1.0,1.0,1.0,subgenre-current,novela romántica,novela naturalista,200,word,tf,1
414,4,0.0010538101196289062,0.0043261051177978516,0.7777777777777778,0.7499999999999999,1.0,0.6,1.0,1.0,1.0,1.0,subgenre-current,novela romántica,novela naturalista,200,word,tf,1
415,5,0.00102996826171875,0.004296779632568359,1.0,1.0,1.0,1.0,1.0,1.0,1.0,1.0,subgenre-current,novela romántica,novela naturalista,200,word,tf,1
416,6,0.0010569095611572266,0.0043904781341552734,1.0,1.0,1.0,1.0,1.0,1.0,1.0,1.0,subgenre-current,novela romántica,novela naturalista,200,word,tf,1
417,7,0.0010516643524169922,0.0043981075286865234,0.7777777777777778,0.75,0.75,0.75,1.0,1.0,1.0,1.0,subgenre-current,novela romántica,novela naturalista,200,word,tf,1
418,8,0.001032114028930664,0.004306793212890625,0.7777777777777778,0.75,0.75,0.75,1.0,1.0,1.0,1.0,subgenre-current,novela romántica,novela naturalista,200,word,tf,1
419,9,0.0010170936584472656,0.004586935043334961,1.0,1.0,1.0,1.0,1.0,1.0,1.0,1.0,subgenre-current,novela romántica,novela naturalista,200,word,tf,1
420,0,0.001051187515258789,0.004404783248901367,0.7777777777777778,0.7499999999999999,1.0,0.6,1.0,1.0,1.0,1.0,subgenre-current,novela romántica,novela naturalista,200,word,tf,2
421,1,0.0010676383972167969,0.004308938980102539,0.8888888888888888,0.888888888888889,1.0,0.8,1.0,1.0,1.0,1.0,subgenre-current,novela romántica,novela naturalista,200,word,tf,2
422,2,0.0010318756103515625,0.004291057586669922,0.8888888888888888,0.888888888888889,1.0,0.8,1.0,1.0,1.0,1.0,subgenre-current,novela romántica,novela naturalista,200,word,tf,2
423,3,0.0010266304016113281,0.004313945770263672,0.4444444444444444,0.28571428571428575,0.5,0.2,1.0,1.0,1.0,1.0,subgenre-current,novela romántica,novela naturalista,200,word,tf,2
424,4,0.0010466575622558594,0.0043146610260009766,1.0,1.0,1.0,1.0,1.0,1.0,1.0,1.0,subgenre-current,novela romántica,novela naturalista,200,word,tf,2
425,5,0.0010237693786621094,0.004273176193237305,0.6666666666666666,0.4,1.0,0.25,1.0,1.0,1.0,1.0,subgenre-current,novela romántica,novela naturalista,200,word,tf,2
426,6,0.0010192394256591797,0.004260540008544922,0.7777777777777778,0.6666666666666666,1.0,0.5,1.0,1.0,1.0,1.0,subgenre-current,novela romántica,novela naturalista,200,word,tf,2
427,7,0.0010230541229248047,0.0042629241943359375,1.0,1.0,1.0,1.0,1.0,1.0,1.0,1.0,subgenre-current,novela romántica,novela naturalista,200,word,tf,2
428,8,0.0010569095611572266,0.004320621490478516,0.6666666666666666,0.5714285714285715,0.6666666666666666,0.5,1.0,1.0,1.0,1.0,subgenre-current,novela romántica,novela naturalista,200,word,tf,2
429,9,0.0010161399841308594,0.004293203353881836,0.8888888888888888,0.8571428571428571,1.0,0.75,1.0,1.0,1.0,1.0,subgenre-current,novela romántica,novela naturalista,200,word,tf,2
430,0,0.0010409355163574219,0.0044209957122802734,0.8888888888888888,0.888888888888889,1.0,0.8,1.0,1.0,1.0,1.0,subgenre-current,novela romántica,novela naturalista,200,word,tf,3
431,1,0.0010609626770019531,0.0044209957122802734,0.7777777777777778,0.8000000000000002,0.8,0.8,1.0,1.0,1.0,1.0,subgenre-current,novela romántica,novela naturalista,200,word,tf,3
432,2,0.0011172294616699219,0.0044252872467041016,0.7777777777777778,0.7499999999999999,1.0,0.6,1.0,1.0,1.0,1.0,subgenre-current,novela romántica,novela naturalista,200,word,tf,3
433,3,0.001054525375366211,0.0042896270751953125,0.6666666666666666,0.6666666666666665,0.75,0.6,1.0,1.0,1.0,1.0,subgenre-current,novela romántica,novela naturalista,200,word,tf,3
434,4,0.0010492801666259766,0.004353761672973633,0.8888888888888888,0.9090909090909091,0.8333333333333334,1.0,1.0,1.0,1.0,1.0,subgenre-current,novela romántica,novela naturalista,200,word,tf,3
435,5,0.001054525375366211,0.004332780838012695,0.6666666666666666,0.4,1.0,0.25,1.0,1.0,1.0,1.0,subgenre-current,novela romántica,novela naturalista,200,word,tf,3
436,6,0.0010306835174560547,0.00426173210144043,1.0,1.0,1.0,1.0,1.0,1.0,1.0,1.0,subgenre-current,novela romántica,novela naturalista,200,word,tf,3
437,7,0.001035451889038086,0.004321575164794922,0.7777777777777778,0.8,0.6666666666666666,1.0,1.0,1.0,1.0,1.0,subgenre-current,novela romántica,novela naturalista,200,word,tf,3
438,8,0.001016855239868164,0.004316568374633789,0.7777777777777778,0.75,0.75,0.75,1.0,1.0,1.0,1.0,subgenre-current,novela romántica,novela naturalista,200,word,tf,3
439,9,0.001027822494506836,0.00457763671875,1.0,1.0,1.0,1.0,1.0,1.0,1.0,1.0,subgenre-current,novela romántica,novela naturalista,200,word,tf,3
440,0,0.0010116100311279297,0.004359006881713867,0.8888888888888888,0.888888888888889,1.0,0.8,1.0,1.0,1.0,1.0,subgenre-current,novela romántica,novela naturalista,200,word,tf,4
441,1,0.001032114028930664,0.004420042037963867,0.8888888888888888,0.9090909090909091,0.8333333333333334,1.0,1.0,1.0,1.0,1.0,subgenre-current,novela romántica,novela naturalista,200,word,tf,4
442,2,0.0010480880737304688,0.00428318977355957,0.8888888888888888,0.888888888888889,1.0,0.8,1.0,1.0,1.0,1.0,subgenre-current,novela romántica,novela naturalista,200,word,tf,4
443,3,0.0010540485382080078,0.0042896270751953125,0.7777777777777778,0.8000000000000002,0.8,0.8,1.0,1.0,1.0,1.0,subgenre-current,novela romántica,novela naturalista,200,word,tf,4
444,4,0.001050710678100586,0.00460505485534668,0.7777777777777778,0.8000000000000002,0.8,0.8,1.0,1.0,1.0,1.0,subgenre-current,novela romántica,novela naturalista,200,word,tf,4
445,5,0.0010325908660888672,0.004305362701416016,0.7777777777777778,0.6666666666666666,1.0,0.5,1.0,1.0,1.0,1.0,subgenre-current,novela romántica,novela naturalista,200,word,tf,4
446,6,0.0010340213775634766,0.004296541213989258,0.7777777777777778,0.6666666666666666,1.0,0.5,1.0,1.0,1.0,1.0,subgenre-current,novela romántica,novela naturalista,200,word,tf,4
447,7,0.00103759765625,0.00436091423034668,0.8888888888888888,0.888888888888889,0.8,1.0,1.0,1.0,1.0,1.0,subgenre-current,novela romántica,novela naturalista,200,word,tf,4
448,8,0.0010271072387695312,0.004316806793212891,0.6666666666666666,0.5714285714285715,0.6666666666666666,0.5,1.0,1.0,1.0,1.0,subgenre-current,novela romántica,novela naturalista,200,word,tf,4
449,9,0.0010242462158203125,0.004361867904663086,0.8888888888888888,0.8571428571428571,1.0,0.75,1.0,1.0,1.0,1.0,subgenre-current,novela romántica,novela naturalista,200,word,tf,4
450,0,0.0010044574737548828,0.004401445388793945,0.7777777777777778,0.7499999999999999,1.0,0.6,1.0,1.0,1.0,1.0,subgenre-current,novela romántica,novela naturalista,200,word,tf,5
451,1,0.0010724067687988281,0.004304647445678711,0.6666666666666666,0.6666666666666665,0.75,0.6,1.0,1.0,1.0,1.0,subgenre-current,novela romántica,novela naturalista,200,word,tf,5
452,2,0.0010251998901367188,0.004293203353881836,1.0,1.0,1.0,1.0,1.0,1.0,1.0,1.0,subgenre-current,novela romántica,novela naturalista,200,word,tf,5
453,3,0.0010285377502441406,0.0042645931243896484,0.7777777777777778,0.8000000000000002,0.8,0.8,1.0,1.0,1.0,1.0,subgenre-current,novela romántica,novela naturalista,200,word,tf,5
454,4,0.0010361671447753906,0.004248619079589844,0.8888888888888888,0.888888888888889,1.0,0.8,1.0,1.0,1.0,1.0,subgenre-current,novela romántica,novela naturalista,200,word,tf,5
455,5,0.00102996826171875,0.004299163818359375,0.7777777777777778,0.6666666666666666,1.0,0.5,1.0,1.0,1.0,1.0,subgenre-current,novela romántica,novela naturalista,200,word,tf,5
456,6,0.0010106563568115234,0.004313945770263672,0.7777777777777778,0.6666666666666666,1.0,0.5,1.0,1.0,1.0,1.0,subgenre-current,novela romántica,novela naturalista,200,word,tf,5
457,7,0.0010190010070800781,0.004286527633666992,0.8888888888888888,0.888888888888889,0.8,1.0,1.0,1.0,1.0,1.0,subgenre-current,novela romántica,novela naturalista,200,word,tf,5
458,8,0.0010199546813964844,0.004307985305786133,0.8888888888888888,0.888888888888889,0.8,1.0,1.0,1.0,1.0,1.0,subgenre-current,novela romántica,novela naturalista,200,word,tf,5
459,9,0.001024484634399414,0.0048329830169677734,0.8888888888888888,0.8571428571428571,1.0,0.75,1.0,1.0,1.0,1.0,subgenre-current,novela romántica,novela naturalista,200,word,tf,5
460,0,0.001077413558959961,0.004330158233642578,1.0,1.0,1.0,1.0,1.0,1.0,1.0,1.0,subgenre-current,novela romántica,novela naturalista,200,word,tf,6
461,1,0.0010914802551269531,0.0043182373046875,0.8888888888888888,0.9090909090909091,0.8333333333333334,1.0,1.0,1.0,1.0,1.0,subgenre-current,novela romántica,novela naturalista,200,word,tf,6
462,2,0.0010180473327636719,0.004326820373535156,0.7777777777777778,0.7499999999999999,1.0,0.6,1.0,1.0,1.0,1.0,subgenre-current,novela romántica,novela naturalista,200,word,tf,6
463,3,0.0010247230529785156,0.004307985305786133,0.6666666666666666,0.6666666666666665,0.75,0.6,1.0,1.0,1.0,1.0,subgenre-current,novela romántica,novela naturalista,200,word,tf,6
464,4,0.0010335445404052734,0.0043680667877197266,0.6666666666666666,0.6666666666666665,0.75,0.6,1.0,1.0,1.0,1.0,subgenre-current,novela romántica,novela naturalista,200,word,tf,6
465,5,0.0010271072387695312,0.004271268844604492,0.8888888888888888,0.8571428571428571,1.0,0.75,1.0,1.0,1.0,1.0,subgenre-current,novela romántica,novela naturalista,200,word,tf,6
466,6,0.0010433197021484375,0.004340171813964844,1.0,1.0,1.0,1.0,1.0,1.0,1.0,1.0,subgenre-current,novela romántica,novela naturalista,200,word,tf,6
467,7,0.001020669937133789,0.0042650699615478516,0.8888888888888888,0.888888888888889,0.8,1.0,1.0,1.0,1.0,1.0,subgenre-current,novela romántica,novela naturalista,200,word,tf,6
468,8,0.0010235309600830078,0.004290580749511719,0.5555555555555556,0.3333333333333333,0.5,0.25,1.0,1.0,1.0,1.0,subgenre-current,novela romántica,novela naturalista,200,word,tf,6
469,9,0.0010271072387695312,0.004346609115600586,1.0,1.0,1.0,1.0,1.0,1.0,1.0,1.0,subgenre-current,novela romántica,novela naturalista,200,word,tf,6
470,0,0.0010395050048828125,0.0043065547943115234,1.0,1.0,1.0,1.0,1.0,1.0,1.0,1.0,subgenre-current,novela romántica,novela naturalista,200,word,tf,7
471,1,0.0010156631469726562,0.004294872283935547,0.6666666666666666,0.6666666666666665,0.6,0.75,1.0,1.0,1.0,1.0,subgenre-current,novela romántica,novela naturalista,200,word,tf,7
472,2,0.0010161399841308594,0.00428318977355957,0.7777777777777778,0.75,0.75,0.75,1.0,1.0,1.0,1.0,subgenre-current,novela romántica,novela naturalista,200,word,tf,7
473,3,0.0010311603546142578,0.00420379638671875,0.8888888888888888,0.8571428571428571,1.0,0.75,1.0,1.0,1.0,1.0,subgenre-current,novela romántica,novela naturalista,200,word,tf,7
474,4,0.001039266586303711,0.00425267219543457,1.0,1.0,1.0,1.0,1.0,1.0,1.0,1.0,subgenre-current,novela romántica,novela naturalista,200,word,tf,7
475,5,0.0010221004486083984,0.004313468933105469,0.8888888888888888,0.888888888888889,1.0,0.8,1.0,1.0,1.0,1.0,subgenre-current,novela romántica,novela naturalista,200,word,tf,7
476,6,0.0010311603546142578,0.0042459964752197266,0.5555555555555556,0.5,0.6666666666666666,0.4,1.0,1.0,1.0,1.0,subgenre-current,novela romántica,novela naturalista,200,word,tf,7
477,7,0.0010290145874023438,0.004242420196533203,0.8888888888888888,0.888888888888889,1.0,0.8,1.0,1.0,1.0,1.0,subgenre-current,novela romántica,novela naturalista,200,word,tf,7
478,8,0.0010995864868164062,0.004423379898071289,0.6666666666666666,0.6666666666666665,0.75,0.6,1.0,1.0,1.0,1.0,subgenre-current,novela romántica,novela naturalista,200,word,tf,7
479,9,0.0010235309600830078,0.004567861557006836,1.0,1.0,1.0,1.0,1.0,1.0,1.0,1.0,subgenre-current,novela romántica,novela naturalista,200,word,tf,7
480,0,0.0010228157043457031,0.004436969757080078,0.8888888888888888,0.888888888888889,1.0,0.8,1.0,1.0,1.0,1.0,subgenre-current,novela romántica,novela naturalista,200,word,tf,8
481,1,0.0010704994201660156,0.0043299198150634766,0.8888888888888888,0.888888888888889,1.0,0.8,1.0,1.0,1.0,1.0,subgenre-current,novela romántica,novela naturalista,200,word,tf,8
482,2,0.0010776519775390625,0.0042877197265625,0.7777777777777778,0.7499999999999999,1.0,0.6,1.0,1.0,1.0,1.0,subgenre-current,novela romántica,novela naturalista,200,word,tf,8
483,3,0.0010411739349365234,0.004269123077392578,0.7777777777777778,0.8000000000000002,0.8,0.8,1.0,1.0,1.0,1.0,subgenre-current,novela romántica,novela naturalista,200,word,tf,8
484,4,0.0010509490966796875,0.004299640655517578,1.0,1.0,1.0,1.0,1.0,1.0,1.0,1.0,subgenre-current,novela romántica,novela naturalista,200,word,tf,8
485,5,0.0010280609130859375,0.004305601119995117,0.7777777777777778,0.75,0.75,0.75,1.0,1.0,1.0,1.0,subgenre-current,novela romántica,novela naturalista,200,word,tf,8
486,6,0.0010249614715576172,0.004300594329833984,1.0,1.0,1.0,1.0,1.0,1.0,1.0,1.0,subgenre-current,novela romántica,novela naturalista,200,word,tf,8
487,7,0.0010294914245605469,0.004292488098144531,0.7777777777777778,0.8,0.6666666666666666,1.0,1.0,1.0,1.0,1.0,subgenre-current,novela romántica,novela naturalista,200,word,tf,8
488,8,0.0010752677917480469,0.0043065547943115234,0.8888888888888888,0.888888888888889,0.8,1.0,1.0,1.0,1.0,1.0,subgenre-current,novela romántica,novela naturalista,200,word,tf,8
489,9,0.0010502338409423828,0.004339694976806641,1.0,1.0,1.0,1.0,1.0,1.0,1.0,1.0,subgenre-current,novela romántica,novela naturalista,200,word,tf,8
490,0,0.0010361671447753906,0.0043792724609375,0.8888888888888888,0.888888888888889,1.0,0.8,1.0,1.0,1.0,1.0,subgenre-current,novela romántica,novela naturalista,200,word,tf,9
491,1,0.0010509490966796875,0.004373073577880859,0.8888888888888888,0.9090909090909091,0.8333333333333334,1.0,1.0,1.0,1.0,1.0,subgenre-current,novela romántica,novela naturalista,200,word,tf,9
492,2,0.0010344982147216797,0.0043637752532958984,0.8888888888888888,0.888888888888889,1.0,0.8,1.0,1.0,1.0,1.0,subgenre-current,novela romántica,novela naturalista,200,word,tf,9
493,3,0.0010209083557128906,0.0043714046478271484,0.7777777777777778,0.8000000000000002,0.8,0.8,1.0,1.0,1.0,1.0,subgenre-current,novela romántica,novela naturalista,200,word,tf,9
494,4,0.00103759765625,0.004370450973510742,0.7777777777777778,0.7499999999999999,1.0,0.6,1.0,1.0,1.0,1.0,subgenre-current,novela romántica,novela naturalista,200,word,tf,9
495,5,0.0010650157928466797,0.004332542419433594,0.6666666666666666,0.5714285714285715,0.6666666666666666,0.5,1.0,1.0,1.0,1.0,subgenre-current,novela romántica,novela naturalista,200,word,tf,9
496,6,0.0010695457458496094,0.0043239593505859375,0.8888888888888888,0.8571428571428571,1.0,0.75,1.0,1.0,1.0,1.0,subgenre-current,novela romántica,novela naturalista,200,word,tf,9
497,7,0.0010590553283691406,0.00432276725769043,0.8888888888888888,0.888888888888889,0.8,1.0,1.0,1.0,1.0,1.0,subgenre-current,novela romántica,novela naturalista,200,word,tf,9
498,8,0.001016378402709961,0.004342794418334961,0.8888888888888888,0.888888888888889,0.8,1.0,1.0,1.0,1.0,1.0,subgenre-current,novela romántica,novela naturalista,200,word,tf,9
499,9,0.0010366439819335938,0.004609346389770508,1.0,1.0,1.0,1.0,1.0,1.0,1.0,1.0,subgenre-current,novela romántica,novela naturalista,200,word,tf,9
500,0,0.0009503364562988281,0.004214286804199219,0.7142857142857143,0.6666666666666666,1.0,0.5,1.0,1.0,1.0,1.0,subgenre-current,novela realista,novela naturalista,200,word,tf,0
501,1,0.0009942054748535156,0.004174232482910156,0.5714285714285714,0.6666666666666665,0.6,0.75,1.0,1.0,1.0,1.0,subgenre-current,novela realista,novela naturalista,200,word,tf,0
502,2,0.0009813308715820312,0.0041656494140625,0.8571428571428571,0.888888888888889,0.8,1.0,1.0,1.0,1.0,1.0,subgenre-current,novela realista,novela naturalista,200,word,tf,0
503,3,0.0009491443634033203,0.004132270812988281,0.5714285714285714,0.7272727272727273,0.5714285714285714,1.0,1.0,1.0,1.0,1.0,subgenre-current,novela realista,novela naturalista,200,word,tf,0
504,4,0.0009789466857910156,0.004193305969238281,0.8571428571428571,0.8571428571428571,1.0,0.75,1.0,1.0,1.0,1.0,subgenre-current,novela realista,novela naturalista,200,word,tf,0
505,5,0.0009386539459228516,0.004220724105834961,0.5714285714285714,0.6666666666666666,0.5,1.0,1.0,1.0,1.0,1.0,subgenre-current,novela realista,novela naturalista,200,word,tf,0
506,6,0.0009520053863525391,0.004144906997680664,0.5714285714285714,0.6666666666666666,0.5,1.0,1.0,1.0,1.0,1.0,subgenre-current,novela realista,novela naturalista,200,word,tf,0
507,7,0.0009877681732177734,0.004165172576904297,0.8571428571428571,0.8571428571428571,0.75,1.0,1.0,1.0,1.0,1.0,subgenre-current,novela realista,novela naturalista,200,word,tf,0
508,8,0.0009918212890625,0.004205226898193359,0.5714285714285714,0.4,0.5,0.3333333333333333,1.0,1.0,1.0,1.0,subgenre-current,novela realista,novela naturalista,200,word,tf,0
509,9,0.0009903907775878906,0.004258632659912109,0.7142857142857143,0.7499999999999999,0.6,1.0,1.0,1.0,1.0,1.0,subgenre-current,novela realista,novela naturalista,200,word,tf,0
510,0,0.0009484291076660156,0.0042247772216796875,0.8571428571428571,0.8571428571428571,1.0,0.75,1.0,1.0,1.0,1.0,subgenre-current,novela realista,novela naturalista,200,word,tf,1
511,1,0.0009675025939941406,0.004235506057739258,0.7142857142857143,0.6666666666666666,1.0,0.5,1.0,1.0,1.0,1.0,subgenre-current,novela realista,novela naturalista,200,word,tf,1
512,2,0.0009472370147705078,0.004133462905883789,0.8571428571428571,0.888888888888889,0.8,1.0,1.0,1.0,1.0,1.0,subgenre-current,novela realista,novela naturalista,200,word,tf,1
513,3,0.0010042190551757812,0.0041675567626953125,0.8571428571428571,0.8571428571428571,1.0,0.75,1.0,1.0,1.0,1.0,subgenre-current,novela realista,novela naturalista,200,word,tf,1
514,4,0.0009341239929199219,0.004195690155029297,0.5714285714285714,0.6666666666666665,0.6,0.75,1.0,1.0,1.0,1.0,subgenre-current,novela realista,novela naturalista,200,word,tf,1
515,5,0.0009546279907226562,0.004197120666503906,0.8571428571428571,0.8,1.0,0.6666666666666666,1.0,1.0,1.0,1.0,subgenre-current,novela realista,novela naturalista,200,word,tf,1
516,6,0.0009522438049316406,0.0042111873626708984,0.7142857142857143,0.7499999999999999,0.6,1.0,1.0,1.0,1.0,1.0,subgenre-current,novela realista,novela naturalista,200,word,tf,1
517,7,0.0009794235229492188,0.004198789596557617,0.42857142857142855,0.3333333333333333,0.3333333333333333,0.3333333333333333,1.0,1.0,1.0,1.0,subgenre-current,novela realista,novela naturalista,200,word,tf,1
518,8,0.0009484291076660156,0.0042324066162109375,0.5714285714285714,0.4,0.5,0.3333333333333333,1.0,1.0,1.0,1.0,subgenre-current,novela realista,novela naturalista,200,word,tf,1
519,9,0.0009672641754150391,0.0044558048248291016,0.5714285714285714,0.5714285714285715,0.5,0.6666666666666666,1.0,1.0,1.0,1.0,subgenre-current,novela realista,novela naturalista,200,word,tf,1
520,0,0.0009417533874511719,0.004261016845703125,0.7142857142857143,0.6666666666666666,1.0,0.5,1.0,1.0,1.0,1.0,subgenre-current,novela realista,novela naturalista,200,word,tf,2
521,1,0.0009567737579345703,0.004206180572509766,0.7142857142857143,0.6666666666666666,1.0,0.5,1.0,1.0,1.0,1.0,subgenre-current,novela realista,novela naturalista,200,word,tf,2
522,2,0.0009737014770507812,0.0041675567626953125,1.0,1.0,1.0,1.0,1.0,1.0,1.0,1.0,subgenre-current,novela realista,novela naturalista,200,word,tf,2
523,3,0.0009746551513671875,0.0042035579681396484,0.7142857142857143,0.75,0.75,0.75,1.0,1.0,1.0,1.0,subgenre-current,novela realista,novela naturalista,200,word,tf,2
524,4,0.0009589195251464844,0.004196643829345703,0.5714285714285714,0.6666666666666665,0.6,0.75,1.0,1.0,1.0,1.0,subgenre-current,novela realista,novela naturalista,200,word,tf,2
525,5,0.0009818077087402344,0.004187583923339844,0.5714285714285714,0.6666666666666666,0.5,1.0,1.0,1.0,1.0,1.0,subgenre-current,novela realista,novela naturalista,200,word,tf,2
526,6,0.0009548664093017578,0.004167795181274414,0.7142857142857143,0.7499999999999999,0.6,1.0,1.0,1.0,1.0,1.0,subgenre-current,novela realista,novela naturalista,200,word,tf,2
527,7,0.000946044921875,0.0041751861572265625,0.7142857142857143,0.5,1.0,0.3333333333333333,1.0,1.0,1.0,1.0,subgenre-current,novela realista,novela naturalista,200,word,tf,2
528,8,0.0009815692901611328,0.00416111946105957,0.2857142857142857,0.28571428571428575,0.25,0.3333333333333333,1.0,1.0,1.0,1.0,subgenre-current,novela realista,novela naturalista,200,word,tf,2
529,9,0.0009527206420898438,0.004246234893798828,0.8571428571428571,0.8,1.0,0.6666666666666666,1.0,1.0,1.0,1.0,subgenre-current,novela realista,novela naturalista,200,word,tf,2
530,0,0.0009770393371582031,0.0042536258697509766,0.8571428571428571,0.8571428571428571,1.0,0.75,1.0,1.0,1.0,1.0,subgenre-current,novela realista,novela naturalista,200,word,tf,3
531,1,0.0009598731994628906,0.004182338714599609,0.7142857142857143,0.75,0.75,0.75,1.0,1.0,1.0,1.0,subgenre-current,novela realista,novela naturalista,200,word,tf,3
532,2,0.0009660720825195312,0.0042476654052734375,0.8571428571428571,0.888888888888889,0.8,1.0,1.0,1.0,1.0,1.0,subgenre-current,novela realista,novela naturalista,200,word,tf,3
533,3,0.0009531974792480469,0.004193305969238281,0.5714285714285714,0.7272727272727273,0.5714285714285714,1.0,1.0,1.0,1.0,1.0,subgenre-current,novela realista,novela naturalista,200,word,tf,3
534,4,0.0009808540344238281,0.0041730403900146484,0.7142857142857143,0.75,0.75,0.75,1.0,1.0,1.0,1.0,subgenre-current,novela realista,novela naturalista,200,word,tf,3
535,5,0.0009751319885253906,0.0041811466217041016,0.7142857142857143,0.7499999999999999,0.6,1.0,1.0,1.0,1.0,1.0,subgenre-current,novela realista,novela naturalista,200,word,tf,3
536,6,0.0009458065032958984,0.004229307174682617,0.5714285714285714,0.6666666666666666,0.5,1.0,1.0,1.0,1.0,1.0,subgenre-current,novela realista,novela naturalista,200,word,tf,3
537,7,0.0009529590606689453,0.004181623458862305,0.7142857142857143,0.7499999999999999,0.6,1.0,1.0,1.0,1.0,1.0,subgenre-current,novela realista,novela naturalista,200,word,tf,3
538,8,0.000957489013671875,0.0041887760162353516,0.5714285714285714,0.4,0.5,0.3333333333333333,1.0,1.0,1.0,1.0,subgenre-current,novela realista,novela naturalista,200,word,tf,3
539,9,0.0009436607360839844,0.0048029422760009766,0.7142857142857143,0.6666666666666666,0.6666666666666666,0.6666666666666666,1.0,1.0,1.0,1.0,subgenre-current,novela realista,novela naturalista,200,word,tf,3
540,0,0.00093841552734375,0.004271745681762695,1.0,1.0,1.0,1.0,1.0,1.0,1.0,1.0,subgenre-current,novela realista,novela naturalista,200,word,tf,4
541,1,0.0009703636169433594,0.004267692565917969,0.8571428571428571,0.8571428571428571,1.0,0.75,1.0,1.0,1.0,1.0,subgenre-current,novela realista,novela naturalista,200,word,tf,4
542,2,0.0009434223175048828,0.004177570343017578,0.8571428571428571,0.888888888888889,0.8,1.0,1.0,1.0,1.0,1.0,subgenre-current,novela realista,novela naturalista,200,word,tf,4
543,3,0.0009944438934326172,0.004168272018432617,0.8571428571428571,0.888888888888889,0.8,1.0,1.0,1.0,1.0,1.0,subgenre-current,novela realista,novela naturalista,200,word,tf,4
544,4,0.0009610652923583984,0.00434565544128418,0.5714285714285714,0.6666666666666665,0.6,0.75,1.0,1.0,1.0,1.0,subgenre-current,novela realista,novela naturalista,200,word,tf,4
545,5,0.001001596450805664,0.004189729690551758,0.5714285714285714,0.6666666666666666,0.5,1.0,1.0,1.0,1.0,1.0,subgenre-current,novela realista,novela naturalista,200,word,tf,4
546,6,0.0009508132934570312,0.004160165786743164,0.5714285714285714,0.6666666666666666,0.5,1.0,1.0,1.0,1.0,1.0,subgenre-current,novela realista,novela naturalista,200,word,tf,4
547,7,0.0009591579437255859,0.0041811466217041016,0.8571428571428571,0.8571428571428571,0.75,1.0,1.0,1.0,1.0,1.0,subgenre-current,novela realista,novela naturalista,200,word,tf,4
548,8,0.0009696483612060547,0.004213809967041016,0.42857142857142855,0.3333333333333333,0.3333333333333333,0.3333333333333333,1.0,1.0,1.0,1.0,subgenre-current,novela realista,novela naturalista,200,word,tf,4
549,9,0.0009508132934570312,0.0042438507080078125,0.5714285714285714,0.5714285714285715,0.5,0.6666666666666666,1.0,1.0,1.0,1.0,subgenre-current,novela realista,novela naturalista,200,word,tf,4
550,0,0.0009381771087646484,0.0042417049407958984,0.7142857142857143,0.6666666666666666,1.0,0.5,1.0,1.0,1.0,1.0,subgenre-current,novela realista,novela naturalista,200,word,tf,5
551,1,0.0009887218475341797,0.00422215461730957,0.5714285714285714,0.5714285714285715,0.6666666666666666,0.5,1.0,1.0,1.0,1.0,subgenre-current,novela realista,novela naturalista,200,word,tf,5
552,2,0.0009827613830566406,0.004171848297119141,1.0,1.0,1.0,1.0,1.0,1.0,1.0,1.0,subgenre-current,novela realista,novela naturalista,200,word,tf,5
553,3,0.0009601116180419922,0.004150867462158203,0.7142857142857143,0.75,0.75,0.75,1.0,1.0,1.0,1.0,subgenre-current,novela realista,novela naturalista,200,word,tf,5
554,4,0.0009491443634033203,0.004245758056640625,0.7142857142857143,0.75,0.75,0.75,1.0,1.0,1.0,1.0,subgenre-current,novela realista,novela naturalista,200,word,tf,5
555,5,0.0009508132934570312,0.004190206527709961,0.42857142857142855,0.5,0.4,0.6666666666666666,1.0,1.0,1.0,1.0,subgenre-current,novela realista,novela naturalista,200,word,tf,5
556,6,0.0009613037109375,0.004225730895996094,0.42857142857142855,0.6,0.42857142857142855,1.0,1.0,1.0,1.0,1.0,subgenre-current,novela realista,novela naturalista,200,word,tf,5
557,7,0.0009758472442626953,0.004210710525512695,0.7142857142857143,0.6666666666666666,0.6666666666666666,0.6666666666666666,1.0,1.0,1.0,1.0,subgenre-current,novela realista,novela naturalista,200,word,tf,5
558,8,0.0009446144104003906,0.004219532012939453,0.42857142857142855,0.3333333333333333,0.3333333333333333,0.3333333333333333,1.0,1.0,1.0,1.0,subgenre-current,novela realista,novela naturalista,200,word,tf,5
559,9,0.0009474754333496094,0.00445866584777832,0.7142857142857143,0.6666666666666666,0.6666666666666666,0.6666666666666666,1.0,1.0,1.0,1.0,subgenre-current,novela realista,novela naturalista,200,word,tf,5
560,0,0.0009353160858154297,0.004346132278442383,0.7142857142857143,0.6666666666666666,1.0,0.5,1.0,1.0,1.0,1.0,subgenre-current,novela realista,novela naturalista,200,word,tf,6
561,1,0.0009591579437255859,0.004183292388916016,0.5714285714285714,0.5714285714285715,0.6666666666666666,0.5,1.0,1.0,1.0,1.0,subgenre-current,novela realista,novela naturalista,200,word,tf,6
562,2,0.0009615421295166016,0.004201412200927734,1.0,1.0,1.0,1.0,1.0,1.0,1.0,1.0,subgenre-current,novela realista,novela naturalista,200,word,tf,6
563,3,0.0009558200836181641,0.0042340755462646484,0.8571428571428571,0.8571428571428571,1.0,0.75,1.0,1.0,1.0,1.0,subgenre-current,novela realista,novela naturalista,200,word,tf,6
564,4,0.0009658336639404297,0.004179716110229492,0.7142857142857143,0.75,0.75,0.75,1.0,1.0,1.0,1.0,subgenre-current,novela realista,novela naturalista,200,word,tf,6
565,5,0.0009613037109375,0.004300355911254883,0.7142857142857143,0.6666666666666666,0.6666666666666666,0.6666666666666666,1.0,1.0,1.0,1.0,subgenre-current,novela realista,novela naturalista,200,word,tf,6
566,6,0.000986337661743164,0.004282951354980469,0.5714285714285714,0.6666666666666666,0.5,1.0,1.0,1.0,1.0,1.0,subgenre-current,novela realista,novela naturalista,200,word,tf,6
567,7,0.0009543895721435547,0.004198312759399414,0.42857142857142855,0.5,0.4,0.6666666666666666,1.0,1.0,1.0,1.0,subgenre-current,novela realista,novela naturalista,200,word,tf,6
568,8,0.0009455680847167969,0.0041654109954833984,0.7142857142857143,0.5,1.0,0.3333333333333333,1.0,1.0,1.0,1.0,subgenre-current,novela realista,novela naturalista,200,word,tf,6
569,9,0.0009589195251464844,0.004273653030395508,0.7142857142857143,0.7499999999999999,0.6,1.0,1.0,1.0,1.0,1.0,subgenre-current,novela realista,novela naturalista,200,word,tf,6
570,0,0.0009791851043701172,0.004238128662109375,0.7142857142857143,0.6666666666666666,1.0,0.5,1.0,1.0,1.0,1.0,subgenre-current,novela realista,novela naturalista,200,word,tf,7
571,1,0.0009953975677490234,0.004248857498168945,0.5714285714285714,0.5714285714285715,0.6666666666666666,0.5,1.0,1.0,1.0,1.0,subgenre-current,novela realista,novela naturalista,200,word,tf,7
572,2,0.0009799003601074219,0.004182338714599609,1.0,1.0,1.0,1.0,1.0,1.0,1.0,1.0,subgenre-current,novela realista,novela naturalista,200,word,tf,7
573,3,0.0009415149688720703,0.004101753234863281,0.8571428571428571,0.888888888888889,0.8,1.0,1.0,1.0,1.0,1.0,subgenre-current,novela realista,novela naturalista,200,word,tf,7
574,4,0.0009639263153076172,0.004138469696044922,0.7142857142857143,0.75,0.75,0.75,1.0,1.0,1.0,1.0,subgenre-current,novela realista,novela naturalista,200,word,tf,7
575,5,0.0009601116180419922,0.0041277408599853516,0.8571428571428571,0.8571428571428571,0.75,1.0,1.0,1.0,1.0,1.0,subgenre-current,novela realista,novela naturalista,200,word,tf,7
576,6,0.000949859619140625,0.004166364669799805,0.5714285714285714,0.6666666666666666,0.5,1.0,1.0,1.0,1.0,1.0,subgenre-current,novela realista,novela naturalista,200,word,tf,7
577,7,0.0009400844573974609,0.004106283187866211,0.5714285714285714,0.6666666666666666,0.5,1.0,1.0,1.0,1.0,1.0,subgenre-current,novela realista,novela naturalista,200,word,tf,7
578,8,0.0009520053863525391,0.004134416580200195,0.5714285714285714,0.4,0.5,0.3333333333333333,1.0,1.0,1.0,1.0,subgenre-current,novela realista,novela naturalista,200,word,tf,7
579,9,0.0009307861328125,0.0044515132904052734,0.8571428571428571,0.8571428571428571,0.75,1.0,1.0,1.0,1.0,1.0,subgenre-current,novela realista,novela naturalista,200,word,tf,7
580,0,0.0014376640319824219,0.004953622817993164,0.8571428571428571,0.8571428571428571,1.0,0.75,1.0,1.0,1.0,1.0,subgenre-current,novela realista,novela naturalista,200,word,tf,8
581,1,0.0010333061218261719,0.0042760372161865234,0.8571428571428571,0.8571428571428571,1.0,0.75,1.0,1.0,1.0,1.0,subgenre-current,novela realista,novela naturalista,200,word,tf,8
582,2,0.0009496212005615234,0.00422215461730957,1.0,1.0,1.0,1.0,1.0,1.0,1.0,1.0,subgenre-current,novela realista,novela naturalista,200,word,tf,8
583,3,0.0009479522705078125,0.0041086673736572266,0.7142857142857143,0.75,0.75,0.75,1.0,1.0,1.0,1.0,subgenre-current,novela realista,novela naturalista,200,word,tf,8
584,4,0.0009579658508300781,0.00414729118347168,0.7142857142857143,0.75,0.75,0.75,1.0,1.0,1.0,1.0,subgenre-current,novela realista,novela naturalista,200,word,tf,8
585,5,0.0009541511535644531,0.004193782806396484,0.7142857142857143,0.7499999999999999,0.6,1.0,1.0,1.0,1.0,1.0,subgenre-current,novela realista,novela naturalista,200,word,tf,8
586,6,0.0009624958038330078,0.004213809967041016,0.5714285714285714,0.6666666666666666,0.5,1.0,1.0,1.0,1.0,1.0,subgenre-current,novela realista,novela naturalista,200,word,tf,8
587,7,0.0009601116180419922,0.004164695739746094,0.7142857142857143,0.6666666666666666,0.6666666666666666,0.6666666666666666,1.0,1.0,1.0,1.0,subgenre-current,novela realista,novela naturalista,200,word,tf,8
588,8,0.0009441375732421875,0.0042285919189453125,0.42857142857142855,0.3333333333333333,0.3333333333333333,0.3333333333333333,1.0,1.0,1.0,1.0,subgenre-current,novela realista,novela naturalista,200,word,tf,8
589,9,0.0009598731994628906,0.004156827926635742,0.5714285714285714,0.5714285714285715,0.5,0.6666666666666666,1.0,1.0,1.0,1.0,subgenre-current,novela realista,novela naturalista,200,word,tf,8
590,0,0.0010027885437011719,0.004241943359375,0.7142857142857143,0.6666666666666666,1.0,0.5,1.0,1.0,1.0,1.0,subgenre-current,novela realista,novela naturalista,200,word,tf,9
591,1,0.000972747802734375,0.004181623458862305,0.7142857142857143,0.6666666666666666,1.0,0.5,1.0,1.0,1.0,1.0,subgenre-current,novela realista,novela naturalista,200,word,tf,9
592,2,0.0009458065032958984,0.004124164581298828,0.8571428571428571,0.888888888888889,0.8,1.0,1.0,1.0,1.0,1.0,subgenre-current,novela realista,novela naturalista,200,word,tf,9
593,3,0.0009491443634033203,0.004239082336425781,0.7142857142857143,0.75,0.75,0.75,1.0,1.0,1.0,1.0,subgenre-current,novela realista,novela naturalista,200,word,tf,9
594,4,0.0009429454803466797,0.004182577133178711,0.7142857142857143,0.75,0.75,0.75,1.0,1.0,1.0,1.0,subgenre-current,novela realista,novela naturalista,200,word,tf,9
595,5,0.0009415149688720703,0.004171848297119141,0.5714285714285714,0.5714285714285715,0.5,0.6666666666666666,1.0,1.0,1.0,1.0,subgenre-current,novela realista,novela naturalista,200,word,tf,9
596,6,0.0009639263153076172,0.004133939743041992,0.7142857142857143,0.7499999999999999,0.6,1.0,1.0,1.0,1.0,1.0,subgenre-current,novela realista,novela naturalista,200,word,tf,9
597,7,0.0009312629699707031,0.004213809967041016,0.42857142857142855,0.3333333333333333,0.3333333333333333,0.3333333333333333,1.0,1.0,1.0,1.0,subgenre-current,novela realista,novela naturalista,200,word,tf,9
598,8,0.0009410381317138672,0.004116058349609375,0.5714285714285714,0.4,0.5,0.3333333333333333,1.0,1.0,1.0,1.0,subgenre-current,novela realista,novela naturalista,200,word,tf,9
599,9,0.000949859619140625,0.004398345947265625,0.5714285714285714,0.5714285714285715,0.5,0.6666666666666666,1.0,1.0,1.0,1.0,subgenre-current,novela realista,novela naturalista,200,word,tf,9
