,call,fit_time,score_time,test_accuracy,test_f1,test_precision,test_recall,train_accuracy,train_f1,train_precision,train_recall,subgenre_level,class1,class2,mfw,token_unit,normalization,data_repetition
0,0,0.23360252380371094,0.012350320816040039,1.0,1.0,1.0,1.0,1.0,1.0,1.0,1.0,subgenre-current,novela romántica,other,2000,word,zscore,0
1,1,0.23539495468139648,0.012311458587646484,0.8235294117647058,0.823529411764706,0.7777777777777778,0.875,1.0,1.0,1.0,1.0,subgenre-current,novela romántica,other,2000,word,zscore,0
2,2,0.2683112621307373,0.014284610748291016,0.7647058823529411,0.7142857142857143,0.8333333333333334,0.625,1.0,1.0,1.0,1.0,subgenre-current,novela romántica,other,2000,word,zscore,0
3,3,0.2510542869567871,0.01224970817565918,0.9411764705882353,0.9333333333333333,1.0,0.875,1.0,1.0,1.0,1.0,subgenre-current,novela romántica,other,2000,word,zscore,0
4,4,0.24360108375549316,0.013781547546386719,0.8823529411764706,0.875,0.875,0.875,1.0,1.0,1.0,1.0,subgenre-current,novela romántica,other,2000,word,zscore,0
5,5,0.23447608947753906,0.01233983039855957,0.8235294117647058,0.823529411764706,0.875,0.7777777777777778,1.0,1.0,1.0,1.0,subgenre-current,novela romántica,other,2000,word,zscore,0
6,6,0.23438811302185059,0.01210784912109375,0.8235294117647058,0.823529411764706,0.875,0.7777777777777778,1.0,1.0,1.0,1.0,subgenre-current,novela romántica,other,2000,word,zscore,0
7,7,0.2353529930114746,0.012222766876220703,0.9411764705882353,0.9411764705882353,1.0,0.8888888888888888,1.0,1.0,1.0,1.0,subgenre-current,novela romántica,other,2000,word,zscore,0
8,8,0.23078632354736328,0.012202978134155273,0.7647058823529411,0.7999999999999999,0.7272727272727273,0.8888888888888888,1.0,1.0,1.0,1.0,subgenre-current,novela romántica,other,2000,word,zscore,0
9,9,0.2372422218322754,0.012194633483886719,0.9411764705882353,0.9411764705882353,1.0,0.8888888888888888,1.0,1.0,1.0,1.0,subgenre-current,novela romántica,other,2000,word,zscore,0
10,0,0.2559940814971924,0.013971567153930664,1.0,1.0,1.0,1.0,1.0,1.0,1.0,1.0,subgenre-current,novela romántica,other,2000,word,zscore,1
11,1,0.244276762008667,0.0123748779296875,0.9411764705882353,0.9411764705882353,0.8888888888888888,1.0,1.0,1.0,1.0,1.0,subgenre-current,novela romántica,other,2000,word,zscore,1
12,2,0.30872416496276855,0.012836933135986328,0.8823529411764706,0.875,0.875,0.875,1.0,1.0,1.0,1.0,subgenre-current,novela romántica,other,2000,word,zscore,1
13,3,0.2439711093902588,0.013033151626586914,0.9411764705882353,0.9333333333333333,1.0,0.875,1.0,1.0,1.0,1.0,subgenre-current,novela romántica,other,2000,word,zscore,1
14,4,0.2736492156982422,0.013477563858032227,0.8823529411764706,0.875,0.875,0.875,1.0,1.0,1.0,1.0,subgenre-current,novela romántica,other,2000,word,zscore,1
15,5,0.2592928409576416,0.013281822204589844,0.8823529411764706,0.8888888888888888,0.8888888888888888,0.8888888888888888,1.0,1.0,1.0,1.0,subgenre-current,novela romántica,other,2000,word,zscore,1
16,6,0.2437760829925537,0.012364625930786133,0.8235294117647058,0.823529411764706,0.875,0.7777777777777778,1.0,1.0,1.0,1.0,subgenre-current,novela romántica,other,2000,word,zscore,1
17,7,0.25087666511535645,0.012581110000610352,0.9411764705882353,0.9411764705882353,1.0,0.8888888888888888,1.0,1.0,1.0,1.0,subgenre-current,novela romántica,other,2000,word,zscore,1
18,8,0.2699148654937744,0.013320207595825195,0.8823529411764706,0.9,0.8181818181818182,1.0,1.0,1.0,1.0,1.0,subgenre-current,novela romántica,other,2000,word,zscore,1
19,9,0.29367589950561523,0.013118505477905273,1.0,1.0,1.0,1.0,1.0,1.0,1.0,1.0,subgenre-current,novela romántica,other,2000,word,zscore,1
20,0,0.2725687026977539,0.014077901840209961,0.8823529411764706,0.8750000000000001,1.0,0.7777777777777778,1.0,1.0,1.0,1.0,subgenre-current,novela romántica,other,2000,word,zscore,2
21,1,0.2828071117401123,0.012574911117553711,0.8823529411764706,0.8888888888888888,0.8888888888888888,0.8888888888888888,1.0,1.0,1.0,1.0,subgenre-current,novela romántica,other,2000,word,zscore,2
22,2,0.24777579307556152,0.012613534927368164,0.8823529411764706,0.8750000000000001,1.0,0.7777777777777778,1.0,1.0,1.0,1.0,subgenre-current,novela romántica,other,2000,word,zscore,2
23,3,0.2580559253692627,0.01292109489440918,1.0,1.0,1.0,1.0,1.0,1.0,1.0,1.0,subgenre-current,novela romántica,other,2000,word,zscore,2
24,4,0.2532382011413574,0.012387275695800781,1.0,1.0,1.0,1.0,1.0,1.0,1.0,1.0,subgenre-current,novela romántica,other,2000,word,zscore,2
25,5,0.24226641654968262,0.01258397102355957,0.8235294117647058,0.7999999999999999,0.8571428571428571,0.75,1.0,1.0,1.0,1.0,subgenre-current,novela romántica,other,2000,word,zscore,2
26,6,0.2645719051361084,0.017369985580444336,0.8823529411764706,0.8571428571428571,1.0,0.75,1.0,1.0,1.0,1.0,subgenre-current,novela romántica,other,2000,word,zscore,2
27,7,0.31749391555786133,0.012950420379638672,1.0,1.0,1.0,1.0,1.0,1.0,1.0,1.0,subgenre-current,novela romántica,other,2000,word,zscore,2
28,8,0.2473304271697998,0.01324009895324707,0.7647058823529411,0.75,0.75,0.75,1.0,1.0,1.0,1.0,subgenre-current,novela romántica,other,2000,word,zscore,2
29,9,0.25384020805358887,0.01283884048461914,1.0,1.0,1.0,1.0,1.0,1.0,1.0,1.0,subgenre-current,novela romántica,other,2000,word,zscore,2
30,0,0.255112886428833,0.012989997863769531,0.9411764705882353,0.9411764705882353,1.0,0.8888888888888888,1.0,1.0,1.0,1.0,subgenre-current,novela romántica,other,2000,word,zscore,3
31,1,0.24769234657287598,0.01268768310546875,0.9411764705882353,0.9473684210526316,0.9,1.0,1.0,1.0,1.0,1.0,subgenre-current,novela romántica,other,2000,word,zscore,3
32,2,0.24525141716003418,0.012636899948120117,0.8235294117647058,0.823529411764706,0.875,0.7777777777777778,1.0,1.0,1.0,1.0,subgenre-current,novela romántica,other,2000,word,zscore,3
33,3,0.2409355640411377,0.012700080871582031,1.0,1.0,1.0,1.0,1.0,1.0,1.0,1.0,subgenre-current,novela romántica,other,2000,word,zscore,3
34,4,0.2386329174041748,0.012860774993896484,0.8235294117647058,0.8,1.0,0.6666666666666666,1.0,1.0,1.0,1.0,subgenre-current,novela romántica,other,2000,word,zscore,3
35,5,0.24345874786376953,0.012396574020385742,0.8823529411764706,0.888888888888889,0.8,1.0,1.0,1.0,1.0,1.0,subgenre-current,novela romántica,other,2000,word,zscore,3
36,6,0.24991130828857422,0.01233983039855957,0.8823529411764706,0.875,0.875,0.875,1.0,1.0,1.0,1.0,subgenre-current,novela romántica,other,2000,word,zscore,3
37,7,0.249237060546875,0.013623952865600586,1.0,1.0,1.0,1.0,1.0,1.0,1.0,1.0,subgenre-current,novela romántica,other,2000,word,zscore,3
38,8,0.2565772533416748,0.01255941390991211,0.8235294117647058,0.823529411764706,0.7777777777777778,0.875,1.0,1.0,1.0,1.0,subgenre-current,novela romántica,other,2000,word,zscore,3
39,9,0.24292635917663574,0.012525320053100586,0.9411764705882353,0.9333333333333333,1.0,0.875,1.0,1.0,1.0,1.0,subgenre-current,novela romántica,other,2000,word,zscore,3
40,0,0.24077463150024414,0.012507438659667969,0.8823529411764706,0.8888888888888888,0.8888888888888888,0.8888888888888888,1.0,1.0,1.0,1.0,subgenre-current,novela romántica,other,2000,word,zscore,4
41,1,0.24828457832336426,0.012587308883666992,0.7647058823529411,0.75,0.8571428571428571,0.6666666666666666,1.0,1.0,1.0,1.0,subgenre-current,novela romántica,other,2000,word,zscore,4
42,2,0.2445075511932373,0.012281656265258789,0.8235294117647058,0.823529411764706,0.875,0.7777777777777778,1.0,1.0,1.0,1.0,subgenre-current,novela romántica,other,2000,word,zscore,4
43,3,0.2449796199798584,0.01253199577331543,0.9411764705882353,0.9411764705882353,1.0,0.8888888888888888,1.0,1.0,1.0,1.0,subgenre-current,novela romántica,other,2000,word,zscore,4
44,4,0.23676705360412598,0.012376070022583008,0.9411764705882353,0.9411764705882353,1.0,0.8888888888888888,1.0,1.0,1.0,1.0,subgenre-current,novela romántica,other,2000,word,zscore,4
45,5,0.238328218460083,0.01273965835571289,0.8823529411764706,0.888888888888889,0.8,1.0,1.0,1.0,1.0,1.0,subgenre-current,novela romántica,other,2000,word,zscore,4
46,6,0.24437332153320312,0.012421846389770508,0.8823529411764706,0.875,0.875,0.875,1.0,1.0,1.0,1.0,subgenre-current,novela romántica,other,2000,word,zscore,4
47,7,0.2365889549255371,0.012223482131958008,0.9411764705882353,0.9411764705882353,0.8888888888888888,1.0,1.0,1.0,1.0,1.0,subgenre-current,novela romántica,other,2000,word,zscore,4
48,8,0.238785982131958,0.012496709823608398,0.8235294117647058,0.823529411764706,0.7777777777777778,0.875,1.0,1.0,1.0,1.0,subgenre-current,novela romántica,other,2000,word,zscore,4
49,9,0.2419908046722412,0.012370824813842773,1.0,1.0,1.0,1.0,1.0,1.0,1.0,1.0,subgenre-current,novela romántica,other,2000,word,zscore,4
50,0,0.2509629726409912,0.015517234802246094,0.9411764705882353,0.9411764705882353,1.0,0.8888888888888888,1.0,1.0,1.0,1.0,subgenre-current,novela romántica,other,2000,word,zscore,5
51,1,0.27866601943969727,0.014310359954833984,0.8823529411764706,0.8888888888888888,0.8888888888888888,0.8888888888888888,1.0,1.0,1.0,1.0,subgenre-current,novela romántica,other,2000,word,zscore,5
52,2,0.270038366317749,0.02134227752685547,0.8823529411764706,0.8750000000000001,1.0,0.7777777777777778,1.0,1.0,1.0,1.0,subgenre-current,novela romántica,other,2000,word,zscore,5
53,3,0.284407377243042,0.0124664306640625,0.9411764705882353,0.9411764705882353,1.0,0.8888888888888888,1.0,1.0,1.0,1.0,subgenre-current,novela romántica,other,2000,word,zscore,5
54,4,0.2621176242828369,0.012515068054199219,0.9411764705882353,0.9411764705882353,1.0,0.8888888888888888,1.0,1.0,1.0,1.0,subgenre-current,novela romántica,other,2000,word,zscore,5
55,5,0.2456505298614502,0.01253819465637207,0.8235294117647058,0.823529411764706,0.7777777777777778,0.875,1.0,1.0,1.0,1.0,subgenre-current,novela romántica,other,2000,word,zscore,5
56,6,0.23644495010375977,0.01244354248046875,0.9411764705882353,0.9411764705882353,0.8888888888888888,1.0,1.0,1.0,1.0,1.0,subgenre-current,novela romántica,other,2000,word,zscore,5
57,7,0.237382173538208,0.01235651969909668,0.9411764705882353,0.9411764705882353,0.8888888888888888,1.0,1.0,1.0,1.0,1.0,subgenre-current,novela romántica,other,2000,word,zscore,5
58,8,0.24036622047424316,0.012211084365844727,0.8235294117647058,0.823529411764706,0.7777777777777778,0.875,1.0,1.0,1.0,1.0,subgenre-current,novela romántica,other,2000,word,zscore,5
59,9,0.24452757835388184,0.012640714645385742,0.9411764705882353,0.9333333333333333,1.0,0.875,1.0,1.0,1.0,1.0,subgenre-current,novela romántica,other,2000,word,zscore,5
60,0,0.31249260902404785,0.012346982955932617,1.0,1.0,1.0,1.0,1.0,1.0,1.0,1.0,subgenre-current,novela romántica,other,2000,word,zscore,6
61,1,0.24381446838378906,0.012609243392944336,0.8823529411764706,0.8888888888888888,0.8888888888888888,0.8888888888888888,1.0,1.0,1.0,1.0,subgenre-current,novela romántica,other,2000,word,zscore,6
62,2,0.32973480224609375,0.012765884399414062,0.9411764705882353,0.9473684210526316,0.9,1.0,1.0,1.0,1.0,1.0,subgenre-current,novela romántica,other,2000,word,zscore,6
63,3,0.24381709098815918,0.012385129928588867,0.9411764705882353,0.9411764705882353,1.0,0.8888888888888888,1.0,1.0,1.0,1.0,subgenre-current,novela romántica,other,2000,word,zscore,6
64,4,0.24095702171325684,0.012932538986206055,0.8235294117647058,0.8,1.0,0.6666666666666666,1.0,1.0,1.0,1.0,subgenre-current,novela romántica,other,2000,word,zscore,6
65,5,0.2546985149383545,0.012565374374389648,0.8235294117647058,0.823529411764706,0.7777777777777778,0.875,1.0,1.0,1.0,1.0,subgenre-current,novela romántica,other,2000,word,zscore,6
66,6,0.26708292961120605,0.027154922485351562,0.8235294117647058,0.823529411764706,0.7777777777777778,0.875,1.0,1.0,1.0,1.0,subgenre-current,novela romántica,other,2000,word,zscore,6
67,7,0.32561731338500977,0.01250004768371582,0.9411764705882353,0.9411764705882353,0.8888888888888888,1.0,1.0,1.0,1.0,1.0,subgenre-current,novela romántica,other,2000,word,zscore,6
68,8,0.23627042770385742,0.012406110763549805,0.7647058823529411,0.7777777777777777,0.7,0.875,1.0,1.0,1.0,1.0,subgenre-current,novela romántica,other,2000,word,zscore,6
69,9,0.2695751190185547,0.013356685638427734,1.0,1.0,1.0,1.0,1.0,1.0,1.0,1.0,subgenre-current,novela romántica,other,2000,word,zscore,6
70,0,0.3183598518371582,0.012868404388427734,0.9411764705882353,0.9411764705882353,1.0,0.8888888888888888,1.0,1.0,1.0,1.0,subgenre-current,novela romántica,other,2000,word,zscore,7
71,1,0.2401878833770752,0.012260675430297852,0.8823529411764706,0.8888888888888888,0.8888888888888888,0.8888888888888888,1.0,1.0,1.0,1.0,subgenre-current,novela romántica,other,2000,word,zscore,7
72,2,0.23678994178771973,0.012281656265258789,0.9411764705882353,0.9411764705882353,1.0,0.8888888888888888,1.0,1.0,1.0,1.0,subgenre-current,novela romántica,other,2000,word,zscore,7
73,3,0.23546648025512695,0.01251220703125,0.9411764705882353,0.9411764705882353,1.0,0.8888888888888888,1.0,1.0,1.0,1.0,subgenre-current,novela romántica,other,2000,word,zscore,7
74,4,0.23637795448303223,0.012155532836914062,0.8235294117647058,0.8,1.0,0.6666666666666666,1.0,1.0,1.0,1.0,subgenre-current,novela romántica,other,2000,word,zscore,7
75,5,0.24082136154174805,0.015036344528198242,0.8823529411764706,0.888888888888889,0.8,1.0,1.0,1.0,1.0,1.0,subgenre-current,novela romántica,other,2000,word,zscore,7
76,6,0.24808073043823242,0.012341022491455078,0.8235294117647058,0.7692307692307693,1.0,0.625,1.0,1.0,1.0,1.0,subgenre-current,novela romántica,other,2000,word,zscore,7
77,7,0.24621224403381348,0.018305540084838867,0.7647058823529411,0.7142857142857143,0.8333333333333334,0.625,1.0,1.0,1.0,1.0,subgenre-current,novela romántica,other,2000,word,zscore,7
78,8,0.29472947120666504,0.013039350509643555,0.8823529411764706,0.888888888888889,0.8,1.0,1.0,1.0,1.0,1.0,subgenre-current,novela romántica,other,2000,word,zscore,7
79,9,0.32785487174987793,0.01774144172668457,1.0,1.0,1.0,1.0,1.0,1.0,1.0,1.0,subgenre-current,novela romántica,other,2000,word,zscore,7
80,0,0.2434396743774414,0.012686729431152344,0.9411764705882353,0.9411764705882353,1.0,0.8888888888888888,1.0,1.0,1.0,1.0,subgenre-current,novela romántica,other,2000,word,zscore,8
81,1,0.25586438179016113,0.012524127960205078,0.8823529411764706,0.8888888888888888,0.8888888888888888,0.8888888888888888,1.0,1.0,1.0,1.0,subgenre-current,novela romántica,other,2000,word,zscore,8
82,2,0.24114322662353516,0.012254476547241211,0.8823529411764706,0.8888888888888888,0.8888888888888888,0.8888888888888888,1.0,1.0,1.0,1.0,subgenre-current,novela romántica,other,2000,word,zscore,8
83,3,0.26573610305786133,0.019287824630737305,0.9411764705882353,0.9411764705882353,1.0,0.8888888888888888,1.0,1.0,1.0,1.0,subgenre-current,novela romántica,other,2000,word,zscore,8
84,4,0.3692188262939453,0.01614856719970703,0.9411764705882353,0.9411764705882353,1.0,0.8888888888888888,1.0,1.0,1.0,1.0,subgenre-current,novela romántica,other,2000,word,zscore,8
85,5,0.3736398220062256,0.025086164474487305,0.8823529411764706,0.888888888888889,0.8,1.0,1.0,1.0,1.0,1.0,subgenre-current,novela romántica,other,2000,word,zscore,8
86,6,0.41230344772338867,0.023511171340942383,0.8823529411764706,0.8571428571428571,1.0,0.75,1.0,1.0,1.0,1.0,subgenre-current,novela romántica,other,2000,word,zscore,8
87,7,0.40898823738098145,0.021732807159423828,0.8823529411764706,0.875,0.875,0.875,1.0,1.0,1.0,1.0,subgenre-current,novela romántica,other,2000,word,zscore,8
88,8,0.4472389221191406,0.02527308464050293,0.7647058823529411,0.75,0.75,0.75,1.0,1.0,1.0,1.0,subgenre-current,novela romántica,other,2000,word,zscore,8
89,9,0.40939998626708984,0.022990942001342773,1.0,1.0,1.0,1.0,1.0,1.0,1.0,1.0,subgenre-current,novela romántica,other,2000,word,zscore,8
90,0,0.264326810836792,0.012436628341674805,1.0,1.0,1.0,1.0,1.0,1.0,1.0,1.0,subgenre-current,novela romántica,other,2000,word,zscore,9
91,1,0.2415158748626709,0.012341976165771484,0.8823529411764706,0.8888888888888888,0.8888888888888888,0.8888888888888888,1.0,1.0,1.0,1.0,subgenre-current,novela romántica,other,2000,word,zscore,9
92,2,0.25156378746032715,0.012193441390991211,0.9411764705882353,0.9411764705882353,1.0,0.8888888888888888,1.0,1.0,1.0,1.0,subgenre-current,novela romántica,other,2000,word,zscore,9
93,3,0.24059510231018066,0.012306451797485352,0.8823529411764706,0.8888888888888888,0.8888888888888888,0.8888888888888888,1.0,1.0,1.0,1.0,subgenre-current,novela romántica,other,2000,word,zscore,9
94,4,0.23850250244140625,0.012195110321044922,0.8823529411764706,0.8750000000000001,1.0,0.7777777777777778,1.0,1.0,1.0,1.0,subgenre-current,novela romántica,other,2000,word,zscore,9
95,5,0.23615121841430664,0.012351274490356445,0.7647058823529411,0.7777777777777777,0.7,0.875,1.0,1.0,1.0,1.0,subgenre-current,novela romántica,other,2000,word,zscore,9
96,6,0.2371809482574463,0.012415170669555664,0.8823529411764706,0.875,0.875,0.875,1.0,1.0,1.0,1.0,subgenre-current,novela romántica,other,2000,word,zscore,9
97,7,0.2374253273010254,0.012173891067504883,0.9411764705882353,0.9411764705882353,0.8888888888888888,1.0,1.0,1.0,1.0,1.0,subgenre-current,novela romántica,other,2000,word,zscore,9
98,8,0.24109125137329102,0.012338399887084961,0.8823529411764706,0.888888888888889,0.8,1.0,1.0,1.0,1.0,1.0,subgenre-current,novela romántica,other,2000,word,zscore,9
99,9,0.23844242095947266,0.012769699096679688,1.0,1.0,1.0,1.0,1.0,1.0,1.0,1.0,subgenre-current,novela romántica,other,2000,word,zscore,9
100,0,0.152069091796875,0.011943340301513672,0.8571428571428571,0.888888888888889,0.8,1.0,1.0,1.0,1.0,1.0,subgenre-current,novela realista,other,2000,word,zscore,0
101,1,0.15356659889221191,0.012108087539672852,0.8571428571428571,0.8571428571428571,1.0,0.75,1.0,1.0,1.0,1.0,subgenre-current,novela realista,other,2000,word,zscore,0
102,2,0.17014861106872559,0.012402772903442383,0.8571428571428571,0.888888888888889,0.8,1.0,1.0,1.0,1.0,1.0,subgenre-current,novela realista,other,2000,word,zscore,0
103,3,0.1573619842529297,0.01238703727722168,0.8571428571428571,0.888888888888889,0.8,1.0,1.0,1.0,1.0,1.0,subgenre-current,novela realista,other,2000,word,zscore,0
104,4,0.16430878639221191,0.012932062149047852,0.7142857142857143,0.75,0.75,0.75,1.0,1.0,1.0,1.0,subgenre-current,novela realista,other,2000,word,zscore,0
105,5,0.15622878074645996,0.01217794418334961,0.7142857142857143,0.7499999999999999,0.6,1.0,1.0,1.0,1.0,1.0,subgenre-current,novela realista,other,2000,word,zscore,0
106,6,0.15719914436340332,0.012374162673950195,1.0,1.0,1.0,1.0,1.0,1.0,1.0,1.0,subgenre-current,novela realista,other,2000,word,zscore,0
107,7,0.15642833709716797,0.012286901473999023,0.5714285714285714,0.4,0.5,0.3333333333333333,1.0,1.0,1.0,1.0,subgenre-current,novela realista,other,2000,word,zscore,0
108,8,0.16887307167053223,0.020879745483398438,0.42857142857142855,0.5,0.4,0.6666666666666666,1.0,1.0,1.0,1.0,subgenre-current,novela realista,other,2000,word,zscore,0
109,9,0.15529441833496094,0.012089729309082031,0.8571428571428571,0.8571428571428571,0.75,1.0,1.0,1.0,1.0,1.0,subgenre-current,novela realista,other,2000,word,zscore,0
110,0,0.15556025505065918,0.012411355972290039,0.7142857142857143,0.75,0.75,0.75,1.0,1.0,1.0,1.0,subgenre-current,novela realista,other,2000,word,zscore,1
111,1,0.1576080322265625,0.012058258056640625,0.8571428571428571,0.8571428571428571,1.0,0.75,1.0,1.0,1.0,1.0,subgenre-current,novela realista,other,2000,word,zscore,1
112,2,0.15510821342468262,0.012154817581176758,0.8571428571428571,0.888888888888889,0.8,1.0,1.0,1.0,1.0,1.0,subgenre-current,novela realista,other,2000,word,zscore,1
113,3,0.15533852577209473,0.01206660270690918,0.5714285714285714,0.5714285714285715,0.6666666666666666,0.5,1.0,1.0,1.0,1.0,subgenre-current,novela realista,other,2000,word,zscore,1
114,4,0.1550905704498291,0.0120391845703125,0.7142857142857143,0.75,0.75,0.75,1.0,1.0,1.0,1.0,subgenre-current,novela realista,other,2000,word,zscore,1
115,5,0.1573641300201416,0.011997222900390625,0.7142857142857143,0.6666666666666666,0.6666666666666666,0.6666666666666666,1.0,1.0,1.0,1.0,subgenre-current,novela realista,other,2000,word,zscore,1
116,6,0.15670347213745117,0.011984109878540039,0.8571428571428571,0.8571428571428571,0.75,1.0,1.0,1.0,1.0,1.0,subgenre-current,novela realista,other,2000,word,zscore,1
117,7,0.1572890281677246,0.012245416641235352,0.7142857142857143,0.5,1.0,0.3333333333333333,1.0,1.0,1.0,1.0,subgenre-current,novela realista,other,2000,word,zscore,1
118,8,0.15565991401672363,0.011990547180175781,0.42857142857142855,0.5,0.4,0.6666666666666666,1.0,1.0,1.0,1.0,subgenre-current,novela realista,other,2000,word,zscore,1
119,9,0.15773248672485352,0.011983871459960938,0.8571428571428571,0.8571428571428571,0.75,1.0,1.0,1.0,1.0,1.0,subgenre-current,novela realista,other,2000,word,zscore,1
120,0,0.15529870986938477,0.012501716613769531,0.8571428571428571,0.8571428571428571,1.0,0.75,1.0,1.0,1.0,1.0,subgenre-current,novela realista,other,2000,word,zscore,2
121,1,0.16161489486694336,0.012161970138549805,0.8571428571428571,0.888888888888889,0.8,1.0,1.0,1.0,1.0,1.0,subgenre-current,novela realista,other,2000,word,zscore,2
122,2,0.15351104736328125,0.011916875839233398,1.0,1.0,1.0,1.0,1.0,1.0,1.0,1.0,subgenre-current,novela realista,other,2000,word,zscore,2
123,3,0.15543079376220703,0.012140512466430664,1.0,1.0,1.0,1.0,1.0,1.0,1.0,1.0,subgenre-current,novela realista,other,2000,word,zscore,2
124,4,0.1563854217529297,0.011955022811889648,0.8571428571428571,0.8571428571428571,1.0,0.75,1.0,1.0,1.0,1.0,subgenre-current,novela realista,other,2000,word,zscore,2
125,5,0.15771770477294922,0.012025594711303711,0.5714285714285714,0.6666666666666666,0.5,1.0,1.0,1.0,1.0,1.0,subgenre-current,novela realista,other,2000,word,zscore,2
126,6,0.15579628944396973,0.012243270874023438,1.0,1.0,1.0,1.0,1.0,1.0,1.0,1.0,subgenre-current,novela realista,other,2000,word,zscore,2
127,7,0.15561628341674805,0.012258291244506836,0.7142857142857143,0.5,1.0,0.3333333333333333,1.0,1.0,1.0,1.0,subgenre-current,novela realista,other,2000,word,zscore,2
128,8,0.1568136215209961,0.012022972106933594,0.5714285714285714,0.4,0.5,0.3333333333333333,1.0,1.0,1.0,1.0,subgenre-current,novela realista,other,2000,word,zscore,2
129,9,0.15533685684204102,0.01208949089050293,1.0,1.0,1.0,1.0,1.0,1.0,1.0,1.0,subgenre-current,novela realista,other,2000,word,zscore,2
130,0,0.15347814559936523,0.011948585510253906,0.7142857142857143,0.75,0.75,0.75,1.0,1.0,1.0,1.0,subgenre-current,novela realista,other,2000,word,zscore,3
131,1,0.1528787612915039,0.01238250732421875,0.7142857142857143,0.6666666666666666,1.0,0.5,1.0,1.0,1.0,1.0,subgenre-current,novela realista,other,2000,word,zscore,3
132,2,0.15340232849121094,0.012126922607421875,0.7142857142857143,0.8,0.6666666666666666,1.0,1.0,1.0,1.0,1.0,subgenre-current,novela realista,other,2000,word,zscore,3
133,3,0.15296196937561035,0.011960744857788086,0.5714285714285714,0.6666666666666665,0.6,0.75,1.0,1.0,1.0,1.0,subgenre-current,novela realista,other,2000,word,zscore,3
134,4,0.15241479873657227,0.011923551559448242,0.8571428571428571,0.8571428571428571,1.0,0.75,1.0,1.0,1.0,1.0,subgenre-current,novela realista,other,2000,word,zscore,3
135,5,0.15316200256347656,0.011906623840332031,1.0,1.0,1.0,1.0,1.0,1.0,1.0,1.0,subgenre-current,novela realista,other,2000,word,zscore,3
136,6,0.15305233001708984,0.011939287185668945,0.5714285714285714,0.5714285714285715,0.5,0.6666666666666666,1.0,1.0,1.0,1.0,subgenre-current,novela realista,other,2000,word,zscore,3
137,7,0.15226507186889648,0.012032032012939453,0.7142857142857143,0.6666666666666666,0.6666666666666666,0.6666666666666666,1.0,1.0,1.0,1.0,subgenre-current,novela realista,other,2000,word,zscore,3
138,8,0.15407013893127441,0.011975288391113281,0.8571428571428571,0.8,1.0,0.6666666666666666,1.0,1.0,1.0,1.0,subgenre-current,novela realista,other,2000,word,zscore,3
139,9,0.15381717681884766,0.01187753677368164,0.8571428571428571,0.8571428571428571,0.75,1.0,1.0,1.0,1.0,1.0,subgenre-current,novela realista,other,2000,word,zscore,3
140,0,0.152632474899292,0.011936426162719727,0.8571428571428571,0.888888888888889,0.8,1.0,1.0,1.0,1.0,1.0,subgenre-current,novela realista,other,2000,word,zscore,4
141,1,0.15272903442382812,0.01184988021850586,0.8571428571428571,0.888888888888889,0.8,1.0,1.0,1.0,1.0,1.0,subgenre-current,novela realista,other,2000,word,zscore,4
142,2,0.15256905555725098,0.011917591094970703,1.0,1.0,1.0,1.0,1.0,1.0,1.0,1.0,subgenre-current,novela realista,other,2000,word,zscore,4
143,3,0.15447282791137695,0.011944770812988281,0.7142857142857143,0.75,0.75,0.75,1.0,1.0,1.0,1.0,subgenre-current,novela realista,other,2000,word,zscore,4
144,4,0.1517653465270996,0.011969327926635742,0.8571428571428571,0.8571428571428571,1.0,0.75,1.0,1.0,1.0,1.0,subgenre-current,novela realista,other,2000,word,zscore,4
145,5,0.15219879150390625,0.011909008026123047,1.0,1.0,1.0,1.0,1.0,1.0,1.0,1.0,subgenre-current,novela realista,other,2000,word,zscore,4
146,6,0.15244174003601074,0.011958837509155273,0.8571428571428571,0.8571428571428571,0.75,1.0,1.0,1.0,1.0,1.0,subgenre-current,novela realista,other,2000,word,zscore,4
147,7,0.1520237922668457,0.011868476867675781,0.8571428571428571,0.8571428571428571,0.75,1.0,1.0,1.0,1.0,1.0,subgenre-current,novela realista,other,2000,word,zscore,4
148,8,0.15326142311096191,0.011827468872070312,0.8571428571428571,0.8,1.0,0.6666666666666666,1.0,1.0,1.0,1.0,subgenre-current,novela realista,other,2000,word,zscore,4
149,9,0.1527714729309082,0.0120391845703125,0.8571428571428571,0.8571428571428571,0.75,1.0,1.0,1.0,1.0,1.0,subgenre-current,novela realista,other,2000,word,zscore,4
150,0,0.1519167423248291,0.0118255615234375,1.0,1.0,1.0,1.0,1.0,1.0,1.0,1.0,subgenre-current,novela realista,other,2000,word,zscore,5
151,1,0.15129399299621582,0.011809825897216797,0.8571428571428571,0.888888888888889,0.8,1.0,1.0,1.0,1.0,1.0,subgenre-current,novela realista,other,2000,word,zscore,5
152,2,0.15190505981445312,0.01193380355834961,0.8571428571428571,0.888888888888889,0.8,1.0,1.0,1.0,1.0,1.0,subgenre-current,novela realista,other,2000,word,zscore,5
153,3,0.1522831916809082,0.011861562728881836,0.5714285714285714,0.5714285714285715,0.6666666666666666,0.5,1.0,1.0,1.0,1.0,subgenre-current,novela realista,other,2000,word,zscore,5
154,4,0.1513843536376953,0.012031316757202148,0.8571428571428571,0.8571428571428571,1.0,0.75,1.0,1.0,1.0,1.0,subgenre-current,novela realista,other,2000,word,zscore,5
155,5,0.15288805961608887,0.012067079544067383,0.8571428571428571,0.8,1.0,0.6666666666666666,1.0,1.0,1.0,1.0,subgenre-current,novela realista,other,2000,word,zscore,5
156,6,0.15335416793823242,0.01190638542175293,1.0,1.0,1.0,1.0,1.0,1.0,1.0,1.0,subgenre-current,novela realista,other,2000,word,zscore,5
157,7,0.1528944969177246,0.011902809143066406,0.7142857142857143,0.7499999999999999,0.6,1.0,1.0,1.0,1.0,1.0,subgenre-current,novela realista,other,2000,word,zscore,5
158,8,0.1512770652770996,0.011889219284057617,0.7142857142857143,0.6666666666666666,0.6666666666666666,0.6666666666666666,1.0,1.0,1.0,1.0,subgenre-current,novela realista,other,2000,word,zscore,5
159,9,0.15231633186340332,0.011800050735473633,1.0,1.0,1.0,1.0,1.0,1.0,1.0,1.0,subgenre-current,novela realista,other,2000,word,zscore,5
160,0,0.1504828929901123,0.011898517608642578,0.7142857142857143,0.8,0.6666666666666666,1.0,1.0,1.0,1.0,1.0,subgenre-current,novela realista,other,2000,word,zscore,6
161,1,0.15164923667907715,0.011968851089477539,0.8571428571428571,0.888888888888889,0.8,1.0,1.0,1.0,1.0,1.0,subgenre-current,novela realista,other,2000,word,zscore,6
162,2,0.15143895149230957,0.01187443733215332,0.8571428571428571,0.888888888888889,0.8,1.0,1.0,1.0,1.0,1.0,subgenre-current,novela realista,other,2000,word,zscore,6
163,3,0.15402841567993164,0.012094259262084961,0.8571428571428571,0.8571428571428571,1.0,0.75,1.0,1.0,1.0,1.0,subgenre-current,novela realista,other,2000,word,zscore,6
164,4,0.1552729606628418,0.011850118637084961,0.8571428571428571,0.8571428571428571,1.0,0.75,1.0,1.0,1.0,1.0,subgenre-current,novela realista,other,2000,word,zscore,6
165,5,0.15269804000854492,0.011923789978027344,0.7142857142857143,0.7499999999999999,0.6,1.0,1.0,1.0,1.0,1.0,subgenre-current,novela realista,other,2000,word,zscore,6
166,6,0.1515974998474121,0.011974334716796875,0.8571428571428571,0.8571428571428571,0.75,1.0,1.0,1.0,1.0,1.0,subgenre-current,novela realista,other,2000,word,zscore,6
167,7,0.15501785278320312,0.011990070343017578,0.7142857142857143,0.7499999999999999,0.6,1.0,1.0,1.0,1.0,1.0,subgenre-current,novela realista,other,2000,word,zscore,6
168,8,0.15327787399291992,0.012009859085083008,0.8571428571428571,0.8,1.0,0.6666666666666666,1.0,1.0,1.0,1.0,subgenre-current,novela realista,other,2000,word,zscore,6
169,9,0.1534595489501953,0.011943817138671875,0.8571428571428571,0.8571428571428571,0.75,1.0,1.0,1.0,1.0,1.0,subgenre-current,novela realista,other,2000,word,zscore,6
170,0,0.1517195701599121,0.012020111083984375,0.8571428571428571,0.888888888888889,0.8,1.0,1.0,1.0,1.0,1.0,subgenre-current,novela realista,other,2000,word,zscore,7
171,1,0.1518847942352295,0.011827945709228516,1.0,1.0,1.0,1.0,1.0,1.0,1.0,1.0,subgenre-current,novela realista,other,2000,word,zscore,7
172,2,0.15149760246276855,0.012334108352661133,1.0,1.0,1.0,1.0,1.0,1.0,1.0,1.0,subgenre-current,novela realista,other,2000,word,zscore,7
173,3,0.1534135341644287,0.011881589889526367,0.8571428571428571,0.8571428571428571,1.0,0.75,1.0,1.0,1.0,1.0,subgenre-current,novela realista,other,2000,word,zscore,7
174,4,0.151991605758667,0.011879682540893555,0.8571428571428571,0.8571428571428571,1.0,0.75,1.0,1.0,1.0,1.0,subgenre-current,novela realista,other,2000,word,zscore,7
175,5,0.15183162689208984,0.01190042495727539,1.0,1.0,1.0,1.0,1.0,1.0,1.0,1.0,subgenre-current,novela realista,other,2000,word,zscore,7
176,6,0.15140914916992188,0.011957168579101562,0.5714285714285714,0.6666666666666666,0.5,1.0,1.0,1.0,1.0,1.0,subgenre-current,novela realista,other,2000,word,zscore,7
177,7,0.1519603729248047,0.011798620223999023,0.7142857142857143,0.6666666666666666,0.6666666666666666,0.6666666666666666,1.0,1.0,1.0,1.0,subgenre-current,novela realista,other,2000,word,zscore,7
178,8,0.15125226974487305,0.011975526809692383,0.5714285714285714,0.5714285714285715,0.5,0.6666666666666666,1.0,1.0,1.0,1.0,subgenre-current,novela realista,other,2000,word,zscore,7
179,9,0.15289592742919922,0.01195669174194336,1.0,1.0,1.0,1.0,1.0,1.0,1.0,1.0,subgenre-current,novela realista,other,2000,word,zscore,7
180,0,0.15314006805419922,0.011961698532104492,1.0,1.0,1.0,1.0,1.0,1.0,1.0,1.0,subgenre-current,novela realista,other,2000,word,zscore,8
181,1,0.1526317596435547,0.011960983276367188,0.7142857142857143,0.6666666666666666,1.0,0.5,1.0,1.0,1.0,1.0,subgenre-current,novela realista,other,2000,word,zscore,8
182,2,0.1543285846710205,0.012023448944091797,1.0,1.0,1.0,1.0,1.0,1.0,1.0,1.0,subgenre-current,novela realista,other,2000,word,zscore,8
183,3,0.15201091766357422,0.011960983276367188,0.7142857142857143,0.75,0.75,0.75,1.0,1.0,1.0,1.0,subgenre-current,novela realista,other,2000,word,zscore,8
184,4,0.15277647972106934,0.011985540390014648,0.7142857142857143,0.75,0.75,0.75,1.0,1.0,1.0,1.0,subgenre-current,novela realista,other,2000,word,zscore,8
185,5,0.15433597564697266,0.012009620666503906,0.7142857142857143,0.7499999999999999,0.6,1.0,1.0,1.0,1.0,1.0,subgenre-current,novela realista,other,2000,word,zscore,8
186,6,0.15420055389404297,0.011884689331054688,1.0,1.0,1.0,1.0,1.0,1.0,1.0,1.0,subgenre-current,novela realista,other,2000,word,zscore,8
187,7,0.1524951457977295,0.012017488479614258,0.42857142857142855,0.0,0.0,0.0,1.0,1.0,1.0,1.0,subgenre-current,novela realista,other,2000,word,zscore,8
188,8,0.15337681770324707,0.011996984481811523,0.8571428571428571,0.8571428571428571,0.75,1.0,1.0,1.0,1.0,1.0,subgenre-current,novela realista,other,2000,word,zscore,8
189,9,0.15339970588684082,0.012055635452270508,0.7142857142857143,0.7499999999999999,0.6,1.0,1.0,1.0,1.0,1.0,subgenre-current,novela realista,other,2000,word,zscore,8
190,0,0.15262889862060547,0.012125492095947266,0.8571428571428571,0.8571428571428571,1.0,0.75,1.0,1.0,1.0,1.0,subgenre-current,novela realista,other,2000,word,zscore,9
191,1,0.15418553352355957,0.01228189468383789,0.8571428571428571,0.888888888888889,0.8,1.0,1.0,1.0,1.0,1.0,subgenre-current,novela realista,other,2000,word,zscore,9
192,2,0.1540830135345459,0.012101173400878906,0.8571428571428571,0.888888888888889,0.8,1.0,1.0,1.0,1.0,1.0,subgenre-current,novela realista,other,2000,word,zscore,9
193,3,0.1557772159576416,0.01223611831665039,0.8571428571428571,0.8571428571428571,1.0,0.75,1.0,1.0,1.0,1.0,subgenre-current,novela realista,other,2000,word,zscore,9
194,4,0.1550443172454834,0.012052774429321289,0.8571428571428571,0.8571428571428571,1.0,0.75,1.0,1.0,1.0,1.0,subgenre-current,novela realista,other,2000,word,zscore,9
195,5,0.15807867050170898,0.012139081954956055,0.8571428571428571,0.8571428571428571,0.75,1.0,1.0,1.0,1.0,1.0,subgenre-current,novela realista,other,2000,word,zscore,9
196,6,0.15433740615844727,0.012045145034790039,0.8571428571428571,0.8571428571428571,0.75,1.0,1.0,1.0,1.0,1.0,subgenre-current,novela realista,other,2000,word,zscore,9
197,7,0.15393996238708496,0.012027263641357422,0.42857142857142855,0.5,0.4,0.6666666666666666,1.0,1.0,1.0,1.0,subgenre-current,novela realista,other,2000,word,zscore,9
198,8,0.15292835235595703,0.01184391975402832,0.8571428571428571,0.8,1.0,0.6666666666666666,1.0,1.0,1.0,1.0,subgenre-current,novela realista,other,2000,word,zscore,9
199,9,0.15533828735351562,0.012058019638061523,1.0,1.0,1.0,1.0,1.0,1.0,1.0,1.0,subgenre-current,novela realista,other,2000,word,zscore,9
200,0,0.16521048545837402,0.011928081512451172,0.8888888888888888,0.888888888888889,0.8,1.0,1.0,1.0,1.0,1.0,subgenre-current,novela naturalista,other,2000,word,zscore,0
201,1,0.16529178619384766,0.012039899826049805,0.6666666666666666,0.6666666666666665,0.6,0.75,1.0,1.0,1.0,1.0,subgenre-current,novela naturalista,other,2000,word,zscore,0
202,2,0.16547942161560059,0.012048959732055664,0.6666666666666666,0.7272727272727273,0.5714285714285714,1.0,1.0,1.0,1.0,1.0,subgenre-current,novela naturalista,other,2000,word,zscore,0
203,3,0.16583824157714844,0.012037992477416992,0.7777777777777778,0.75,0.75,0.75,1.0,1.0,1.0,1.0,subgenre-current,novela naturalista,other,2000,word,zscore,0
204,4,0.16586875915527344,0.012151002883911133,0.8888888888888888,0.8571428571428571,1.0,0.75,1.0,1.0,1.0,1.0,subgenre-current,novela naturalista,other,2000,word,zscore,0
205,5,0.16724705696105957,0.012192964553833008,0.7777777777777778,0.8000000000000002,0.8,0.8,1.0,1.0,1.0,1.0,subgenre-current,novela naturalista,other,2000,word,zscore,0
206,6,0.16611623764038086,0.01188039779663086,1.0,1.0,1.0,1.0,1.0,1.0,1.0,1.0,subgenre-current,novela naturalista,other,2000,word,zscore,0
207,7,0.1672062873840332,0.012187480926513672,0.6666666666666666,0.6666666666666665,0.75,0.6,1.0,1.0,1.0,1.0,subgenre-current,novela naturalista,other,2000,word,zscore,0
208,8,0.1665046215057373,0.012024164199829102,0.7777777777777778,0.8000000000000002,0.8,0.8,1.0,1.0,1.0,1.0,subgenre-current,novela naturalista,other,2000,word,zscore,0
209,9,0.16584348678588867,0.012221813201904297,0.8888888888888888,0.9090909090909091,0.8333333333333334,1.0,1.0,1.0,1.0,1.0,subgenre-current,novela naturalista,other,2000,word,zscore,0
210,0,0.1652052402496338,0.011958122253417969,0.7777777777777778,0.8,0.6666666666666666,1.0,1.0,1.0,1.0,1.0,subgenre-current,novela naturalista,other,2000,word,zscore,1
211,1,0.16396141052246094,0.011917591094970703,0.7777777777777778,0.75,0.75,0.75,1.0,1.0,1.0,1.0,subgenre-current,novela naturalista,other,2000,word,zscore,1
212,2,0.16455745697021484,0.011955738067626953,0.8888888888888888,0.888888888888889,0.8,1.0,1.0,1.0,1.0,1.0,subgenre-current,novela naturalista,other,2000,word,zscore,1
213,3,0.16492819786071777,0.01192474365234375,0.7777777777777778,0.75,0.75,0.75,1.0,1.0,1.0,1.0,subgenre-current,novela naturalista,other,2000,word,zscore,1
214,4,0.1644454002380371,0.011983394622802734,1.0,1.0,1.0,1.0,1.0,1.0,1.0,1.0,subgenre-current,novela naturalista,other,2000,word,zscore,1
215,5,0.16465449333190918,0.011983394622802734,0.8888888888888888,0.888888888888889,1.0,0.8,1.0,1.0,1.0,1.0,subgenre-current,novela naturalista,other,2000,word,zscore,1
216,6,0.16489720344543457,0.012060165405273438,1.0,1.0,1.0,1.0,1.0,1.0,1.0,1.0,subgenre-current,novela naturalista,other,2000,word,zscore,1
217,7,0.16411471366882324,0.012071847915649414,0.7777777777777778,0.8000000000000002,0.8,0.8,1.0,1.0,1.0,1.0,subgenre-current,novela naturalista,other,2000,word,zscore,1
218,8,0.1639878749847412,0.012060880661010742,0.7777777777777778,0.8000000000000002,0.8,0.8,1.0,1.0,1.0,1.0,subgenre-current,novela naturalista,other,2000,word,zscore,1
219,9,0.16875219345092773,0.012412309646606445,1.0,1.0,1.0,1.0,1.0,1.0,1.0,1.0,subgenre-current,novela naturalista,other,2000,word,zscore,1
220,0,0.1670513153076172,0.012112617492675781,1.0,1.0,1.0,1.0,1.0,1.0,1.0,1.0,subgenre-current,novela naturalista,other,2000,word,zscore,2
221,1,0.16667652130126953,0.012166500091552734,0.6666666666666666,0.6666666666666665,0.6,0.75,1.0,1.0,1.0,1.0,subgenre-current,novela naturalista,other,2000,word,zscore,2
222,2,0.16814470291137695,0.01221466064453125,1.0,1.0,1.0,1.0,1.0,1.0,1.0,1.0,subgenre-current,novela naturalista,other,2000,word,zscore,2
223,3,0.16707086563110352,0.012237787246704102,0.6666666666666666,0.6666666666666665,0.6,0.75,1.0,1.0,1.0,1.0,subgenre-current,novela naturalista,other,2000,word,zscore,2
224,4,0.16925930976867676,0.01214456558227539,0.7777777777777778,0.75,0.75,0.75,1.0,1.0,1.0,1.0,subgenre-current,novela naturalista,other,2000,word,zscore,2
225,5,0.16648387908935547,0.011999845504760742,0.6666666666666666,0.7272727272727272,0.6666666666666666,0.8,1.0,1.0,1.0,1.0,subgenre-current,novela naturalista,other,2000,word,zscore,2
226,6,0.1666879653930664,0.011952638626098633,1.0,1.0,1.0,1.0,1.0,1.0,1.0,1.0,subgenre-current,novela naturalista,other,2000,word,zscore,2
227,7,0.1663813591003418,0.011973142623901367,0.6666666666666666,0.7272727272727272,0.6666666666666666,0.8,1.0,1.0,1.0,1.0,subgenre-current,novela naturalista,other,2000,word,zscore,2
228,8,0.16602396965026855,0.011914253234863281,0.7777777777777778,0.8000000000000002,0.8,0.8,1.0,1.0,1.0,1.0,subgenre-current,novela naturalista,other,2000,word,zscore,2
229,9,0.16684865951538086,0.012023210525512695,1.0,1.0,1.0,1.0,1.0,1.0,1.0,1.0,subgenre-current,novela naturalista,other,2000,word,zscore,2
230,0,0.16646623611450195,0.011981010437011719,0.6666666666666666,0.7272727272727273,0.5714285714285714,1.0,1.0,1.0,1.0,1.0,subgenre-current,novela naturalista,other,2000,word,zscore,3
231,1,0.16614317893981934,0.011903762817382812,0.7777777777777778,0.75,0.75,0.75,1.0,1.0,1.0,1.0,subgenre-current,novela naturalista,other,2000,word,zscore,3
232,2,0.1663215160369873,0.011979103088378906,0.7777777777777778,0.8,0.6666666666666666,1.0,1.0,1.0,1.0,1.0,subgenre-current,novela naturalista,other,2000,word,zscore,3
233,3,0.16626667976379395,0.011924028396606445,0.8888888888888888,0.888888888888889,0.8,1.0,1.0,1.0,1.0,1.0,subgenre-current,novela naturalista,other,2000,word,zscore,3
234,4,0.16597604751586914,0.012142658233642578,0.7777777777777778,0.75,0.75,0.75,1.0,1.0,1.0,1.0,subgenre-current,novela naturalista,other,2000,word,zscore,3
235,5,0.16706514358520508,0.012089729309082031,0.7777777777777778,0.7499999999999999,1.0,0.6,1.0,1.0,1.0,1.0,subgenre-current,novela naturalista,other,2000,word,zscore,3
236,6,0.16895461082458496,0.012017488479614258,0.7777777777777778,0.8333333333333333,0.7142857142857143,1.0,1.0,1.0,1.0,1.0,subgenre-current,novela naturalista,other,2000,word,zscore,3
237,7,0.16702651977539062,0.012102127075195312,0.6666666666666666,0.7272727272727272,0.6666666666666666,0.8,1.0,1.0,1.0,1.0,subgenre-current,novela naturalista,other,2000,word,zscore,3
238,8,0.16747307777404785,0.01209712028503418,0.8888888888888888,0.888888888888889,1.0,0.8,1.0,1.0,1.0,1.0,subgenre-current,novela naturalista,other,2000,word,zscore,3
239,9,0.1676948070526123,0.012082815170288086,0.8888888888888888,0.888888888888889,1.0,0.8,1.0,1.0,1.0,1.0,subgenre-current,novela naturalista,other,2000,word,zscore,3
240,0,0.16559219360351562,0.01194453239440918,0.7777777777777778,0.8,0.6666666666666666,1.0,1.0,1.0,1.0,1.0,subgenre-current,novela naturalista,other,2000,word,zscore,4
241,1,0.16491413116455078,0.011947393417358398,0.7777777777777778,0.75,0.75,0.75,1.0,1.0,1.0,1.0,subgenre-current,novela naturalista,other,2000,word,zscore,4
242,2,0.16578030586242676,0.011871576309204102,0.6666666666666666,0.7272727272727273,0.5714285714285714,1.0,1.0,1.0,1.0,1.0,subgenre-current,novela naturalista,other,2000,word,zscore,4
243,3,0.1656632423400879,0.012097358703613281,0.7777777777777778,0.75,0.75,0.75,1.0,1.0,1.0,1.0,subgenre-current,novela naturalista,other,2000,word,zscore,4
244,4,0.1659374237060547,0.012077808380126953,0.7777777777777778,0.75,0.75,0.75,1.0,1.0,1.0,1.0,subgenre-current,novela naturalista,other,2000,word,zscore,4
245,5,0.16812467575073242,0.01208806037902832,0.8888888888888888,0.888888888888889,1.0,0.8,1.0,1.0,1.0,1.0,subgenre-current,novela naturalista,other,2000,word,zscore,4
246,6,0.1662752628326416,0.011958837509155273,0.6666666666666666,0.7272727272727272,0.6666666666666666,0.8,1.0,1.0,1.0,1.0,subgenre-current,novela naturalista,other,2000,word,zscore,4
247,7,0.1674027442932129,0.012781620025634766,0.7777777777777778,0.8000000000000002,0.8,0.8,1.0,1.0,1.0,1.0,subgenre-current,novela naturalista,other,2000,word,zscore,4
248,8,0.16571354866027832,0.011941909790039062,0.7777777777777778,0.8000000000000002,0.8,0.8,1.0,1.0,1.0,1.0,subgenre-current,novela naturalista,other,2000,word,zscore,4
249,9,0.16634488105773926,0.012001752853393555,0.8888888888888888,0.9090909090909091,0.8333333333333334,1.0,1.0,1.0,1.0,1.0,subgenre-current,novela naturalista,other,2000,word,zscore,4
250,0,0.1653919219970703,0.012079238891601562,0.8888888888888888,0.888888888888889,0.8,1.0,1.0,1.0,1.0,1.0,subgenre-current,novela naturalista,other,2000,word,zscore,5
251,1,0.16602587699890137,0.012030601501464844,0.7777777777777778,0.75,0.75,0.75,1.0,1.0,1.0,1.0,subgenre-current,novela naturalista,other,2000,word,zscore,5
252,2,0.1664893627166748,0.012082815170288086,0.8888888888888888,0.888888888888889,0.8,1.0,1.0,1.0,1.0,1.0,subgenre-current,novela naturalista,other,2000,word,zscore,5
253,3,0.1689305305480957,0.012228965759277344,0.7777777777777778,0.8,0.6666666666666666,1.0,1.0,1.0,1.0,1.0,subgenre-current,novela naturalista,other,2000,word,zscore,5
254,4,0.1647500991821289,0.011937379837036133,0.7777777777777778,0.75,0.75,0.75,1.0,1.0,1.0,1.0,subgenre-current,novela naturalista,other,2000,word,zscore,5
255,5,0.1642286777496338,0.011967182159423828,0.6666666666666666,0.6666666666666665,0.75,0.6,1.0,1.0,1.0,1.0,subgenre-current,novela naturalista,other,2000,word,zscore,5
256,6,0.16562962532043457,0.01208186149597168,1.0,1.0,1.0,1.0,1.0,1.0,1.0,1.0,subgenre-current,novela naturalista,other,2000,word,zscore,5
257,7,0.16696739196777344,0.012133598327636719,0.7777777777777778,0.8000000000000002,0.8,0.8,1.0,1.0,1.0,1.0,subgenre-current,novela naturalista,other,2000,word,zscore,5
258,8,0.16652774810791016,0.011986255645751953,0.7777777777777778,0.8000000000000002,0.8,0.8,1.0,1.0,1.0,1.0,subgenre-current,novela naturalista,other,2000,word,zscore,5
259,9,0.16547799110412598,0.012172222137451172,0.8888888888888888,0.9090909090909091,0.8333333333333334,1.0,1.0,1.0,1.0,1.0,subgenre-current,novela naturalista,other,2000,word,zscore,5
260,0,0.16775846481323242,0.012060880661010742,0.7777777777777778,0.8000000000000002,0.8,0.8,1.0,1.0,1.0,1.0,subgenre-current,novela naturalista,other,2000,word,zscore,6
261,1,0.16971421241760254,0.012206077575683594,0.5555555555555556,0.6666666666666666,0.5714285714285714,0.8,1.0,1.0,1.0,1.0,subgenre-current,novela naturalista,other,2000,word,zscore,6
262,2,0.16809439659118652,0.012098073959350586,0.8888888888888888,0.9090909090909091,0.8333333333333334,1.0,1.0,1.0,1.0,1.0,subgenre-current,novela naturalista,other,2000,word,zscore,6
263,3,0.16717052459716797,0.012125492095947266,0.6666666666666666,0.7692307692307693,0.625,1.0,1.0,1.0,1.0,1.0,subgenre-current,novela naturalista,other,2000,word,zscore,6
264,4,0.16871976852416992,0.012170076370239258,0.7777777777777778,0.7499999999999999,1.0,0.6,1.0,1.0,1.0,1.0,subgenre-current,novela naturalista,other,2000,word,zscore,6
265,5,0.16766619682312012,0.011943340301513672,0.8888888888888888,0.888888888888889,0.8,1.0,1.0,1.0,1.0,1.0,subgenre-current,novela naturalista,other,2000,word,zscore,6
266,6,0.16800594329833984,0.012129545211791992,1.0,1.0,1.0,1.0,1.0,1.0,1.0,1.0,subgenre-current,novela naturalista,other,2000,word,zscore,6
267,7,0.16680216789245605,0.012016057968139648,1.0,1.0,1.0,1.0,1.0,1.0,1.0,1.0,subgenre-current,novela naturalista,other,2000,word,zscore,6
268,8,0.16794562339782715,0.012128353118896484,0.6666666666666666,0.6666666666666665,0.6,0.75,1.0,1.0,1.0,1.0,subgenre-current,novela naturalista,other,2000,word,zscore,6
269,9,0.16916322708129883,0.012192010879516602,0.6666666666666666,0.5714285714285715,0.6666666666666666,0.5,1.0,1.0,1.0,1.0,subgenre-current,novela naturalista,other,2000,word,zscore,6
270,0,0.16757488250732422,0.011968851089477539,1.0,1.0,1.0,1.0,1.0,1.0,1.0,1.0,subgenre-current,novela naturalista,other,2000,word,zscore,7
271,1,0.16727089881896973,0.012174129486083984,0.6666666666666666,0.6666666666666665,0.6,0.75,1.0,1.0,1.0,1.0,subgenre-current,novela naturalista,other,2000,word,zscore,7
272,2,0.16541576385498047,0.012408256530761719,0.7777777777777778,0.8,0.6666666666666666,1.0,1.0,1.0,1.0,1.0,subgenre-current,novela naturalista,other,2000,word,zscore,7
273,3,0.16894841194152832,0.012132644653320312,0.7777777777777778,0.75,0.75,0.75,1.0,1.0,1.0,1.0,subgenre-current,novela naturalista,other,2000,word,zscore,7
274,4,0.16933774948120117,0.012303829193115234,0.7777777777777778,0.75,0.75,0.75,1.0,1.0,1.0,1.0,subgenre-current,novela naturalista,other,2000,word,zscore,7
275,5,0.16972565650939941,0.012126445770263672,0.8888888888888888,0.888888888888889,1.0,0.8,1.0,1.0,1.0,1.0,subgenre-current,novela naturalista,other,2000,word,zscore,7
276,6,0.16862177848815918,0.012099742889404297,0.8888888888888888,0.9090909090909091,0.8333333333333334,1.0,1.0,1.0,1.0,1.0,subgenre-current,novela naturalista,other,2000,word,zscore,7
277,7,0.16952800750732422,0.012128591537475586,0.6666666666666666,0.7272727272727272,0.6666666666666666,0.8,1.0,1.0,1.0,1.0,subgenre-current,novela naturalista,other,2000,word,zscore,7
278,8,0.1682758331298828,0.012129545211791992,0.8888888888888888,0.888888888888889,1.0,0.8,1.0,1.0,1.0,1.0,subgenre-current,novela naturalista,other,2000,word,zscore,7
279,9,0.17030715942382812,0.012186050415039062,0.8888888888888888,0.888888888888889,1.0,0.8,1.0,1.0,1.0,1.0,subgenre-current,novela naturalista,other,2000,word,zscore,7
280,0,0.16759657859802246,0.012049198150634766,0.7777777777777778,0.8,0.6666666666666666,1.0,1.0,1.0,1.0,1.0,subgenre-current,novela naturalista,other,2000,word,zscore,8
281,1,0.17007923126220703,0.012529611587524414,1.0,1.0,1.0,1.0,1.0,1.0,1.0,1.0,subgenre-current,novela naturalista,other,2000,word,zscore,8
282,2,0.16930389404296875,0.012153863906860352,0.7777777777777778,0.8,0.6666666666666666,1.0,1.0,1.0,1.0,1.0,subgenre-current,novela naturalista,other,2000,word,zscore,8
283,3,0.1959977149963379,0.012088775634765625,0.8888888888888888,0.8571428571428571,1.0,0.75,1.0,1.0,1.0,1.0,subgenre-current,novela naturalista,other,2000,word,zscore,8
284,4,0.16842412948608398,0.012115240097045898,0.8888888888888888,0.8571428571428571,1.0,0.75,1.0,1.0,1.0,1.0,subgenre-current,novela naturalista,other,2000,word,zscore,8
285,5,0.16750764846801758,0.012363433837890625,0.6666666666666666,0.6666666666666665,0.75,0.6,1.0,1.0,1.0,1.0,subgenre-current,novela naturalista,other,2000,word,zscore,8
286,6,0.16952133178710938,0.01220846176147461,0.7777777777777778,0.7499999999999999,1.0,0.6,1.0,1.0,1.0,1.0,subgenre-current,novela naturalista,other,2000,word,zscore,8
287,7,0.16738319396972656,0.01203012466430664,0.6666666666666666,0.6666666666666665,0.75,0.6,1.0,1.0,1.0,1.0,subgenre-current,novela naturalista,other,2000,word,zscore,8
288,8,0.1679849624633789,0.012105464935302734,0.6666666666666666,0.7272727272727272,0.6666666666666666,0.8,1.0,1.0,1.0,1.0,subgenre-current,novela naturalista,other,2000,word,zscore,8
289,9,0.16803622245788574,0.012159109115600586,0.8888888888888888,0.888888888888889,1.0,0.8,1.0,1.0,1.0,1.0,subgenre-current,novela naturalista,other,2000,word,zscore,8
290,0,0.1680593490600586,0.011999845504760742,0.8888888888888888,0.888888888888889,0.8,1.0,1.0,1.0,1.0,1.0,subgenre-current,novela naturalista,other,2000,word,zscore,9
291,1,0.16825628280639648,0.01204681396484375,0.6666666666666666,0.6666666666666665,0.6,0.75,1.0,1.0,1.0,1.0,subgenre-current,novela naturalista,other,2000,word,zscore,9
292,2,0.16878747940063477,0.011947154998779297,0.8888888888888888,0.888888888888889,0.8,1.0,1.0,1.0,1.0,1.0,subgenre-current,novela naturalista,other,2000,word,zscore,9
293,3,0.166656494140625,0.012051582336425781,0.6666666666666666,0.7272727272727273,0.5714285714285714,1.0,1.0,1.0,1.0,1.0,subgenre-current,novela naturalista,other,2000,word,zscore,9
294,4,0.16969823837280273,0.012085676193237305,0.7777777777777778,0.8,0.6666666666666666,1.0,1.0,1.0,1.0,1.0,subgenre-current,novela naturalista,other,2000,word,zscore,9
295,5,0.16788673400878906,0.012167692184448242,0.5555555555555556,0.5,0.6666666666666666,0.4,1.0,1.0,1.0,1.0,subgenre-current,novela naturalista,other,2000,word,zscore,9
296,6,0.1682751178741455,0.012085437774658203,0.7777777777777778,0.8333333333333333,0.7142857142857143,1.0,1.0,1.0,1.0,1.0,subgenre-current,novela naturalista,other,2000,word,zscore,9
297,7,0.16958236694335938,0.012224674224853516,0.8888888888888888,0.888888888888889,1.0,0.8,1.0,1.0,1.0,1.0,subgenre-current,novela naturalista,other,2000,word,zscore,9
298,8,0.16781115531921387,0.012236833572387695,0.8888888888888888,0.9090909090909091,0.8333333333333334,1.0,1.0,1.0,1.0,1.0,subgenre-current,novela naturalista,other,2000,word,zscore,9
299,9,0.1717052459716797,0.012117147445678711,0.8888888888888888,0.888888888888889,1.0,0.8,1.0,1.0,1.0,1.0,subgenre-current,novela naturalista,other,2000,word,zscore,9
300,0,0.1519010066986084,0.011945247650146484,0.8571428571428571,0.8571428571428571,1.0,0.75,1.0,1.0,1.0,1.0,subgenre-current,novela romántica,novela realista,2000,word,zscore,0
301,1,0.15227150917053223,0.012009143829345703,0.8571428571428571,0.888888888888889,0.8,1.0,1.0,1.0,1.0,1.0,subgenre-current,novela romántica,novela realista,2000,word,zscore,0
302,2,0.15408086776733398,0.012047052383422852,0.7142857142857143,0.6666666666666666,1.0,0.5,1.0,1.0,1.0,1.0,subgenre-current,novela romántica,novela realista,2000,word,zscore,0
303,3,0.15247368812561035,0.011963844299316406,0.8571428571428571,0.8571428571428571,1.0,0.75,1.0,1.0,1.0,1.0,subgenre-current,novela romántica,novela realista,2000,word,zscore,0
304,4,0.15218830108642578,0.012223482131958008,0.7142857142857143,0.75,0.75,0.75,1.0,1.0,1.0,1.0,subgenre-current,novela romántica,novela realista,2000,word,zscore,0
305,5,0.15287995338439941,0.012383222579956055,0.8571428571428571,0.8,1.0,0.6666666666666666,1.0,1.0,1.0,1.0,subgenre-current,novela romántica,novela realista,2000,word,zscore,0
306,6,0.1512620449066162,0.011991262435913086,0.8571428571428571,0.8571428571428571,0.75,1.0,1.0,1.0,1.0,1.0,subgenre-current,novela romántica,novela realista,2000,word,zscore,0
307,7,0.15383243560791016,0.012221336364746094,0.8571428571428571,0.8,1.0,0.6666666666666666,1.0,1.0,1.0,1.0,subgenre-current,novela romántica,novela realista,2000,word,zscore,0
308,8,0.1529839038848877,0.012107133865356445,0.8571428571428571,0.8571428571428571,0.75,1.0,1.0,1.0,1.0,1.0,subgenre-current,novela romántica,novela realista,2000,word,zscore,0
309,9,0.1529688835144043,0.012132406234741211,1.0,1.0,1.0,1.0,1.0,1.0,1.0,1.0,subgenre-current,novela romántica,novela realista,2000,word,zscore,0
310,0,0.15118956565856934,0.012048959732055664,0.7142857142857143,0.6666666666666666,0.6666666666666666,0.6666666666666666,1.0,1.0,1.0,1.0,subgenre-current,novela romántica,novela realista,2000,word,zscore,1
311,1,0.15267348289489746,0.012051105499267578,1.0,1.0,1.0,1.0,1.0,1.0,1.0,1.0,subgenre-current,novela romántica,novela realista,2000,word,zscore,1
312,2,0.1512300968170166,0.012094736099243164,1.0,1.0,1.0,1.0,1.0,1.0,1.0,1.0,subgenre-current,novela romántica,novela realista,2000,word,zscore,1
313,3,0.15299606323242188,0.012134552001953125,1.0,1.0,1.0,1.0,1.0,1.0,1.0,1.0,subgenre-current,novela romántica,novela realista,2000,word,zscore,1
314,4,0.1517317295074463,0.012060880661010742,0.8571428571428571,0.8571428571428571,0.75,1.0,1.0,1.0,1.0,1.0,subgenre-current,novela romántica,novela realista,2000,word,zscore,1
315,5,0.15044116973876953,0.012050867080688477,0.8571428571428571,0.8571428571428571,1.0,0.75,1.0,1.0,1.0,1.0,subgenre-current,novela romántica,novela realista,2000,word,zscore,1
316,6,0.1530303955078125,0.012129783630371094,1.0,1.0,1.0,1.0,1.0,1.0,1.0,1.0,subgenre-current,novela romántica,novela realista,2000,word,zscore,1
317,7,0.15142464637756348,0.012229204177856445,0.8571428571428571,0.8571428571428571,1.0,0.75,1.0,1.0,1.0,1.0,subgenre-current,novela romántica,novela realista,2000,word,zscore,1
318,8,0.15011048316955566,0.012047290802001953,0.8571428571428571,0.888888888888889,0.8,1.0,1.0,1.0,1.0,1.0,subgenre-current,novela romántica,novela realista,2000,word,zscore,1
319,9,0.15258407592773438,0.012128591537475586,1.0,1.0,1.0,1.0,1.0,1.0,1.0,1.0,subgenre-current,novela romántica,novela realista,2000,word,zscore,1
320,0,0.1523151397705078,0.011954545974731445,1.0,1.0,1.0,1.0,1.0,1.0,1.0,1.0,subgenre-current,novela romántica,novela realista,2000,word,zscore,2
321,1,0.15178155899047852,0.011936426162719727,1.0,1.0,1.0,1.0,1.0,1.0,1.0,1.0,subgenre-current,novela romántica,novela realista,2000,word,zscore,2
322,2,0.15245866775512695,0.011984825134277344,1.0,1.0,1.0,1.0,1.0,1.0,1.0,1.0,subgenre-current,novela romántica,novela realista,2000,word,zscore,2
323,3,0.15338540077209473,0.01193690299987793,1.0,1.0,1.0,1.0,1.0,1.0,1.0,1.0,subgenre-current,novela romántica,novela realista,2000,word,zscore,2
324,4,0.1540071964263916,0.012095451354980469,0.7142857142857143,0.6666666666666666,0.6666666666666666,0.6666666666666666,1.0,1.0,1.0,1.0,subgenre-current,novela romántica,novela realista,2000,word,zscore,2
325,5,0.15327668190002441,0.012001514434814453,0.8571428571428571,0.888888888888889,0.8,1.0,1.0,1.0,1.0,1.0,subgenre-current,novela romántica,novela realista,2000,word,zscore,2
326,6,0.15242648124694824,0.01194143295288086,1.0,1.0,1.0,1.0,1.0,1.0,1.0,1.0,subgenre-current,novela romántica,novela realista,2000,word,zscore,2
327,7,0.15214037895202637,0.011951923370361328,0.5714285714285714,0.6666666666666665,0.6,0.75,1.0,1.0,1.0,1.0,subgenre-current,novela romántica,novela realista,2000,word,zscore,2
328,8,0.15291786193847656,0.012031078338623047,0.8571428571428571,0.888888888888889,0.8,1.0,1.0,1.0,1.0,1.0,subgenre-current,novela romántica,novela realista,2000,word,zscore,2
329,9,0.1538071632385254,0.012001991271972656,1.0,1.0,1.0,1.0,1.0,1.0,1.0,1.0,subgenre-current,novela romántica,novela realista,2000,word,zscore,2
330,0,0.1522045135498047,0.012111902236938477,0.8571428571428571,0.8,1.0,0.6666666666666666,1.0,1.0,1.0,1.0,subgenre-current,novela romántica,novela realista,2000,word,zscore,3
331,1,0.15270519256591797,0.012088537216186523,1.0,1.0,1.0,1.0,1.0,1.0,1.0,1.0,subgenre-current,novela romántica,novela realista,2000,word,zscore,3
332,2,0.15322494506835938,0.012244224548339844,1.0,1.0,1.0,1.0,1.0,1.0,1.0,1.0,subgenre-current,novela romántica,novela realista,2000,word,zscore,3
333,3,0.15462779998779297,0.012335538864135742,0.8571428571428571,0.8571428571428571,0.75,1.0,1.0,1.0,1.0,1.0,subgenre-current,novela romántica,novela realista,2000,word,zscore,3
334,4,0.15275144577026367,0.01203465461730957,0.8571428571428571,0.8571428571428571,0.75,1.0,1.0,1.0,1.0,1.0,subgenre-current,novela romántica,novela realista,2000,word,zscore,3
335,5,0.1540982723236084,0.012195348739624023,0.7142857142857143,0.75,0.75,0.75,1.0,1.0,1.0,1.0,subgenre-current,novela romántica,novela realista,2000,word,zscore,3
336,6,0.15199756622314453,0.011973142623901367,0.8571428571428571,0.8571428571428571,1.0,0.75,1.0,1.0,1.0,1.0,subgenre-current,novela romántica,novela realista,2000,word,zscore,3
337,7,0.15109038352966309,0.01196432113647461,1.0,1.0,1.0,1.0,1.0,1.0,1.0,1.0,subgenre-current,novela romántica,novela realista,2000,word,zscore,3
338,8,0.15391755104064941,0.012003421783447266,0.8571428571428571,0.888888888888889,0.8,1.0,1.0,1.0,1.0,1.0,subgenre-current,novela romántica,novela realista,2000,word,zscore,3
339,9,0.15564274787902832,0.01207590103149414,1.0,1.0,1.0,1.0,1.0,1.0,1.0,1.0,subgenre-current,novela romántica,novela realista,2000,word,zscore,3
340,0,0.1504368782043457,0.011867523193359375,0.7142857142857143,0.6666666666666666,1.0,0.5,1.0,1.0,1.0,1.0,subgenre-current,novela romántica,novela realista,2000,word,zscore,4
341,1,0.1513979434967041,0.012042522430419922,0.8571428571428571,0.8571428571428571,1.0,0.75,1.0,1.0,1.0,1.0,subgenre-current,novela romántica,novela realista,2000,word,zscore,4
342,2,0.1532456874847412,0.012305736541748047,1.0,1.0,1.0,1.0,1.0,1.0,1.0,1.0,subgenre-current,novela romántica,novela realista,2000,word,zscore,4
343,3,0.15096569061279297,0.012003421783447266,0.8571428571428571,0.8571428571428571,1.0,0.75,1.0,1.0,1.0,1.0,subgenre-current,novela romántica,novela realista,2000,word,zscore,4
344,4,0.15128445625305176,0.01198720932006836,1.0,1.0,1.0,1.0,1.0,1.0,1.0,1.0,subgenre-current,novela romántica,novela realista,2000,word,zscore,4
345,5,0.15194487571716309,0.01195383071899414,1.0,1.0,1.0,1.0,1.0,1.0,1.0,1.0,subgenre-current,novela romántica,novela realista,2000,word,zscore,4
346,6,0.15095758438110352,0.01227116584777832,0.7142857142857143,0.6666666666666666,0.6666666666666666,0.6666666666666666,1.0,1.0,1.0,1.0,subgenre-current,novela romántica,novela realista,2000,word,zscore,4
347,7,0.15089797973632812,0.011928558349609375,1.0,1.0,1.0,1.0,1.0,1.0,1.0,1.0,subgenre-current,novela romántica,novela realista,2000,word,zscore,4
348,8,0.15184807777404785,0.012033462524414062,0.7142857142857143,0.7499999999999999,0.6,1.0,1.0,1.0,1.0,1.0,subgenre-current,novela romántica,novela realista,2000,word,zscore,4
349,9,0.15346503257751465,0.012084245681762695,1.0,1.0,1.0,1.0,1.0,1.0,1.0,1.0,subgenre-current,novela romántica,novela realista,2000,word,zscore,4
350,0,0.15079951286315918,0.01186823844909668,1.0,1.0,1.0,1.0,1.0,1.0,1.0,1.0,subgenre-current,novela romántica,novela realista,2000,word,zscore,5
351,1,0.15023303031921387,0.012059688568115234,1.0,1.0,1.0,1.0,1.0,1.0,1.0,1.0,subgenre-current,novela romántica,novela realista,2000,word,zscore,5
352,2,0.15323877334594727,0.012263298034667969,1.0,1.0,1.0,1.0,1.0,1.0,1.0,1.0,subgenre-current,novela romántica,novela realista,2000,word,zscore,5
353,3,0.1593303680419922,0.012513160705566406,0.8571428571428571,0.8571428571428571,0.75,1.0,1.0,1.0,1.0,1.0,subgenre-current,novela romántica,novela realista,2000,word,zscore,5
354,4,0.1562662124633789,0.01220250129699707,0.8571428571428571,0.8571428571428571,0.75,1.0,1.0,1.0,1.0,1.0,subgenre-current,novela romántica,novela realista,2000,word,zscore,5
355,5,0.1565084457397461,0.012350797653198242,0.7142857142857143,0.75,0.75,0.75,1.0,1.0,1.0,1.0,subgenre-current,novela romántica,novela realista,2000,word,zscore,5
356,6,0.15599322319030762,0.012310028076171875,0.7142857142857143,0.6666666666666666,1.0,0.5,1.0,1.0,1.0,1.0,subgenre-current,novela romántica,novela realista,2000,word,zscore,5
357,7,0.15719842910766602,0.012194633483886719,0.5714285714285714,0.5714285714285715,0.6666666666666666,0.5,1.0,1.0,1.0,1.0,subgenre-current,novela romántica,novela realista,2000,word,zscore,5
358,8,0.160538911819458,0.012345552444458008,1.0,1.0,1.0,1.0,1.0,1.0,1.0,1.0,subgenre-current,novela romántica,novela realista,2000,word,zscore,5
359,9,0.15255022048950195,0.012138843536376953,0.8571428571428571,0.8571428571428571,1.0,0.75,1.0,1.0,1.0,1.0,subgenre-current,novela romántica,novela realista,2000,word,zscore,5
360,0,0.1507425308227539,0.012076139450073242,0.8571428571428571,0.8,1.0,0.6666666666666666,1.0,1.0,1.0,1.0,subgenre-current,novela romántica,novela realista,2000,word,zscore,6
361,1,0.1523914337158203,0.012106895446777344,1.0,1.0,1.0,1.0,1.0,1.0,1.0,1.0,subgenre-current,novela romántica,novela realista,2000,word,zscore,6
362,2,0.151763916015625,0.012173891067504883,1.0,1.0,1.0,1.0,1.0,1.0,1.0,1.0,subgenre-current,novela romántica,novela realista,2000,word,zscore,6
363,3,0.1512751579284668,0.01217198371887207,0.8571428571428571,0.8571428571428571,0.75,1.0,1.0,1.0,1.0,1.0,subgenre-current,novela romántica,novela realista,2000,word,zscore,6
364,4,0.1529526710510254,0.012891530990600586,0.8571428571428571,0.8571428571428571,0.75,1.0,1.0,1.0,1.0,1.0,subgenre-current,novela romántica,novela realista,2000,word,zscore,6
365,5,0.15189218521118164,0.012113571166992188,0.8571428571428571,0.8571428571428571,1.0,0.75,1.0,1.0,1.0,1.0,subgenre-current,novela romántica,novela realista,2000,word,zscore,6
366,6,0.15588760375976562,0.012858152389526367,0.7142857142857143,0.6666666666666666,1.0,0.5,1.0,1.0,1.0,1.0,subgenre-current,novela romántica,novela realista,2000,word,zscore,6
367,7,0.15212750434875488,0.01226186752319336,0.8571428571428571,0.8571428571428571,1.0,0.75,1.0,1.0,1.0,1.0,subgenre-current,novela romántica,novela realista,2000,word,zscore,6
368,8,0.1528151035308838,0.012161016464233398,0.8571428571428571,0.888888888888889,0.8,1.0,1.0,1.0,1.0,1.0,subgenre-current,novela romántica,novela realista,2000,word,zscore,6
369,9,0.15375280380249023,0.01227712631225586,0.8571428571428571,0.8571428571428571,1.0,0.75,1.0,1.0,1.0,1.0,subgenre-current,novela romántica,novela realista,2000,word,zscore,6
370,0,0.15285992622375488,0.012006998062133789,0.8571428571428571,0.8571428571428571,0.75,1.0,1.0,1.0,1.0,1.0,subgenre-current,novela romántica,novela realista,2000,word,zscore,7
371,1,0.15306615829467773,0.012140989303588867,1.0,1.0,1.0,1.0,1.0,1.0,1.0,1.0,subgenre-current,novela romántica,novela realista,2000,word,zscore,7
372,2,0.15174078941345215,0.012037992477416992,1.0,1.0,1.0,1.0,1.0,1.0,1.0,1.0,subgenre-current,novela romántica,novela realista,2000,word,zscore,7
373,3,0.15271377563476562,0.011922597885131836,1.0,1.0,1.0,1.0,1.0,1.0,1.0,1.0,subgenre-current,novela romántica,novela realista,2000,word,zscore,7
374,4,0.15061330795288086,0.011959314346313477,0.5714285714285714,0.4,0.5,0.3333333333333333,1.0,1.0,1.0,1.0,subgenre-current,novela romántica,novela realista,2000,word,zscore,7
375,5,0.15161967277526855,0.012156009674072266,1.0,1.0,1.0,1.0,1.0,1.0,1.0,1.0,subgenre-current,novela romántica,novela realista,2000,word,zscore,7
376,6,0.15029215812683105,0.011930227279663086,0.8571428571428571,0.8571428571428571,1.0,0.75,1.0,1.0,1.0,1.0,subgenre-current,novela romántica,novela realista,2000,word,zscore,7
377,7,0.15140795707702637,0.012077808380126953,1.0,1.0,1.0,1.0,1.0,1.0,1.0,1.0,subgenre-current,novela romántica,novela realista,2000,word,zscore,7
378,8,0.15187430381774902,0.011911392211914062,0.7142857142857143,0.75,0.75,0.75,1.0,1.0,1.0,1.0,subgenre-current,novela romántica,novela realista,2000,word,zscore,7
379,9,0.15154170989990234,0.012080669403076172,1.0,1.0,1.0,1.0,1.0,1.0,1.0,1.0,subgenre-current,novela romántica,novela realista,2000,word,zscore,7
380,0,0.15239572525024414,0.011972665786743164,1.0,1.0,1.0,1.0,1.0,1.0,1.0,1.0,subgenre-current,novela romántica,novela realista,2000,word,zscore,8
381,1,0.15136051177978516,0.011989116668701172,0.8571428571428571,0.8,1.0,0.6666666666666666,1.0,1.0,1.0,1.0,subgenre-current,novela romántica,novela realista,2000,word,zscore,8
382,2,0.15068507194519043,0.012025594711303711,1.0,1.0,1.0,1.0,1.0,1.0,1.0,1.0,subgenre-current,novela romántica,novela realista,2000,word,zscore,8
383,3,0.15112566947937012,0.011972427368164062,1.0,1.0,1.0,1.0,1.0,1.0,1.0,1.0,subgenre-current,novela romántica,novela realista,2000,word,zscore,8
384,4,0.15052533149719238,0.012005805969238281,0.8571428571428571,0.8571428571428571,0.75,1.0,1.0,1.0,1.0,1.0,subgenre-current,novela romántica,novela realista,2000,word,zscore,8
385,5,0.1506519317626953,0.012166261672973633,0.8571428571428571,0.8571428571428571,1.0,0.75,1.0,1.0,1.0,1.0,subgenre-current,novela romántica,novela realista,2000,word,zscore,8
386,6,0.15115690231323242,0.012032747268676758,1.0,1.0,1.0,1.0,1.0,1.0,1.0,1.0,subgenre-current,novela romántica,novela realista,2000,word,zscore,8
387,7,0.15068387985229492,0.01205134391784668,1.0,1.0,1.0,1.0,1.0,1.0,1.0,1.0,subgenre-current,novela romántica,novela realista,2000,word,zscore,8
388,8,0.1525731086730957,0.01203775405883789,0.8571428571428571,0.888888888888889,0.8,1.0,1.0,1.0,1.0,1.0,subgenre-current,novela romántica,novela realista,2000,word,zscore,8
389,9,0.15147042274475098,0.012119293212890625,0.8571428571428571,0.8571428571428571,1.0,0.75,1.0,1.0,1.0,1.0,subgenre-current,novela romántica,novela realista,2000,word,zscore,8
390,0,0.14946985244750977,0.011888265609741211,0.8571428571428571,0.8571428571428571,0.75,1.0,1.0,1.0,1.0,1.0,subgenre-current,novela romántica,novela realista,2000,word,zscore,9
391,1,0.15047049522399902,0.011930465698242188,1.0,1.0,1.0,1.0,1.0,1.0,1.0,1.0,subgenre-current,novela romántica,novela realista,2000,word,zscore,9
392,2,0.14946770668029785,0.011861801147460938,1.0,1.0,1.0,1.0,1.0,1.0,1.0,1.0,subgenre-current,novela romántica,novela realista,2000,word,zscore,9
393,3,0.1508502960205078,0.011942625045776367,1.0,1.0,1.0,1.0,1.0,1.0,1.0,1.0,subgenre-current,novela romántica,novela realista,2000,word,zscore,9
394,4,0.15032458305358887,0.01228475570678711,0.7142857142857143,0.6666666666666666,0.6666666666666666,0.6666666666666666,1.0,1.0,1.0,1.0,subgenre-current,novela romántica,novela realista,2000,word,zscore,9
395,5,0.1518862247467041,0.011934757232666016,0.7142857142857143,0.6666666666666666,1.0,0.5,1.0,1.0,1.0,1.0,subgenre-current,novela romántica,novela realista,2000,word,zscore,9
396,6,0.14961934089660645,0.011890888214111328,1.0,1.0,1.0,1.0,1.0,1.0,1.0,1.0,subgenre-current,novela romántica,novela realista,2000,word,zscore,9
397,7,0.16833019256591797,0.01193690299987793,0.7142857142857143,0.75,0.75,0.75,1.0,1.0,1.0,1.0,subgenre-current,novela romántica,novela realista,2000,word,zscore,9
398,8,0.1507585048675537,0.011914253234863281,1.0,1.0,1.0,1.0,1.0,1.0,1.0,1.0,subgenre-current,novela romántica,novela realista,2000,word,zscore,9
399,9,0.15157294273376465,0.0119476318359375,1.0,1.0,1.0,1.0,1.0,1.0,1.0,1.0,subgenre-current,novela romántica,novela realista,2000,word,zscore,9
400,0,0.1654808521270752,0.012348175048828125,1.0,1.0,1.0,1.0,1.0,1.0,1.0,1.0,subgenre-current,novela romántica,novela naturalista,2000,word,zscore,0
401,1,0.16359162330627441,0.012155771255493164,0.8888888888888888,0.888888888888889,1.0,0.8,1.0,1.0,1.0,1.0,subgenre-current,novela romántica,novela naturalista,2000,word,zscore,0
402,2,0.1636202335357666,0.011964082717895508,1.0,1.0,1.0,1.0,1.0,1.0,1.0,1.0,subgenre-current,novela romántica,novela naturalista,2000,word,zscore,0
403,3,0.16427278518676758,0.011973142623901367,0.7777777777777778,0.8000000000000002,0.8,0.8,1.0,1.0,1.0,1.0,subgenre-current,novela romántica,novela naturalista,2000,word,zscore,0
404,4,0.16463470458984375,0.012341976165771484,0.7777777777777778,0.7499999999999999,1.0,0.6,1.0,1.0,1.0,1.0,subgenre-current,novela romántica,novela naturalista,2000,word,zscore,0
405,5,0.16538023948669434,0.012405157089233398,0.7777777777777778,0.75,0.75,0.75,1.0,1.0,1.0,1.0,subgenre-current,novela romántica,novela naturalista,2000,word,zscore,0
406,6,0.16327238082885742,0.011905670166015625,1.0,1.0,1.0,1.0,1.0,1.0,1.0,1.0,subgenre-current,novela romántica,novela naturalista,2000,word,zscore,0
407,7,0.1648235321044922,0.012148380279541016,0.7777777777777778,0.75,0.75,0.75,1.0,1.0,1.0,1.0,subgenre-current,novela romántica,novela naturalista,2000,word,zscore,0
408,8,0.16404366493225098,0.01197957992553711,0.6666666666666666,0.5714285714285715,0.6666666666666666,0.5,1.0,1.0,1.0,1.0,subgenre-current,novela romántica,novela naturalista,2000,word,zscore,0
409,9,0.165266752243042,0.012130260467529297,0.8888888888888888,0.8571428571428571,1.0,0.75,1.0,1.0,1.0,1.0,subgenre-current,novela romántica,novela naturalista,2000,word,zscore,0
410,0,0.16585779190063477,0.01222848892211914,1.0,1.0,1.0,1.0,1.0,1.0,1.0,1.0,subgenre-current,novela romántica,novela naturalista,2000,word,zscore,1
411,1,0.16534185409545898,0.012499332427978516,0.7777777777777778,0.8000000000000002,0.8,0.8,1.0,1.0,1.0,1.0,subgenre-current,novela romántica,novela naturalista,2000,word,zscore,1
412,2,0.18071556091308594,0.016028404235839844,0.8888888888888888,0.888888888888889,1.0,0.8,1.0,1.0,1.0,1.0,subgenre-current,novela romántica,novela naturalista,2000,word,zscore,1
413,3,0.16872048377990723,0.012135744094848633,0.7777777777777778,0.8000000000000002,0.8,0.8,1.0,1.0,1.0,1.0,subgenre-current,novela romántica,novela naturalista,2000,word,zscore,1
414,4,0.16489577293395996,0.012106657028198242,0.7777777777777778,0.7499999999999999,1.0,0.6,1.0,1.0,1.0,1.0,subgenre-current,novela romántica,novela naturalista,2000,word,zscore,1
415,5,0.16459131240844727,0.012163877487182617,0.8888888888888888,0.888888888888889,0.8,1.0,1.0,1.0,1.0,1.0,subgenre-current,novela romántica,novela naturalista,2000,word,zscore,1
416,6,0.16757631301879883,0.012230634689331055,1.0,1.0,1.0,1.0,1.0,1.0,1.0,1.0,subgenre-current,novela romántica,novela naturalista,2000,word,zscore,1
417,7,0.16526031494140625,0.012195348739624023,0.7777777777777778,0.75,0.75,0.75,1.0,1.0,1.0,1.0,subgenre-current,novela romántica,novela naturalista,2000,word,zscore,1
418,8,0.16570329666137695,0.012155771255493164,0.7777777777777778,0.75,0.75,0.75,1.0,1.0,1.0,1.0,subgenre-current,novela romántica,novela naturalista,2000,word,zscore,1
419,9,0.18877434730529785,0.012254714965820312,1.0,1.0,1.0,1.0,1.0,1.0,1.0,1.0,subgenre-current,novela romántica,novela naturalista,2000,word,zscore,1
420,0,0.1876671314239502,0.012111425399780273,1.0,1.0,1.0,1.0,1.0,1.0,1.0,1.0,subgenre-current,novela romántica,novela naturalista,2000,word,zscore,2
421,1,0.1659402847290039,0.012167930603027344,0.8888888888888888,0.9090909090909091,0.8333333333333334,1.0,1.0,1.0,1.0,1.0,subgenre-current,novela romántica,novela naturalista,2000,word,zscore,2
422,2,0.16662216186523438,0.012148857116699219,1.0,1.0,1.0,1.0,1.0,1.0,1.0,1.0,subgenre-current,novela romántica,novela naturalista,2000,word,zscore,2
423,3,0.16541695594787598,0.012163639068603516,0.8888888888888888,0.888888888888889,1.0,0.8,1.0,1.0,1.0,1.0,subgenre-current,novela romántica,novela naturalista,2000,word,zscore,2
424,4,0.16807317733764648,0.0123443603515625,1.0,1.0,1.0,1.0,1.0,1.0,1.0,1.0,subgenre-current,novela romántica,novela naturalista,2000,word,zscore,2
425,5,0.16456890106201172,0.01226663589477539,0.5555555555555556,0.3333333333333333,0.5,0.25,1.0,1.0,1.0,1.0,subgenre-current,novela romántica,novela naturalista,2000,word,zscore,2
426,6,0.16531825065612793,0.012148618698120117,0.8888888888888888,0.8571428571428571,1.0,0.75,1.0,1.0,1.0,1.0,subgenre-current,novela romántica,novela naturalista,2000,word,zscore,2
427,7,0.16394567489624023,0.011986255645751953,0.8888888888888888,0.888888888888889,0.8,1.0,1.0,1.0,1.0,1.0,subgenre-current,novela romántica,novela naturalista,2000,word,zscore,2
428,8,0.16513657569885254,0.012201070785522461,0.6666666666666666,0.5714285714285715,0.6666666666666666,0.5,1.0,1.0,1.0,1.0,subgenre-current,novela romántica,novela naturalista,2000,word,zscore,2
429,9,0.1665651798248291,0.012181997299194336,1.0,1.0,1.0,1.0,1.0,1.0,1.0,1.0,subgenre-current,novela romántica,novela naturalista,2000,word,zscore,2
430,0,0.16402554512023926,0.012099981307983398,0.8888888888888888,0.888888888888889,1.0,0.8,1.0,1.0,1.0,1.0,subgenre-current,novela romántica,novela naturalista,2000,word,zscore,3
431,1,0.1651606559753418,0.012056589126586914,0.7777777777777778,0.8000000000000002,0.8,0.8,1.0,1.0,1.0,1.0,subgenre-current,novela romántica,novela naturalista,2000,word,zscore,3
432,2,0.16376209259033203,0.011951446533203125,0.6666666666666666,0.5714285714285715,1.0,0.4,1.0,1.0,1.0,1.0,subgenre-current,novela romántica,novela naturalista,2000,word,zscore,3
433,3,0.16357660293579102,0.012082815170288086,0.7777777777777778,0.8000000000000002,0.8,0.8,1.0,1.0,1.0,1.0,subgenre-current,novela romántica,novela naturalista,2000,word,zscore,3
434,4,0.1641995906829834,0.012073278427124023,1.0,1.0,1.0,1.0,1.0,1.0,1.0,1.0,subgenre-current,novela romántica,novela naturalista,2000,word,zscore,3
435,5,0.164107084274292,0.012166023254394531,0.8888888888888888,0.888888888888889,0.8,1.0,1.0,1.0,1.0,1.0,subgenre-current,novela romántica,novela naturalista,2000,word,zscore,3
436,6,0.1648850440979004,0.012324810028076172,1.0,1.0,1.0,1.0,1.0,1.0,1.0,1.0,subgenre-current,novela romántica,novela naturalista,2000,word,zscore,3
437,7,0.16515326499938965,0.012267351150512695,0.8888888888888888,0.888888888888889,0.8,1.0,1.0,1.0,1.0,1.0,subgenre-current,novela romántica,novela naturalista,2000,word,zscore,3
438,8,0.16501259803771973,0.012181520462036133,0.7777777777777778,0.75,0.75,0.75,1.0,1.0,1.0,1.0,subgenre-current,novela romántica,novela naturalista,2000,word,zscore,3
439,9,0.16563034057617188,0.012221336364746094,1.0,1.0,1.0,1.0,1.0,1.0,1.0,1.0,subgenre-current,novela romántica,novela naturalista,2000,word,zscore,3
440,0,0.16487598419189453,0.012109041213989258,0.8888888888888888,0.888888888888889,1.0,0.8,1.0,1.0,1.0,1.0,subgenre-current,novela romántica,novela naturalista,2000,word,zscore,4
441,1,0.1656951904296875,0.012104511260986328,0.6666666666666666,0.6666666666666665,0.75,0.6,1.0,1.0,1.0,1.0,subgenre-current,novela romántica,novela naturalista,2000,word,zscore,4
442,2,0.16422367095947266,0.01230931282043457,1.0,1.0,1.0,1.0,1.0,1.0,1.0,1.0,subgenre-current,novela romántica,novela naturalista,2000,word,zscore,4
443,3,0.16311001777648926,0.012182235717773438,0.7777777777777778,0.8000000000000002,0.8,0.8,1.0,1.0,1.0,1.0,subgenre-current,novela romántica,novela naturalista,2000,word,zscore,4
444,4,0.16524219512939453,0.01219940185546875,1.0,1.0,1.0,1.0,1.0,1.0,1.0,1.0,subgenre-current,novela romántica,novela naturalista,2000,word,zscore,4
445,5,0.16686701774597168,0.012157917022705078,0.7777777777777778,0.75,0.75,0.75,1.0,1.0,1.0,1.0,subgenre-current,novela romántica,novela naturalista,2000,word,zscore,4
446,6,0.16407060623168945,0.012055397033691406,1.0,1.0,1.0,1.0,1.0,1.0,1.0,1.0,subgenre-current,novela romántica,novela naturalista,2000,word,zscore,4
447,7,0.16408967971801758,0.012208223342895508,0.8888888888888888,0.888888888888889,0.8,1.0,1.0,1.0,1.0,1.0,subgenre-current,novela romántica,novela naturalista,2000,word,zscore,4
448,8,0.16251683235168457,0.012120246887207031,0.6666666666666666,0.5714285714285715,0.6666666666666666,0.5,1.0,1.0,1.0,1.0,subgenre-current,novela romántica,novela naturalista,2000,word,zscore,4
449,9,0.16310524940490723,0.012241125106811523,0.8888888888888888,0.8571428571428571,1.0,0.75,1.0,1.0,1.0,1.0,subgenre-current,novela romántica,novela naturalista,2000,word,zscore,4
450,0,0.16402864456176758,0.012141942977905273,0.8888888888888888,0.888888888888889,1.0,0.8,1.0,1.0,1.0,1.0,subgenre-current,novela romántica,novela naturalista,2000,word,zscore,5
451,1,0.16238093376159668,0.011987447738647461,0.7777777777777778,0.7499999999999999,1.0,0.6,1.0,1.0,1.0,1.0,subgenre-current,novela romántica,novela naturalista,2000,word,zscore,5
452,2,0.1629352569580078,0.012096881866455078,0.8888888888888888,0.888888888888889,1.0,0.8,1.0,1.0,1.0,1.0,subgenre-current,novela romántica,novela naturalista,2000,word,zscore,5
453,3,0.1656036376953125,0.012026786804199219,1.0,1.0,1.0,1.0,1.0,1.0,1.0,1.0,subgenre-current,novela romántica,novela naturalista,2000,word,zscore,5
454,4,0.16465353965759277,0.011841058731079102,0.8888888888888888,0.888888888888889,1.0,0.8,1.0,1.0,1.0,1.0,subgenre-current,novela romántica,novela naturalista,2000,word,zscore,5
455,5,0.16296839714050293,0.012085914611816406,0.8888888888888888,0.888888888888889,0.8,1.0,1.0,1.0,1.0,1.0,subgenre-current,novela romántica,novela naturalista,2000,word,zscore,5
456,6,0.16309285163879395,0.011922597885131836,0.8888888888888888,0.8571428571428571,1.0,0.75,1.0,1.0,1.0,1.0,subgenre-current,novela romántica,novela naturalista,2000,word,zscore,5
457,7,0.16342949867248535,0.012102127075195312,1.0,1.0,1.0,1.0,1.0,1.0,1.0,1.0,subgenre-current,novela romántica,novela naturalista,2000,word,zscore,5
458,8,0.16430330276489258,0.012381315231323242,0.8888888888888888,0.888888888888889,0.8,1.0,1.0,1.0,1.0,1.0,subgenre-current,novela romántica,novela naturalista,2000,word,zscore,5
459,9,0.16466832160949707,0.011971235275268555,0.8888888888888888,0.8571428571428571,1.0,0.75,1.0,1.0,1.0,1.0,subgenre-current,novela romántica,novela naturalista,2000,word,zscore,5
460,0,0.163787841796875,0.01204061508178711,1.0,1.0,1.0,1.0,1.0,1.0,1.0,1.0,subgenre-current,novela romántica,novela naturalista,2000,word,zscore,6
461,1,0.16451668739318848,0.011991739273071289,0.8888888888888888,0.9090909090909091,0.8333333333333334,1.0,1.0,1.0,1.0,1.0,subgenre-current,novela romántica,novela naturalista,2000,word,zscore,6
462,2,0.17138457298278809,0.013394355773925781,0.8888888888888888,0.888888888888889,1.0,0.8,1.0,1.0,1.0,1.0,subgenre-current,novela romántica,novela naturalista,2000,word,zscore,6
463,3,0.1642932891845703,0.012131214141845703,0.7777777777777778,0.8000000000000002,0.8,0.8,1.0,1.0,1.0,1.0,subgenre-current,novela romántica,novela naturalista,2000,word,zscore,6
464,4,0.16480779647827148,0.012077569961547852,0.8888888888888888,0.888888888888889,1.0,0.8,1.0,1.0,1.0,1.0,subgenre-current,novela romántica,novela naturalista,2000,word,zscore,6
465,5,0.1659400463104248,0.012166976928710938,0.8888888888888888,0.888888888888889,0.8,1.0,1.0,1.0,1.0,1.0,subgenre-current,novela romántica,novela naturalista,2000,word,zscore,6
466,6,0.1654977798461914,0.012266397476196289,0.8888888888888888,0.8571428571428571,1.0,0.75,1.0,1.0,1.0,1.0,subgenre-current,novela romántica,novela naturalista,2000,word,zscore,6
467,7,0.16510224342346191,0.012221574783325195,0.8888888888888888,0.888888888888889,0.8,1.0,1.0,1.0,1.0,1.0,subgenre-current,novela romántica,novela naturalista,2000,word,zscore,6
468,8,0.16470646858215332,0.01230001449584961,0.5555555555555556,0.3333333333333333,0.5,0.25,1.0,1.0,1.0,1.0,subgenre-current,novela romántica,novela naturalista,2000,word,zscore,6
469,9,0.1645662784576416,0.012085437774658203,1.0,1.0,1.0,1.0,1.0,1.0,1.0,1.0,subgenre-current,novela romántica,novela naturalista,2000,word,zscore,6
470,0,0.16449308395385742,0.011987447738647461,1.0,1.0,1.0,1.0,1.0,1.0,1.0,1.0,subgenre-current,novela romántica,novela naturalista,2000,word,zscore,7
471,1,0.16359496116638184,0.012091875076293945,0.7777777777777778,0.75,0.75,0.75,1.0,1.0,1.0,1.0,subgenre-current,novela romántica,novela naturalista,2000,word,zscore,7
472,2,0.16228771209716797,0.012081384658813477,0.8888888888888888,0.888888888888889,0.8,1.0,1.0,1.0,1.0,1.0,subgenre-current,novela romántica,novela naturalista,2000,word,zscore,7
473,3,0.16340923309326172,0.012068986892700195,0.8888888888888888,0.8571428571428571,1.0,0.75,1.0,1.0,1.0,1.0,subgenre-current,novela romántica,novela naturalista,2000,word,zscore,7
474,4,0.16414237022399902,0.012118339538574219,0.8888888888888888,0.888888888888889,0.8,1.0,1.0,1.0,1.0,1.0,subgenre-current,novela romántica,novela naturalista,2000,word,zscore,7
475,5,0.16425347328186035,0.012159585952758789,0.8888888888888888,0.888888888888889,1.0,0.8,1.0,1.0,1.0,1.0,subgenre-current,novela romántica,novela naturalista,2000,word,zscore,7
476,6,0.1622452735900879,0.012068033218383789,0.7777777777777778,0.8000000000000002,0.8,0.8,1.0,1.0,1.0,1.0,subgenre-current,novela romántica,novela naturalista,2000,word,zscore,7
477,7,0.1639564037322998,0.01213526725769043,0.8888888888888888,0.888888888888889,1.0,0.8,1.0,1.0,1.0,1.0,subgenre-current,novela romántica,novela naturalista,2000,word,zscore,7
478,8,0.16326212882995605,0.011923789978027344,0.8888888888888888,0.9090909090909091,0.8333333333333334,1.0,1.0,1.0,1.0,1.0,subgenre-current,novela romántica,novela naturalista,2000,word,zscore,7
479,9,0.16486191749572754,0.012161493301391602,1.0,1.0,1.0,1.0,1.0,1.0,1.0,1.0,subgenre-current,novela romántica,novela naturalista,2000,word,zscore,7
480,0,0.16248559951782227,0.012195110321044922,1.0,1.0,1.0,1.0,1.0,1.0,1.0,1.0,subgenre-current,novela romántica,novela naturalista,2000,word,zscore,8
481,1,0.16284871101379395,0.012140512466430664,0.8888888888888888,0.9090909090909091,0.8333333333333334,1.0,1.0,1.0,1.0,1.0,subgenre-current,novela romántica,novela naturalista,2000,word,zscore,8
482,2,0.16496825218200684,0.01210641860961914,0.7777777777777778,0.7499999999999999,1.0,0.6,1.0,1.0,1.0,1.0,subgenre-current,novela romántica,novela naturalista,2000,word,zscore,8
483,3,0.16311120986938477,0.011887073516845703,0.8888888888888888,0.9090909090909091,0.8333333333333334,1.0,1.0,1.0,1.0,1.0,subgenre-current,novela romántica,novela naturalista,2000,word,zscore,8
484,4,0.1623682975769043,0.012019634246826172,0.8888888888888888,0.888888888888889,1.0,0.8,1.0,1.0,1.0,1.0,subgenre-current,novela romántica,novela naturalista,2000,word,zscore,8
485,5,0.16168427467346191,0.012043237686157227,0.7777777777777778,0.75,0.75,0.75,1.0,1.0,1.0,1.0,subgenre-current,novela romántica,novela naturalista,2000,word,zscore,8
486,6,0.1630394458770752,0.012371540069580078,0.8888888888888888,0.8571428571428571,1.0,0.75,1.0,1.0,1.0,1.0,subgenre-current,novela romántica,novela naturalista,2000,word,zscore,8
487,7,0.1644744873046875,0.012323141098022461,0.8888888888888888,0.888888888888889,0.8,1.0,1.0,1.0,1.0,1.0,subgenre-current,novela romántica,novela naturalista,2000,word,zscore,8
488,8,0.1639542579650879,0.012076616287231445,0.8888888888888888,0.888888888888889,0.8,1.0,1.0,1.0,1.0,1.0,subgenre-current,novela romántica,novela naturalista,2000,word,zscore,8
489,9,0.16314172744750977,0.012678861618041992,1.0,1.0,1.0,1.0,1.0,1.0,1.0,1.0,subgenre-current,novela romántica,novela naturalista,2000,word,zscore,8
490,0,0.16467571258544922,0.012036561965942383,1.0,1.0,1.0,1.0,1.0,1.0,1.0,1.0,subgenre-current,novela romántica,novela naturalista,2000,word,zscore,9
491,1,0.16436195373535156,0.012126445770263672,0.8888888888888888,0.9090909090909091,0.8333333333333334,1.0,1.0,1.0,1.0,1.0,subgenre-current,novela romántica,novela naturalista,2000,word,zscore,9
492,2,0.1631782054901123,0.011970281600952148,1.0,1.0,1.0,1.0,1.0,1.0,1.0,1.0,subgenre-current,novela romántica,novela naturalista,2000,word,zscore,9
493,3,0.16325092315673828,0.012052774429321289,0.8888888888888888,0.888888888888889,1.0,0.8,1.0,1.0,1.0,1.0,subgenre-current,novela romántica,novela naturalista,2000,word,zscore,9
494,4,0.16266179084777832,0.012130260467529297,0.8888888888888888,0.888888888888889,1.0,0.8,1.0,1.0,1.0,1.0,subgenre-current,novela romántica,novela naturalista,2000,word,zscore,9
495,5,0.1641981601715088,0.012044906616210938,0.6666666666666666,0.5714285714285715,0.6666666666666666,0.5,1.0,1.0,1.0,1.0,subgenre-current,novela romántica,novela naturalista,2000,word,zscore,9
496,6,0.16363811492919922,0.012153148651123047,0.8888888888888888,0.8571428571428571,1.0,0.75,1.0,1.0,1.0,1.0,subgenre-current,novela romántica,novela naturalista,2000,word,zscore,9
497,7,0.16504192352294922,0.011960029602050781,1.0,1.0,1.0,1.0,1.0,1.0,1.0,1.0,subgenre-current,novela romántica,novela naturalista,2000,word,zscore,9
498,8,0.16335821151733398,0.012046098709106445,0.7777777777777778,0.75,0.75,0.75,1.0,1.0,1.0,1.0,subgenre-current,novela romántica,novela naturalista,2000,word,zscore,9
499,9,0.16393399238586426,0.011970043182373047,1.0,1.0,1.0,1.0,1.0,1.0,1.0,1.0,subgenre-current,novela romántica,novela naturalista,2000,word,zscore,9
500,0,0.15333199501037598,0.012084245681762695,0.8571428571428571,0.8571428571428571,1.0,0.75,1.0,1.0,1.0,1.0,subgenre-current,novela realista,novela naturalista,2000,word,zscore,0
501,1,0.15366029739379883,0.012050151824951172,0.8571428571428571,0.8571428571428571,1.0,0.75,1.0,1.0,1.0,1.0,subgenre-current,novela realista,novela naturalista,2000,word,zscore,0
502,2,0.15318727493286133,0.011880874633789062,0.7142857142857143,0.6666666666666666,1.0,0.5,1.0,1.0,1.0,1.0,subgenre-current,novela realista,novela naturalista,2000,word,zscore,0
503,3,0.15349054336547852,0.012027502059936523,0.8571428571428571,0.888888888888889,0.8,1.0,1.0,1.0,1.0,1.0,subgenre-current,novela realista,novela naturalista,2000,word,zscore,0
504,4,0.15322184562683105,0.011973857879638672,0.8571428571428571,0.8571428571428571,1.0,0.75,1.0,1.0,1.0,1.0,subgenre-current,novela realista,novela naturalista,2000,word,zscore,0
505,5,0.1519007682800293,0.012012004852294922,0.42857142857142855,0.5,0.4,0.6666666666666666,1.0,1.0,1.0,1.0,subgenre-current,novela realista,novela naturalista,2000,word,zscore,0
506,6,0.15355181694030762,0.011892557144165039,0.8571428571428571,0.8571428571428571,0.75,1.0,1.0,1.0,1.0,1.0,subgenre-current,novela realista,novela naturalista,2000,word,zscore,0
507,7,0.15221571922302246,0.012147188186645508,0.8571428571428571,0.8,1.0,0.6666666666666666,1.0,1.0,1.0,1.0,subgenre-current,novela realista,novela naturalista,2000,word,zscore,0
508,8,0.15367746353149414,0.012073993682861328,0.7142857142857143,0.5,1.0,0.3333333333333333,1.0,1.0,1.0,1.0,subgenre-current,novela realista,novela naturalista,2000,word,zscore,0
509,9,0.15366053581237793,0.011983394622802734,1.0,1.0,1.0,1.0,1.0,1.0,1.0,1.0,subgenre-current,novela realista,novela naturalista,2000,word,zscore,0
510,0,0.15284466743469238,0.012572526931762695,0.7142857142857143,0.75,0.75,0.75,1.0,1.0,1.0,1.0,subgenre-current,novela realista,novela naturalista,2000,word,zscore,1
511,1,0.1547870635986328,0.012100458145141602,0.8571428571428571,0.8571428571428571,1.0,0.75,1.0,1.0,1.0,1.0,subgenre-current,novela realista,novela naturalista,2000,word,zscore,1
512,2,0.15558195114135742,0.012245893478393555,0.8571428571428571,0.8571428571428571,1.0,0.75,1.0,1.0,1.0,1.0,subgenre-current,novela realista,novela naturalista,2000,word,zscore,1
513,3,0.15462350845336914,0.012068986892700195,0.8571428571428571,0.8571428571428571,1.0,0.75,1.0,1.0,1.0,1.0,subgenre-current,novela realista,novela naturalista,2000,word,zscore,1
514,4,0.15435576438903809,0.012096643447875977,0.7142857142857143,0.75,0.75,0.75,1.0,1.0,1.0,1.0,subgenre-current,novela realista,novela naturalista,2000,word,zscore,1
515,5,0.15381503105163574,0.012076139450073242,0.7142857142857143,0.6666666666666666,0.6666666666666666,0.6666666666666666,1.0,1.0,1.0,1.0,subgenre-current,novela realista,novela naturalista,2000,word,zscore,1
516,6,0.15378308296203613,0.012085437774658203,1.0,1.0,1.0,1.0,1.0,1.0,1.0,1.0,subgenre-current,novela realista,novela naturalista,2000,word,zscore,1
517,7,0.15346169471740723,0.012713193893432617,0.7142857142857143,0.5,1.0,0.3333333333333333,1.0,1.0,1.0,1.0,subgenre-current,novela realista,novela naturalista,2000,word,zscore,1
518,8,0.15411949157714844,0.012098073959350586,0.5714285714285714,0.4,0.5,0.3333333333333333,1.0,1.0,1.0,1.0,subgenre-current,novela realista,novela naturalista,2000,word,zscore,1
519,9,0.15434646606445312,0.012134552001953125,1.0,1.0,1.0,1.0,1.0,1.0,1.0,1.0,subgenre-current,novela realista,novela naturalista,2000,word,zscore,1
520,0,0.15203070640563965,0.012080669403076172,0.5714285714285714,0.5714285714285715,0.6666666666666666,0.5,1.0,1.0,1.0,1.0,subgenre-current,novela realista,novela naturalista,2000,word,zscore,2
521,1,0.15232038497924805,0.012029170989990234,0.7142857142857143,0.6666666666666666,1.0,0.5,1.0,1.0,1.0,1.0,subgenre-current,novela realista,novela naturalista,2000,word,zscore,2
522,2,0.15294456481933594,0.01197195053100586,0.8571428571428571,0.8571428571428571,1.0,0.75,1.0,1.0,1.0,1.0,subgenre-current,novela realista,novela naturalista,2000,word,zscore,2
523,3,0.15290093421936035,0.01200556755065918,0.8571428571428571,0.888888888888889,0.8,1.0,1.0,1.0,1.0,1.0,subgenre-current,novela realista,novela naturalista,2000,word,zscore,2
524,4,0.1521303653717041,0.011968612670898438,0.7142857142857143,0.75,0.75,0.75,1.0,1.0,1.0,1.0,subgenre-current,novela realista,novela naturalista,2000,word,zscore,2
525,5,0.15320444107055664,0.01192021369934082,0.7142857142857143,0.7499999999999999,0.6,1.0,1.0,1.0,1.0,1.0,subgenre-current,novela realista,novela naturalista,2000,word,zscore,2
526,6,0.15411376953125,0.011983156204223633,0.8571428571428571,0.8571428571428571,0.75,1.0,1.0,1.0,1.0,1.0,subgenre-current,novela realista,novela naturalista,2000,word,zscore,2
527,7,0.15295624732971191,0.011919021606445312,1.0,1.0,1.0,1.0,1.0,1.0,1.0,1.0,subgenre-current,novela realista,novela naturalista,2000,word,zscore,2
528,8,0.15208077430725098,0.012003898620605469,0.5714285714285714,0.4,0.5,0.3333333333333333,1.0,1.0,1.0,1.0,subgenre-current,novela realista,novela naturalista,2000,word,zscore,2
529,9,0.15297222137451172,0.012000322341918945,0.8571428571428571,0.8571428571428571,0.75,1.0,1.0,1.0,1.0,1.0,subgenre-current,novela realista,novela naturalista,2000,word,zscore,2
530,0,0.1518573760986328,0.012064933776855469,0.7142857142857143,0.75,0.75,0.75,1.0,1.0,1.0,1.0,subgenre-current,novela realista,novela naturalista,2000,word,zscore,3
531,1,0.15395593643188477,0.012001752853393555,0.7142857142857143,0.6666666666666666,1.0,0.5,1.0,1.0,1.0,1.0,subgenre-current,novela realista,novela naturalista,2000,word,zscore,3
532,2,0.1520090103149414,0.012036323547363281,0.8571428571428571,0.8571428571428571,1.0,0.75,1.0,1.0,1.0,1.0,subgenre-current,novela realista,novela naturalista,2000,word,zscore,3
533,3,0.15177273750305176,0.01190185546875,0.7142857142857143,0.8,0.6666666666666666,1.0,1.0,1.0,1.0,1.0,subgenre-current,novela realista,novela naturalista,2000,word,zscore,3
534,4,0.152801513671875,0.012071609497070312,0.8571428571428571,0.8571428571428571,1.0,0.75,1.0,1.0,1.0,1.0,subgenre-current,novela realista,novela naturalista,2000,word,zscore,3
535,5,0.1503596305847168,0.011960744857788086,0.42857142857142855,0.5,0.4,0.6666666666666666,1.0,1.0,1.0,1.0,subgenre-current,novela realista,novela naturalista,2000,word,zscore,3
536,6,0.15227174758911133,0.012009143829345703,1.0,1.0,1.0,1.0,1.0,1.0,1.0,1.0,subgenre-current,novela realista,novela naturalista,2000,word,zscore,3
537,7,0.15266728401184082,0.012040138244628906,0.7142857142857143,0.6666666666666666,0.6666666666666666,0.6666666666666666,1.0,1.0,1.0,1.0,subgenre-current,novela realista,novela naturalista,2000,word,zscore,3
538,8,0.1516892910003662,0.01203012466430664,0.5714285714285714,0.0,0.0,0.0,1.0,1.0,1.0,1.0,subgenre-current,novela realista,novela naturalista,2000,word,zscore,3
539,9,0.15617871284484863,0.012050390243530273,1.0,1.0,1.0,1.0,1.0,1.0,1.0,1.0,subgenre-current,novela realista,novela naturalista,2000,word,zscore,3
540,0,0.1542665958404541,0.01200723648071289,0.5714285714285714,0.5714285714285715,0.6666666666666666,0.5,1.0,1.0,1.0,1.0,subgenre-current,novela realista,novela naturalista,2000,word,zscore,4
541,1,0.15315461158752441,0.012021303176879883,0.7142857142857143,0.6666666666666666,1.0,0.5,1.0,1.0,1.0,1.0,subgenre-current,novela realista,novela naturalista,2000,word,zscore,4
542,2,0.15415358543395996,0.011969804763793945,1.0,1.0,1.0,1.0,1.0,1.0,1.0,1.0,subgenre-current,novela realista,novela naturalista,2000,word,zscore,4
543,3,0.15458345413208008,0.011972427368164062,0.7142857142857143,0.75,0.75,0.75,1.0,1.0,1.0,1.0,subgenre-current,novela realista,novela naturalista,2000,word,zscore,4
544,4,0.15254998207092285,0.012081384658813477,0.7142857142857143,0.6666666666666666,1.0,0.5,1.0,1.0,1.0,1.0,subgenre-current,novela realista,novela naturalista,2000,word,zscore,4
545,5,0.15344977378845215,0.012143850326538086,0.5714285714285714,0.6666666666666666,0.5,1.0,1.0,1.0,1.0,1.0,subgenre-current,novela realista,novela naturalista,2000,word,zscore,4
546,6,0.15269851684570312,0.012155771255493164,1.0,1.0,1.0,1.0,1.0,1.0,1.0,1.0,subgenre-current,novela realista,novela naturalista,2000,word,zscore,4
547,7,0.15241456031799316,0.011979818344116211,0.8571428571428571,0.8571428571428571,0.75,1.0,1.0,1.0,1.0,1.0,subgenre-current,novela realista,novela naturalista,2000,word,zscore,4
548,8,0.1533524990081787,0.012089252471923828,0.5714285714285714,0.4,0.5,0.3333333333333333,1.0,1.0,1.0,1.0,subgenre-current,novela realista,novela naturalista,2000,word,zscore,4
549,9,0.15370821952819824,0.01208639144897461,1.0,1.0,1.0,1.0,1.0,1.0,1.0,1.0,subgenre-current,novela realista,novela naturalista,2000,word,zscore,4
550,0,0.15302038192749023,0.012178659439086914,0.7142857142857143,0.75,0.75,0.75,1.0,1.0,1.0,1.0,subgenre-current,novela realista,novela naturalista,2000,word,zscore,5
551,1,0.15168261528015137,0.012007951736450195,0.7142857142857143,0.6666666666666666,1.0,0.5,1.0,1.0,1.0,1.0,subgenre-current,novela realista,novela naturalista,2000,word,zscore,5
552,2,0.1525709629058838,0.011891365051269531,0.8571428571428571,0.8571428571428571,1.0,0.75,1.0,1.0,1.0,1.0,subgenre-current,novela realista,novela naturalista,2000,word,zscore,5
553,3,0.1523730754852295,0.011911392211914062,0.5714285714285714,0.5714285714285715,0.6666666666666666,0.5,1.0,1.0,1.0,1.0,subgenre-current,novela realista,novela naturalista,2000,word,zscore,5
554,4,0.1522819995880127,0.011915922164916992,0.5714285714285714,0.5714285714285715,0.6666666666666666,0.5,1.0,1.0,1.0,1.0,subgenre-current,novela realista,novela naturalista,2000,word,zscore,5
555,5,0.15189361572265625,0.011939048767089844,0.5714285714285714,0.6666666666666666,0.5,1.0,1.0,1.0,1.0,1.0,subgenre-current,novela realista,novela naturalista,2000,word,zscore,5
556,6,0.153794527053833,0.012071371078491211,1.0,1.0,1.0,1.0,1.0,1.0,1.0,1.0,subgenre-current,novela realista,novela naturalista,2000,word,zscore,5
557,7,0.15419459342956543,0.01219320297241211,0.8571428571428571,0.8,1.0,0.6666666666666666,1.0,1.0,1.0,1.0,subgenre-current,novela realista,novela naturalista,2000,word,zscore,5
558,8,0.15219426155090332,0.011993646621704102,0.5714285714285714,0.4,0.5,0.3333333333333333,1.0,1.0,1.0,1.0,subgenre-current,novela realista,novela naturalista,2000,word,zscore,5
559,9,0.15284276008605957,0.01201629638671875,1.0,1.0,1.0,1.0,1.0,1.0,1.0,1.0,subgenre-current,novela realista,novela naturalista,2000,word,zscore,5
560,0,0.15461087226867676,0.011935949325561523,0.8571428571428571,0.8571428571428571,1.0,0.75,1.0,1.0,1.0,1.0,subgenre-current,novela realista,novela naturalista,2000,word,zscore,6
561,1,0.18805527687072754,0.013624429702758789,0.7142857142857143,0.6666666666666666,1.0,0.5,1.0,1.0,1.0,1.0,subgenre-current,novela realista,novela naturalista,2000,word,zscore,6
562,2,0.15374398231506348,0.01192164421081543,0.7142857142857143,0.6666666666666666,1.0,0.5,1.0,1.0,1.0,1.0,subgenre-current,novela realista,novela naturalista,2000,word,zscore,6
563,3,0.15328574180603027,0.01222372055053711,0.8571428571428571,0.8571428571428571,1.0,0.75,1.0,1.0,1.0,1.0,subgenre-current,novela realista,novela naturalista,2000,word,zscore,6
564,4,0.15401792526245117,0.012060880661010742,0.7142857142857143,0.6666666666666666,1.0,0.5,1.0,1.0,1.0,1.0,subgenre-current,novela realista,novela naturalista,2000,word,zscore,6
565,5,0.15306639671325684,0.011884927749633789,0.5714285714285714,0.5714285714285715,0.5,0.6666666666666666,1.0,1.0,1.0,1.0,subgenre-current,novela realista,novela naturalista,2000,word,zscore,6
566,6,0.1533646583557129,0.011986732482910156,0.8571428571428571,0.8571428571428571,0.75,1.0,1.0,1.0,1.0,1.0,subgenre-current,novela realista,novela naturalista,2000,word,zscore,6
567,7,0.15281391143798828,0.011905670166015625,0.8571428571428571,0.8571428571428571,0.75,1.0,1.0,1.0,1.0,1.0,subgenre-current,novela realista,novela naturalista,2000,word,zscore,6
568,8,0.152693510055542,0.012029886245727539,0.5714285714285714,0.5714285714285715,0.5,0.6666666666666666,1.0,1.0,1.0,1.0,subgenre-current,novela realista,novela naturalista,2000,word,zscore,6
569,9,0.1543431282043457,0.012061595916748047,0.8571428571428571,0.8571428571428571,0.75,1.0,1.0,1.0,1.0,1.0,subgenre-current,novela realista,novela naturalista,2000,word,zscore,6
570,0,0.15839385986328125,0.012329816818237305,0.7142857142857143,0.6666666666666666,1.0,0.5,1.0,1.0,1.0,1.0,subgenre-current,novela realista,novela naturalista,2000,word,zscore,7
571,1,0.15836763381958008,0.012276411056518555,0.7142857142857143,0.6666666666666666,1.0,0.5,1.0,1.0,1.0,1.0,subgenre-current,novela realista,novela naturalista,2000,word,zscore,7
572,2,0.15595507621765137,0.012169837951660156,1.0,1.0,1.0,1.0,1.0,1.0,1.0,1.0,subgenre-current,novela realista,novela naturalista,2000,word,zscore,7
573,3,0.15684771537780762,0.012175559997558594,0.8571428571428571,0.888888888888889,0.8,1.0,1.0,1.0,1.0,1.0,subgenre-current,novela realista,novela naturalista,2000,word,zscore,7
574,4,0.15563488006591797,0.012150764465332031,0.8571428571428571,0.8571428571428571,1.0,0.75,1.0,1.0,1.0,1.0,subgenre-current,novela realista,novela naturalista,2000,word,zscore,7
575,5,0.1623239517211914,0.012125730514526367,0.8571428571428571,0.8571428571428571,0.75,1.0,1.0,1.0,1.0,1.0,subgenre-current,novela realista,novela naturalista,2000,word,zscore,7
576,6,0.1528153419494629,0.01201486587524414,0.8571428571428571,0.8571428571428571,0.75,1.0,1.0,1.0,1.0,1.0,subgenre-current,novela realista,novela naturalista,2000,word,zscore,7
577,7,0.15843558311462402,0.01200413703918457,1.0,1.0,1.0,1.0,1.0,1.0,1.0,1.0,subgenre-current,novela realista,novela naturalista,2000,word,zscore,7
578,8,0.16723132133483887,0.011936187744140625,0.7142857142857143,0.5,1.0,0.3333333333333333,1.0,1.0,1.0,1.0,subgenre-current,novela realista,novela naturalista,2000,word,zscore,7
579,9,0.1644132137298584,0.012038707733154297,0.8571428571428571,0.8571428571428571,0.75,1.0,1.0,1.0,1.0,1.0,subgenre-current,novela realista,novela naturalista,2000,word,zscore,7
580,0,0.15364289283752441,0.012211322784423828,0.7142857142857143,0.75,0.75,0.75,1.0,1.0,1.0,1.0,subgenre-current,novela realista,novela naturalista,2000,word,zscore,8
581,1,0.15538763999938965,0.01209402084350586,0.8571428571428571,0.8571428571428571,1.0,0.75,1.0,1.0,1.0,1.0,subgenre-current,novela realista,novela naturalista,2000,word,zscore,8
582,2,0.15316438674926758,0.01215672492980957,1.0,1.0,1.0,1.0,1.0,1.0,1.0,1.0,subgenre-current,novela realista,novela naturalista,2000,word,zscore,8
583,3,0.1530454158782959,0.012045145034790039,0.7142857142857143,0.75,0.75,0.75,1.0,1.0,1.0,1.0,subgenre-current,novela realista,novela naturalista,2000,word,zscore,8
584,4,0.15393447875976562,0.012048721313476562,0.7142857142857143,0.75,0.75,0.75,1.0,1.0,1.0,1.0,subgenre-current,novela realista,novela naturalista,2000,word,zscore,8
585,5,0.15249919891357422,0.012015819549560547,0.8571428571428571,0.8571428571428571,0.75,1.0,1.0,1.0,1.0,1.0,subgenre-current,novela realista,novela naturalista,2000,word,zscore,8
586,6,0.15315866470336914,0.012077569961547852,0.7142857142857143,0.7499999999999999,0.6,1.0,1.0,1.0,1.0,1.0,subgenre-current,novela realista,novela naturalista,2000,word,zscore,8
587,7,0.15491414070129395,0.012089014053344727,0.8571428571428571,0.8,1.0,0.6666666666666666,1.0,1.0,1.0,1.0,subgenre-current,novela realista,novela naturalista,2000,word,zscore,8
588,8,0.15334630012512207,0.012019872665405273,0.7142857142857143,0.6666666666666666,0.6666666666666666,0.6666666666666666,1.0,1.0,1.0,1.0,subgenre-current,novela realista,novela naturalista,2000,word,zscore,8
589,9,0.15347599983215332,0.012172937393188477,0.8571428571428571,0.8571428571428571,0.75,1.0,1.0,1.0,1.0,1.0,subgenre-current,novela realista,novela naturalista,2000,word,zscore,8
590,0,0.15626168251037598,0.012309789657592773,0.8571428571428571,0.8571428571428571,1.0,0.75,1.0,1.0,1.0,1.0,subgenre-current,novela realista,novela naturalista,2000,word,zscore,9
591,1,0.15668320655822754,0.01239776611328125,0.7142857142857143,0.6666666666666666,1.0,0.5,1.0,1.0,1.0,1.0,subgenre-current,novela realista,novela naturalista,2000,word,zscore,9
592,2,0.18141698837280273,0.012305974960327148,0.8571428571428571,0.888888888888889,0.8,1.0,1.0,1.0,1.0,1.0,subgenre-current,novela realista,novela naturalista,2000,word,zscore,9
593,3,0.15448904037475586,0.012164831161499023,0.8571428571428571,0.8571428571428571,1.0,0.75,1.0,1.0,1.0,1.0,subgenre-current,novela realista,novela naturalista,2000,word,zscore,9
594,4,0.1536405086517334,0.012090682983398438,0.7142857142857143,0.6666666666666666,1.0,0.5,1.0,1.0,1.0,1.0,subgenre-current,novela realista,novela naturalista,2000,word,zscore,9
595,5,0.15555095672607422,0.01224660873413086,0.7142857142857143,0.7499999999999999,0.6,1.0,1.0,1.0,1.0,1.0,subgenre-current,novela realista,novela naturalista,2000,word,zscore,9
596,6,0.1534745693206787,0.011929988861083984,0.7142857142857143,0.7499999999999999,0.6,1.0,1.0,1.0,1.0,1.0,subgenre-current,novela realista,novela naturalista,2000,word,zscore,9
597,7,0.15381169319152832,0.012281179428100586,1.0,1.0,1.0,1.0,1.0,1.0,1.0,1.0,subgenre-current,novela realista,novela naturalista,2000,word,zscore,9
598,8,0.15412187576293945,0.01208353042602539,0.7142857142857143,0.6666666666666666,0.6666666666666666,0.6666666666666666,1.0,1.0,1.0,1.0,subgenre-current,novela realista,novela naturalista,2000,word,zscore,9
599,9,0.16594147682189941,0.015070915222167969,1.0,1.0,1.0,1.0,1.0,1.0,1.0,1.0,subgenre-current,novela realista,novela naturalista,2000,word,zscore,9
